<?xml version="1.0" encoding="utf-8"?>
<COLLADA xmlns="http://www.collada.org/2005/11/COLLADASchema" version="1.4.1">
  <asset>
    <contributor>
      <author>Setsu</author>
      <authoring_tool>OpenCOLLADA for 3ds Max;  Version: 1.3.1;  Revision: 847M;  Platform: x64;  Configuration: Release_Max2012_static</authoring_tool>
      <source_data>file:///D:/_Work/webgl/models/man/animation/harpoon/wpn_harpoon_attack9.max</source_data>
    </contributor>
    <created>2012-09-04T14:30:51</created>
    <modified>2012-09-04T14:30:51</modified>
    <unit name="meter" meter="1"/>
    <up_axis>Z_UP</up_axis>
  </asset>
  <library_geometries>
    <geometry id="geom-Line001" name="Line001">
      <spline closed="0">
        <source id="geom-Line001-positions">
          <float_array id="geom-Line001-positions-array" count="21">1.155697 0.8408581 1.536583 0.2190984 1.207732 1.902505 -1.315959 0.6135856 2.095799 -0.9327776 -2.059208 1.887435 0.5811684 -2.793642 1.419947 2.406688 -1.636757 0.7770734 0.7576126 0.3800927 0.6596484</float_array>
          <technique_common>
            <accessor source="#geom-Line001-positions-array" count="7" stride="3">
              <param name="X" type="float"/>
              <param name="Y" type="float"/>
              <param name="Z" type="float"/>
            </accessor>
          </technique_common>
        </source>
        <source id="geom-Line001-intangents">
          <float_array id="geom-Line001-intangents-array" count="21">1.155697 0.8408581 1.536583 0.4371298 1.221884 1.809302 -1.149276 1.044499 2.07236 -2.125449 -0.9097269 2.145405 0.1601566 -2.758919 1.588991 2.200107 -2.476642 0.8960071 1.842947 -0.09230095 0.6187629</float_array>
          <technique_common>
            <accessor source="#geom-Line001-intangents-array" count="7" stride="3">
              <param name="X" type="float"/>
              <param name="Y" type="float"/>
              <param name="Z" type="float"/>
            </accessor>
          </technique_common>
        </source>
        <source id="geom-Line001-outtangents">
          <float_array id="geom-Line001-outtangents-array" count="21">0.8772378 1.051357 1.687328 -0.2048301 1.448933 1.995707 -1.454328 0.2312519 2.108445 -0.3473873 -2.576675 1.748722 1.304366 -2.844623 1.188982 2.535203 -0.7846318 0.6579046 0.7576126 0.3800927 0.6596484</float_array>
          <technique_common>
            <accessor source="#geom-Line001-outtangents-array" count="7" stride="3">
              <param name="X" type="float"/>
              <param name="Y" type="float"/>
              <param name="Z" type="float"/>
            </accessor>
          </technique_common>
        </source>
        <source id="geom-Line001-interpolations">
          <Name_array id="geom-Line001-interpolations-array" count="7">BEZIER BEZIER BEZIER BEZIER BEZIER BEZIER BEZIER</Name_array>
          <technique_common>
            <accessor source="#geom-Line001-interpolations-array" count="7" stride="1">
              <param name="INTERPOLATION" type="name"/>
            </accessor>
          </technique_common>
        </source>
        <control_vertices>
          <input semantic="POSITION" source="#geom-Line001-positions"/>
          <input semantic="IN_TANGENT" source="#geom-Line001-intangents"/>
          <input semantic="OUT_TANGENT" source="#geom-Line001-outtangents"/>
          <input semantic="INTERPOLATION" source="#geom-Line001-interpolations"/>
        </control_vertices>
      </spline>
    </geometry>
  </library_geometries>
  <library_lights>
    <light id="EnvironmentAmbientLight" name="EnvironmentAmbientLight">
      <technique_common>
        <ambient>
          <color>0.019608 0.019608 0.019608</color>
        </ambient>
      </technique_common>
    </light>
  </library_lights>
  <library_visual_scenes>
    <visual_scene id="MaxScene">
      <node name="EnvironmentAmbientLight">
        <instance_light url="#EnvironmentAmbientLight"/>
      </node>
      <node id="node-Bip001" name="Bip001">
        <matrix sid="matrix">0.9673256 -0.2376102 0.08844575 -0.1109681 0.2211049 0.9613038 0.16434 0.01394866 -0.1240721 -0.1394145 0.9824305 0.802147 0 0 0 1</matrix>
        <node id="node-Bip001_Pelvis" name="Bip001_Pelvis">
          <matrix sid="matrix">-3.50177e-7 0.9659262 0.2588176 0.02043331 0.03367057 -0.2586708 0.9653785 0.01812016 0.9994331 0.008714855 -0.03252317 0.005566776 0 0 0 1</matrix>
          <node id="node-Bip001_Spine" name="Bip001_Spine">
            <matrix sid="matrix">0.9756743 0.1799822 0.1251647 0.1062101 -0.1601882 0.9750859 -0.153451 0.01650931 -0.1496648 0.1296683 0.9801973 7.35641e-4 0 0 0 1</matrix>
            <node id="node-Bip001_Spine1" name="Bip001_Spine1">
              <matrix sid="matrix">0.9851808 -0.05404135 0.1627832 0.164641 0.02782328 0.9868497 0.1592285 -1.29394e-4 -0.1692474 -0.1523397 0.9737289 2.00011e-5 0 0 0 1</matrix>
              <node id="node-Bip001_Spine2" name="Bip001_Spine2">
                <matrix sid="matrix">0.9269843 -0.3175293 0.1996879 0.1646758 0.2631499 0.9298816 0.2570451 -1.21914e-4 -0.2673055 -0.185729 0.9455435 2.43783e-5 0 0 0 1</matrix>
                <node id="node-Bip001_Neck" name="Bip001_Neck">
                  <matrix sid="matrix">0.9728066 -0.1074089 -0.2052084 0.1743686 0.1779744 0.9136428 0.3654888 -0.007498026 0.1482305 -0.3920717 0.9079139 2.3663e-5 0 0 0 1</matrix>
                  <node id="node-Bip001_Head" name="Bip001_Head">
                    <matrix sid="matrix">0.9679444 0.1532993 0.1989548 0.08448017 -0.2505102 0.5320984 0.8087744 0.03011215 0.01812091 -0.832689 0.5534446 7.82311e-8 0 0 0 1</matrix>
                    <node id="node-Bip001_AngryBrowR" name="Bip001_AngryBrowR">
                      <matrix>0.001812056 -0.9852681 0.1710073 0.1354003 0.9995396 -0.003395714 -0.03015607 0.1043413 0.0302925 0.1709832 0.9848082 -0.01978302 0 0 0 1</matrix>
                    </node>
                    <node id="node-Bip001_SillyBrowL" name="Bip001_SillyBrowL">
                      <matrix>-0.004057378 -0.9597188 -0.280933 0.1346171 0.78679 0.1703331 -0.5932522 0.08548477 0.6172075 -0.2234423 0.7544059 0.05988091 0 0 0 1</matrix>
                    </node>
                    <node id="node-Bip001_SillyBrowR" name="Bip001_SillyBrowR">
                      <matrix>-0.004056789 -0.9597204 0.2809277 0.1346172 0.7867937 0.1703288 0.5932485 0.08548509 -0.6172028 0.2234389 0.754411 -0.05988047 0 0 0 1</matrix>
                    </node>
                    <node id="node-Bip001_jaw" name="Bip001_jaw">
                      <matrix>0.3710407 -0.9275405 -0.04469159 0.07394218 0.8026186 0.3445303 -0.4869316 0.01053738 0.4670464 0.1448011 0.8722959 -1.20401e-5 0 0 0 1</matrix>
                      <node id="node-Bip001_lowerLipL" name="Bip001_lowerLipL">
                        <matrix>-0.8336916 -0.3554321 -0.4226422 0.107451 0.3746174 -0.9263141 0.0400489 -0.0348357 -0.4057341 -0.1249408 0.9054112 0.009654522 0 0 0 1</matrix>
                      </node>
                      <node id="node-Bip001_lowerLipR" name="Bip001_lowerLipR">
                        <matrix>0.7819583 1.83471e-6 -0.6233305 0.1074492 -0.6233304 -4.05312e-6 -0.7819585 -0.03484035 -3.8594e-6 1 -2.05636e-6 -0.009658962 0 0 0 1</matrix>
                      </node>
                    </node>
                    <node id="node-Bip001_upperLipL" name="Bip001_upperLipL">
                      <matrix>-6.63102e-7 -6.24359e-6 -0.9999999 0.04530883 1 2.87779e-6 -7.22706e-7 0.116103 2.84612e-6 -0.9999999 6.27339e-6 0.00955528 0 0 0 1</matrix>
                    </node>
                    <node id="node-Bip001_upperLipR" name="Bip001_upperLipR">
                      <matrix>-6.85453e-7 -1.18017e-5 1 0.04530895 0.9999999 -2.67103e-6 7.15256e-7 0.1161031 2.70456e-6 0.9999999 1.18315e-5 -0.009554625 0 0 0 1</matrix>
                    </node>
                    <node id="node-Bip001_AngryBrowL" name="Bip001_AngryBrowL">
                      <matrix>0.001812071 -0.9852672 -0.1710127 0.1354004 0.9995397 -0.003394924 0.03015058 0.1043411 -0.03028695 -0.1709887 0.9848074 0.01978353 0 0 0 1</matrix>
                    </node>
                    <node id="node-Bone050" name="Bone050">
                      <matrix>-0.2718078 -4.02331e-7 0.9623518 0.1766742 -0.9409114 0.2099089 -0.2657521 0.01386483 -0.2020061 -0.977721 -0.05705521 -0.080042 0 0 0 1</matrix>
                      <node id="node-Bone051" name="Bone051">
                        <matrix>0.8727055 -0.06772886 0.4835261 0.06664181 0.04994025 0.9975202 0.04958951 0 -0.4856859 -0.01912965 0.8739238 2.38419e-7 0 0 0 1</matrix>
                        <node id="node-Bone052" name="Bone052">
                          <matrix>0.9062541 -0.3886849 0.1662162 0.05545187 0.271581 0.8366386 0.4756894 -2.98023e-8 -0.3239559 -0.3859543 0.8637663 -1.19209e-7 0 0 0 1</matrix>
                          <node id="node-Bone053" name="Bone053">
                            <matrix>0.8183509 -0.4357322 -0.3747522 0.0551728 0.1430369 -0.4771263 0.8671164 -1.49012e-8 -0.5566344 -0.763209 -0.3281312 0 0 0 0 1</matrix>
                            <node id="node-Bone054" name="Bone054">
                              <matrix>0.8138614 -0.1123603 -0.5700921 0.05649614 0.4602882 0.7234694 0.5145157 -5.96046e-8 0.354633 -0.681151 0.6405218 2.98023e-8 0 0 0 1</matrix>
                            </node>
                          </node>
                        </node>
                      </node>
                    </node>
                    <node id="node-Bone044" name="Bone044">
                      <matrix>-0.09140615 -3.8743e-7 0.9958137 0.2017386 -0.9919918 0.08753214 -0.09105525 0.01348137 -0.08716563 -0.9961616 -0.008001387 -0.0696471 0 0 0 1</matrix>
                      <node id="node-Bone045" name="Bone045">
                        <matrix>0.7861627 0.1194515 0.6063656 0.07249831 -0.08783492 0.9927797 -0.08169396 2.68221e-7 -0.611746 0.01096466 0.7909784 -1.43051e-6 0 0 0 1</matrix>
                        <node id="node-Bone046" name="Bone046">
                          <matrix>0.9278778 -0.2364843 0.288303 0.0625881 0.1528028 0.9464127 0.2845247 -1.49012e-7 -0.3401394 -0.2199505 0.9142908 4.05312e-6 0 0 0 1</matrix>
                          <node id="node-Bone047" name="Bone047">
                            <matrix>0.9307666 -0.3523222 0.09768245 0.06108749 0.17673 0.6674466 0.7233818 5.96046e-8 -0.3200614 -0.6560365 0.683503 -1.19209e-7 0 0 0 1</matrix>
                            <node id="node-Bone048" name="Bone048">
                              <matrix>0.9457324 0.2373301 -0.2219569 0.07517135 -0.2279812 -0.002116289 -0.9736635 -7.45058e-9 -0.2315491 0.9714271 0.0521052 -5.96046e-8 0 0 0 1</matrix>
                              <node id="node-Bone049" name="Bone049">
                                <matrix>0.8586522 0.1722122 -0.4827631 0.08048499 -0.4657755 0.6552923 -0.5946812 -1.19209e-7 0.2139394 0.7354832 0.64288 2.98023e-8 0 0 0 1</matrix>
                              </node>
                            </node>
                          </node>
                        </node>
                      </node>
                    </node>
                    <node id="node-Bone014" name="Bone014">
                      <matrix>-0.02865493 -3.12924e-7 0.9995888 0.2221859 -0.9993566 0.02160657 -0.02864821 0.00451275 -0.02159768 -0.9997666 -6.19411e-4 -0.05774581 0 0 0 1</matrix>
                      <node id="node-Bone015" name="Bone015">
                        <matrix>0.8968285 0.1569262 0.4136094 0.04459422 -0.1405922 0.9876003 -0.0698563 0 -0.419443 0.004498839 0.9077709 -3.69549e-6 0 0 0 1</matrix>
                        <node id="node-Bone016" name="Bone016">
                          <matrix>0.8073795 0.3848707 0.4472286 0.05171204 -0.2289694 0.9029423 -0.3636864 1.49012e-7 -0.5437937 0.1912311 0.8171406 1.19209e-7 0 0 0 1</matrix>
                          <node id="node-Bone017" name="Bone017">
                            <matrix>0.9567487 0.1163465 0.2666373 0.06625271 -0.06016746 0.9758648 -0.209923 -2.98023e-8 -0.2846259 0.1848008 0.9406573 -5.96046e-8 0 0 0 1</matrix>
                            <node id="node-Bone018" name="Bone018">
                              <matrix>0.9759617 -0.1837635 -0.1171753 0.0759263 0.2160517 0.7450927 0.6309979 1.49012e-7 -0.0286478 -0.6411459 0.7668843 -4.52995e-6 0 0 0 1</matrix>
                              <node id="node-Bone019" name="Bone019">
                                <matrix>0.9469508 -0.1838323 -0.2636099 0.05424249 0.2948284 0.8233756 0.4849015 -2.98023e-8 0.1279092 -0.5368977 0.8338952 0 0 0 0 1</matrix>
                                <node id="node-Bone020" name="Bone020">
                                  <matrix>0.7088868 -0.5135251 -0.4834985 0.1070501 0.4797027 -0.1515179 0.8642493 -1.49012e-8 -0.5170727 -0.8445905 0.1389304 0 0 0 0 1</matrix>
                                </node>
                              </node>
                            </node>
                          </node>
                        </node>
                      </node>
                    </node>
                    <node id="node-Bone006" name="Bone006">
                      <matrix>0.196101 -5.96046e-8 0.9805839 0.2309459 -0.9789099 0.05840609 0.1957663 0.03429444 -0.05727209 -0.9982929 0.01145345 -0.0269171 0 0 0 1</matrix>
                      <node id="node-Bone007" name="Bone007">
                        <matrix>0.9117424 -0.01410428 0.4105207 0.04605401 0.01401885 0.9998968 0.003218517 0 -0.4105237 0.002820596 0.9118456 0 0 0 0 1</matrix>
                        <node id="node-Bone008" name="Bone008">
                          <matrix>0.9392015 0.1158517 0.3232315 0.04755574 -0.1007923 0.9929103 -0.06300743 2.98023e-8 -0.3282395 0.02659743 0.9442203 -1.19209e-7 0 0 0 1</matrix>
                          <node id="node-Bone009" name="Bone009">
                            <matrix>0.908165 5.73516e-4 0.4186128 0.05169481 -3.70711e-4 0.9999999 -5.65723e-4 0 -0.4186128 3.58567e-4 0.9081648 -1.19209e-7 0 0 0 1</matrix>
                            <node id="node-Bone010" name="Bone010">
                              <matrix>0.9252816 -0.277404 0.2586523 0.06606352 0.1212468 0.8625091 0.4913011 -8.9407e-8 -0.3593791 -0.4232312 0.8316981 1.19209e-7 0 0 0 1</matrix>
                              <node id="node-Bone011" name="Bone011">
                                <matrix>0.9589167 -0.2158549 -0.1840784 0.06010842 0.2631019 0.4340237 0.8616268 7.45058e-8 -0.1060918 -0.87466 0.4729846 5.96046e-8 0 0 0 1</matrix>
                                <node id="node-Bone012" name="Bone012">
                                  <matrix>0.966953 -0.1915677 -0.1682375 0.05975723 0.2547095 0.7547973 0.6044862 8.34465e-7 0.0111852 -0.6273615 0.7786477 -1.78814e-7 0 0 0 1</matrix>
                                  <node id="node-Bone013" name="Bone013">
                                    <matrix>0.8543545 -0.001355842 -0.5196888 0.05263519 0.002830282 0.999994 0.002043992 -5.96046e-8 0.519683 -0.003217265 0.8543534 4.76837e-7 0 0 0 1</matrix>
                                  </node>
                                </node>
                              </node>
                            </node>
                          </node>
                        </node>
                      </node>
                    </node>
                    <node id="node-Bone021" name="Bone021">
                      <matrix>0.4470656 -1.49012e-7 0.8945011 0.2271245 -0.8945012 6.32554e-6 0.4470657 0.05075832 -5.72205e-6 -0.9999999 2.71201e-6 1.19209e-7 0 0 0 1</matrix>
                      <node id="node-Bone022" name="Bone022">
                        <matrix>0.906424 4.99189e-6 0.4223689 0.03557789 -5.62146e-6 0.9999999 2.68221e-7 0 -0.4223688 -2.5779e-6 0.9064241 1.19209e-7 0 0 0 1</matrix>
                        <node id="node-Bone023" name="Bone023">
                          <matrix>0.9613261 -9.53674e-7 0.2754122 0.04570849 9.18284e-7 1 2.83122e-7 0 -0.2754122 -1.49012e-8 0.9613261 1.19209e-7 0 0 0 1</matrix>
                          <node id="node-Bone024" name="Bone024">
                            <matrix>0.8313264 -1.69873e-6 0.5557857 0.05609788 1.19209e-6 1 1.2815e-6 0 -0.5557857 -4.02331e-7 0.8313264 -2.14577e-6 0 0 0 1</matrix>
                            <node id="node-Bone025" name="Bone025">
                              <matrix>0.9055952 -1.49012e-8 0.4241419 0.06339741 0 1 -1.49012e-8 2.98023e-8 -0.424142 2.98023e-8 0.9055952 8.34465e-7 0 0 0 1</matrix>
                              <node id="node-Bone026" name="Bone026">
                                <matrix>0.9644743 1.10418e-5 0.2641778 0.06756556 -9.08971e-7 1 -3.85046e-5 0 -0.2641778 3.68804e-5 0.9644743 8.34465e-7 0 0 0 1</matrix>
                                <node id="node-Bone027" name="Bone027">
                                  <matrix>0.9817942 -1.13249e-6 -0.1899465 0.07909286 9.81987e-6 0.9999999 4.48227e-5 2.98023e-8 0.1899465 -4.58807e-5 0.9817941 -5.06639e-7 0 0 0 1</matrix>
                                  <node id="node-Bone028" name="Bone028">
                                    <matrix>0.9998927 2.05636e-6 0.01466203 0.07343233 -1.92225e-6 1 -1.03638e-5 0 -0.01466206 1.03489e-5 0.9998927 5.96046e-8 0 0 0 1</matrix>
                                  </node>
                                </node>
                              </node>
                            </node>
                          </node>
                        </node>
                      </node>
                    </node>
                    <node id="node-Bone029" name="Bone029">
                      <matrix>0.196101 -1.19209e-7 0.9805838 0.2309459 -0.97891 -0.05839982 0.1957664 0.0342943 0.05726584 -0.9982933 -0.01145233 0.02691686 0 0 0 1</matrix>
                      <node id="node-Bone030" name="Bone030">
                        <matrix>0.9117724 0.01410466 0.4104536 0.04605374 -0.01401946 0.9998964 -0.003217563 -8.9407e-8 -0.4104564 -0.002820671 0.9118758 -3.93391e-6 0 0 0 1</matrix>
                        <node id="node-Bone031" name="Bone031">
                          <matrix>0.9391772 -0.1158523 0.3233027 0.04755455 0.1007911 0.992911 0.06300679 0 -0.3283099 -0.02658845 0.9441956 1.19209e-7 0 0 0 1</matrix>
                          <node id="node-Bone032" name="Bone032">
                            <matrix>0.9038532 0.04105058 0.4258695 0.05169511 -0.02617575 0.9988273 -0.04072464 0 -0.427042 0.02566159 0.9038681 1.19209e-7 0 0 0 1</matrix>
                            <node id="node-Bone033" name="Bone033">
                              <matrix>0.9352224 0.2103268 0.2848187 0.06606328 -0.09208231 0.92124 -0.3779384 0 -0.3418766 0.3272297 0.8809317 0 0 0 0 1</matrix>
                              <node id="node-Bone034" name="Bone034">
                                <matrix>0.9540269 0.2209558 -0.2025129 0.0601095 -0.2726004 0.3588102 -0.8927173 0 -0.124587 0.9068816 0.4025471 -2.98023e-8 0 0 0 1</matrix>
                                <node id="node-Bone035" name="Bone035">
                                  <matrix>0.9640254 0.184163 -0.1916737 0.05975628 -0.2622839 0.7761135 -0.5734579 0 0.04315059 0.6031009 0.7964969 -5.96046e-8 0 0 0 1</matrix>
                                  <node id="node-Bone036" name="Bone036">
                                    <matrix>0.8694142 0.01521916 -0.4938492 0.05263555 -0.02966281 0.9993307 -0.02142414 -2.98023e-8 0.4931928 0.03327531 0.8692835 0 0 0 0 1</matrix>
                                  </node>
                                </node>
                              </node>
                            </node>
                          </node>
                        </node>
                      </node>
                    </node>
                    <node id="node-Bone037" name="Bone037">
                      <matrix>-0.03296208 1.63913e-7 0.9994566 0.2221859 -0.99898 -0.03087517 -0.03294637 0.004512437 0.03085839 -0.9995235 0.001017839 0.05774581 0 0 0 1</matrix>
                      <node id="node-Bone038" name="Bone038">
                        <matrix>0.8929763 -0.1232729 0.4328945 0.0445945 0.1165006 0.9922913 0.04225148 2.98023e-8 -0.434766 0.01270293 0.9004542 0 0 0 0 1</matrix>
                        <node id="node-Bone039" name="Bone039">
                          <matrix>0.8104645 -0.3801517 0.4456805 0.05171013 0.2161753 0.9012178 0.3755989 0 -0.54444 -0.2080643 0.8125845 -1.54972e-6 0 0 0 1</matrix>
                          <node id="node-Bone040" name="Bone040">
                            <matrix>0.9648311 -0.1429276 0.2206183 0.0662533 0.0789454 0.9580725 0.2754362 -2.98023e-8 -0.2507358 -0.2483328 0.9356616 1.19209e-7 0 0 0 1</matrix>
                            <node id="node-Bone041" name="Bone041">
                              <matrix>0.9759558 0.1838065 -0.1171584 0.07592797 -0.2160679 0.7449555 -0.6311548 2.23517e-7 -0.02873263 0.6412933 0.7667581 0 0 0 0 1</matrix>
                              <node id="node-Bone042" name="Bone042">
                                <matrix>0.9450257 0.2399525 -0.2221449 0.05424106 -0.3174697 0.8360453 -0.4474816 0 0.07834882 0.4934064 0.8662627 3.57628e-7 0 0 0 1</matrix>
                                <node id="node-Bone043" name="Bone043">
                                  <matrix>0.7633408 0.4381691 -0.4746785 0.1070514 -0.4467451 -0.1726973 -0.8778356 -2.98023e-8 -0.4666158 0.8821476 0.06392278 0 0 0 0 1</matrix>
                                </node>
                              </node>
                            </node>
                          </node>
                        </node>
                      </node>
                    </node>
                    <node id="node-Bone055" name="Bone055">
                      <matrix>-0.09140573 1.63913e-7 0.9958144 0.2017387 -0.9919922 -0.08752595 -0.09105495 0.01348099 0.08715952 -0.9961622 0.008000553 0.06964707 0 0 0 1</matrix>
                      <node id="node-Bone056" name="Bone056">
                        <matrix>0.7861557 -0.1194354 0.6063782 0.07249786 0.08782189 0.9927815 0.08168437 3.27826e-7 -0.6117568 -0.01096338 0.7909698 -1.19209e-7 0 0 0 1</matrix>
                        <node id="node-Bone057" name="Bone057">
                          <matrix>0.9220536 0.282224 0.2648901 0.06258506 -0.1853493 0.9227366 -0.3379382 -3.27826e-7 -0.339798 0.2625 0.9031228 2.38419e-7 0 0 0 1</matrix>
                          <node id="node-Bone058" name="Bone058">
                            <matrix>0.9331158 0.3402686 0.1162442 0.06108952 -0.1721811 0.7066321 -0.6863127 2.98023e-8 -0.3156725 0.6203942 0.7179571 1.19209e-7 0 0 0 1</matrix>
                            <node id="node-Bone059" name="Bone059">
                              <matrix>0.9435688 -0.2433106 -0.2246737 0.07517004 0.22795 -0.01498587 0.9735574 8.9407e-8 -0.2402438 -0.9698328 0.04132226 0 0 0 0 1</matrix>
                              <node id="node-Bone060" name="Bone060">
                                <matrix>0.8586497 -0.1722088 -0.4827678 0.08048642 0.465779 0.6552849 0.5946857 5.96046e-8 0.2139404 -0.7354898 0.6428716 -5.96046e-8 0 0 0 1</matrix>
                              </node>
                            </node>
                          </node>
                        </node>
                      </node>
                    </node>
                    <node id="node-Bone061" name="Bone061">
                      <matrix>-0.2765531 5.06639e-7 0.9609985 0.1766739 -0.9376869 -0.2189246 -0.2698442 0.01386442 0.2103862 -0.9757421 0.06054474 0.08004999 0 0 0 1</matrix>
                      <node id="node-Bone062" name="Bone062">
                        <matrix>0.8800435 0.03148926 0.4738474 0.06630632 -0.02342635 0.999463 -0.02291054 2.98023e-8 -0.4743145 0.009061828 0.8803089 -2.02656e-6 0 0 0 1</matrix>
                        <node id="node-Bone063" name="Bone063">
                          <matrix>0.8984269 0.4092895 0.1590954 0.05577618 -0.2856668 0.8199126 -0.4961224 0 -0.333502 0.4002815 0.8535522 0 0 0 0 1</matrix>
                          <node id="node-Bone064" name="Bone064">
                            <matrix>0.813628 0.4382423 -0.3820378 0.05538905 -0.1488503 -0.478192 -0.8655491 0 -0.562008 0.7611016 -0.323838 0 0 0 0 1</matrix>
                            <node id="node-Bone065" name="Bone065">
                              <matrix>0.8752899 0.08609422 -0.4758735 0.05682147 -0.3054109 0.8613696 -0.4059147 1.49012e-8 0.3749561 0.5006299 0.7802422 2.98023e-8 0 0 0 1</matrix>
                            </node>
                          </node>
                        </node>
                      </node>
                    </node>
                    <node id="node-Bone077" name="Bone077">
                      <matrix>-0.01158966 6.25849e-7 0.9999329 0.1375992 -0.8724389 -0.488619 -0.01011162 0.03142532 0.4885861 -0.8724975 0.005663484 0.05968323 0 0 0 1</matrix>
                      <node id="node-Bone078" name="Bone078">
                        <matrix>0.7043356 -0.4953953 0.5084243 0.06178032 0.3977997 0.868649 0.2953046 4.76837e-7 -0.5879346 -0.005742386 0.8088884 4.37498e-5 0 0 0 1</matrix>
                        <node id="node-Bone079" name="Bone079">
                          <matrix>0.7459559 -0.6548731 0.1212058 0.1102706 0.4237671 0.6071163 0.6721835 0 -0.5137812 -0.4500562 0.7303954 1.19209e-7 0 0 0 1</matrix>
                          <node id="node-Bone080" name="Bone080">
                            <matrix>0.8926534 0.2532578 0.3728678 0.1663147 -0.1483835 0.9462286 -0.2874603 2.23517e-8 -0.4256199 0.2012751 0.8822337 0 0 0 0 1</matrix>
                            <node id="node-Bone081" name="Bone081">
                              <matrix>0.9320754 0.1246797 -0.340132 0.1379911 -0.1721553 -0.673667 -0.7187043 -7.45058e-9 -0.3187435 0.7284418 -0.6064444 0 0 0 0 1</matrix>
                            </node>
                          </node>
                        </node>
                      </node>
                    </node>
                    <node id="node-Bone066" name="Bone066">
                      <matrix>-0.2908011 -2.83122e-7 0.9567834 0.1378932 -0.9335832 0.2188804 -0.2837497 0.009998895 -0.2094211 -0.9757516 -0.06365092 -0.07983375 0 0 0 1</matrix>
                      <node id="node-Bone067" name="Bone067">
                        <matrix>0.7965988 0.4133026 0.4411482 0.08105598 -0.3324228 0.909016 -0.2513689 -5.96046e-8 -0.5049019 0.05359237 0.8615117 -3.09944e-6 0 0 0 1</matrix>
                        <node id="node-Bone068" name="Bone068">
                          <matrix>0.9018515 0.4028899 0.1560252 0.064134 -0.2337512 0.758715 -0.608039 -2.38419e-7 -0.3633518 0.5118901 0.7784244 2.38419e-7 0 0 0 1</matrix>
                          <node id="node-Bone069" name="Bone069">
                            <matrix>0.999895 0.01424584 0.002566934 0.08350706 -0.01418537 0.9996532 -0.02217153 -2.98023e-8 -0.002882034 0.02213277 0.9997507 0 0 0 0 1</matrix>
                            <node id="node-Bone070" name="Bone070">
                              <matrix>0.9643174 -0.1502271 0.2179987 0.08289576 0.09696239 0.9666111 0.237196 -2.98023e-8 -0.2463527 -0.2075951 0.9466861 5.96046e-8 0 0 0 1</matrix>
                              <node id="node-Bone071" name="Bone071">
                                <matrix>0.9585638 -0.1121205 0.2618872 0.0640018 0.03549376 0.9591346 0.2807153 0 -0.2826594 -0.259788 0.9233711 0 0 0 0 1</matrix>
                                <node id="node-Bone072" name="Bone072">
                                  <matrix>0.9640759 -0.032883 -0.2635826 0.07497585 0.2330033 -0.3717677 0.8986086 0 -0.1275405 -0.9277429 -0.3507507 0 0 0 0 1</matrix>
                                </node>
                              </node>
                            </node>
                          </node>
                        </node>
                      </node>
                    </node>
                    <node id="node-Bone073" name="Bone073">
                      <matrix>-0.2925557 1.3411e-7 0.9562488 0.0924896 -0.9547041 0.0568094 -0.2920833 -0.03078888 -0.05432392 -0.998385 -0.01661979 -0.07006145 0 0 0 1</matrix>
                      <node id="node-Bone074" name="Bone074">
                        <matrix>0.6387706 0.4660808 0.6121607 0.05861649 -0.2161334 0.8722982 -0.4386136 0 -0.7384158 0.147865 0.657934 1.19209e-7 0 0 0 1</matrix>
                        <node id="node-Bone075" name="Bone075">
                          <matrix>0.966939 -0.2549824 -0.003659785 0.08270776 0.2245849 0.8446919 0.4858575 -2.98023e-8 -0.1207936 -0.4706161 0.8740308 -5.96046e-8 0 0 0 1</matrix>
                          <node id="node-Bone076" name="Bone076">
                            <matrix>0.9027886 -0.3799328 -0.201553 0.1038884 0.1286856 -0.2085411 0.9695105 0 -0.4103808 -0.9012 -0.1393765 -1.19209e-7 0 0 0 1</matrix>
                          </node>
                        </node>
                      </node>
                    </node>
                    <node id="node-Bone082" name="Bone082">
                      <matrix>-0.3110904 3.12924e-7 0.9503803 0.09530389 -0.9488455 -0.05680679 -0.310588 -0.03142177 0.05398794 -0.9983854 0.01767239 0.06847611 0 0 0 1</matrix>
                      <node id="node-Bone083" name="Bone083">
                        <matrix>0.6710566 -0.4341136 0.6010227 0.05861518 0.1827009 0.8824794 0.4334168 2.38419e-7 -0.7185422 -0.18104 0.6715065 4.76837e-6 0 0 0 1</matrix>
                        <node id="node-Bone084" name="Bone084">
                          <matrix>0.979442 0.1983212 0.03691363 0.0827117 -0.1548231 0.8563237 -0.492687 4.47035e-8 -0.1293203 0.4768434 0.8694239 2.38419e-7 0 0 0 1</matrix>
                          <node id="node-Bone085" name="Bone085">
                            <matrix>0.9224285 0.3760583 -0.08778419 0.1038884 -0.1378096 0.1082106 -0.9845294 -1.19209e-7 -0.3607414 0.9202556 0.151641 -1.78814e-7 0 0 0 1</matrix>
                            <node id="node-Bone086" name="Bone086">
                              <matrix>0.9832616 0.0432294 -0.1769953 0.1096958 -0.123718 0.8715611 -0.4744204 2.08616e-7 0.1337534 0.4883771 0.8623211 4.47035e-8 0 0 0 1</matrix>
                            </node>
                          </node>
                        </node>
                      </node>
                    </node>
                  </node>
                </node>
                <node id="node-Bip001_backpack_01" name="Bip001_backpack_01">
                  <matrix>-0.9792178 0.2028018 -0.001978785 0.2016006 -0.2027961 -0.9792171 -0.00280191 -0.08787811 -0.002505898 -0.002342463 0.9999941 3.8743e-7 0 0 0 1</matrix>
                  <node id="node-Bip001_rope_01" name="Bip001_rope_01">
                    <matrix>0.9500332 -0.3097464 -0.03864786 0.4241185 -0.2955909 -0.932507 0.2075002 0.08793372 -0.1003118 -0.1857082 -0.977471 0.09922153 0 0 0 1</matrix>
                    <node id="node-Bip001_rope_02" name="Bip001_rope_02">
                      <matrix>0.9978651 0.06031725 -0.02504104 0.09589303 0.06092104 -0.9978518 0.0240924 8.32677e-5 -0.02353406 -0.02556648 -0.9993961 2.11596e-6 0 0 0 1</matrix>
                      <node id="node-Bip001_rope_03" name="Bip001_rope_03">
                        <matrix>0.9781299 0.01892778 -0.2071325 0.104867 -0.05167693 0.9867401 -0.1538623 -1.02401e-4 0.2014737 0.1612011 0.9661381 -0.001042753 0 0 0 1</matrix>
                      </node>
                    </node>
                  </node>
                  <node id="node-Bip001_Xtra17" name="Bip001_Xtra17">
                    <matrix>-0.04419938 -0.7063961 -0.7064354 0.155149 0.9990227 -0.03164935 -0.03085795 0.112457 -5.60269e-4 -0.7071088 0.7071046 6.88434e-5 0 0 0 1</matrix>
                    <node id="node-Bip001_Xtra18" name="Bip001_Xtra18">
                      <matrix>0.9999999 1.49012e-8 2.98023e-8 0.02474701 0 1 3.27826e-7 -2.25306e-5 0 -3.27826e-7 1 0 0 0 0 1</matrix>
                    </node>
                    <node id="node-Bip001_Xtra19" name="Bip001_Xtra19">
                      <matrix>0.9999993 -7.96348e-4 7.98792e-4 0.02904576 -7.96333e-4 -0.9999998 -1.54972e-6 0.02995086 7.98881e-4 8.9407e-7 -0.9999997 -7.48634e-5 0 0 0 1</matrix>
                    </node>
                    <node id="node-Bip001_Xtra20" name="Bip001_Xtra20">
                      <matrix>0.9999917 -0.003981069 7.89195e-4 0.0288974 0.003981069 0.9999921 6.31809e-6 -0.03234434 -7.89165e-4 -3.21865e-6 0.9999996 -7.51019e-5 0 0 0 1</matrix>
                    </node>
                  </node>
                  <node id="node-Bip001_Xtra01" name="Bip001_Xtra01">
                    <matrix>0.9981052 -0.06068927 0.01014832 0.2139947 0.06067663 0.9981564 0.001537651 0.05374002 -0.01022291 -9.1891e-4 0.9999473 0.1710362 0 0 0 1</matrix>
                  </node>
                  <node id="node-Bip001_Xtra01Opp" name="Bip001_Xtra01Opp">
                    <matrix>0.9984869 -0.05466187 0.006013244 0.213994 0.05465654 0.9985048 0.001041099 0.05373991 -0.006061167 -7.10785e-4 0.9999814 -0.1722647 0 0 0 1</matrix>
                  </node>
                </node>
                <node id="node-Bip001_L_Clavicle" name="Bip001_L_Clavicle">
                  <matrix sid="matrix">-0.1327569 -7.42346e-4 0.9911483 0.1406267 -0.3586252 -0.9322087 -0.04873332 0.024672 0.9239932 -0.3619205 0.123491 0.05035806 0 0 0 1</matrix>
                  <node id="node-Bip001_L_UpperArm" name="Bip001_L_UpperArm">
                    <matrix sid="matrix">0.575165 -0.006921824 0.8180082 0.17644 -0.08341008 0.9942562 0.06706113 -1.49012e-8 -0.8137738 -0.1068013 0.5712839 -1.19209e-7 0 0 0 1</matrix>
                    <node id="node-Bip001_L_Forearm" name="Bip001_L_Forearm">
                      <matrix sid="matrix">0.7107172 0.7034782 5.96046e-8 0.3022251 -0.7034781 0.7107172 0 -1.49012e-8 -5.96046e-8 -2.98023e-8 1 0 0 0 0 1</matrix>
                      <node id="node-Bip001_L_Hand" name="Bip001_L_Hand">
                        <matrix sid="matrix">0.8801785 -0.4348925 -0.1901433 0.303522 0.1522865 -0.120674 0.9809417 0 -0.4495496 -0.8923601 -0.0399864 0 0 0 0 1</matrix>
                        <node id="node-Bip001_L_Finger0" name="Bip001_L_Finger0">
                          <matrix sid="matrix">0.7817723 0.4464166 0.4353659 0.01779103 0.4801884 0.01442233 -0.8770465 0.01367211 -0.397808 0.8947082 -0.2030896 -0.0277039 0 0 0 1</matrix>
                          <node id="node-Bip001_L_Finger01" name="Bip001_L_Finger01">
                            <matrix sid="matrix">0.9373405 -0.348387 -0.004394233 0.05085599 0.3483388 0.9373249 -0.009047743 5.96046e-8 0.007270865 0.006950101 0.9999493 -5.96046e-8 0 0 0 1</matrix>
                            <node id="node-Bip001_L_Finger02" name="Bip001_L_Finger02">
                              <matrix sid="matrix">0.8796505 -0.4756182 0.001633935 0.03436995 0.4755642 0.8794869 -0.01848453 -7.45058e-8 0.007354513 0.01703692 0.999828 -5.96046e-8 0 0 0 1</matrix>
                            </node>
                          </node>
                        </node>
                        <node id="node-Bip001_L_Finger1" name="Bip001_L_Finger1">
                          <matrix sid="matrix">0.9415459 -0.2543136 0.2209415 0.08567595 0.3290568 0.8348134 -0.4413702 -0.005999565 -0.07219884 0.4882726 0.8696992 -0.02973528 0 0 0 1</matrix>
                          <node id="node-Bip001_L_Finger11" name="Bip001_L_Finger11">
                            <matrix sid="matrix">0.9559944 -0.2933855 1.49012e-8 0.05795395 0.2933853 0.9559944 5.21541e-8 -5.96046e-8 -2.98023e-8 -3.25963e-9 1 2.98023e-8 0 0 0 1</matrix>
                            <node id="node-Bip001_L_Finger12" name="Bip001_L_Finger12">
                              <matrix sid="matrix">0.9781861 -0.2077303 0 0.03285104 0.2077303 0.9781862 -1.86265e-9 5.96046e-8 -2.98023e-8 5.21541e-8 1 -2.98023e-8 0 0 0 1</matrix>
                            </node>
                          </node>
                        </node>
                        <node id="node-Bip001_L_Finger2" name="Bip001_L_Finger2">
                          <matrix sid="matrix">0.9079228 -0.4152141 0.05721745 0.09032297 0.4191194 0.9007011 -0.1143528 -0.01052213 -0.004055649 0.1278041 0.9917911 -0.005256608 0 0 0 1</matrix>
                          <node id="node-Bip001_L_Finger21" name="Bip001_L_Finger21">
                            <matrix sid="matrix">0.9240776 -0.3822042 7.20978e-4 0.05795401 0.3822031 0.9240775 0.001261106 0 -0.001148313 -8.89875e-4 0.9999989 0 0 0 0 1</matrix>
                            <node id="node-Bip001_L_Finger22" name="Bip001_L_Finger22">
                              <matrix sid="matrix">0.9718744 -0.2354979 9.06378e-4 0.04148102 0.2354969 0.9718744 0.001135327 -2.98023e-8 -0.001148283 -8.89838e-4 0.999999 1.49012e-8 0 0 0 1</matrix>
                            </node>
                          </node>
                        </node>
                        <node id="node-Bip001_L_Finger3" name="Bip001_L_Finger3">
                          <matrix sid="matrix">0.8385409 -0.5304326 -0.1244578 0.08558702 0.5444797 0.8241217 0.1560955 -0.009840369 0.01976961 -0.1986574 0.9798699 0.02070282 0 0 0 1</matrix>
                          <node id="node-Bip001_L_Finger31" name="Bip001_L_Finger31">
                            <matrix sid="matrix">0.9185681 -0.3952375 0.004431278 0.05795395 0.3952315 0.9185789 0.002210163 -1.19209e-7 -0.004944012 -2.78816e-4 0.9999877 0 0 0 0 1</matrix>
                            <node id="node-Bip001_L_Finger32" name="Bip001_L_Finger32">
                              <matrix sid="matrix">0.8807758 -0.473516 0.004094586 0.03192699 0.4735083 0.8807851 0.002756134 -2.98023e-8 -0.004911497 -4.88803e-4 0.9999878 2.98023e-8 0 0 0 1</matrix>
                            </node>
                          </node>
                        </node>
                        <node id="node-Bip001_L_Finger4" name="Bip001_L_Finger4">
                          <matrix sid="matrix">0.8416312 -0.3963989 -0.3667772 0.08973408 0.4904554 0.8453278 0.2118355 -0.004826665 0.2260754 -0.3581746 0.9058707 0.04668485 0 0 0 1</matrix>
                          <node id="node-Bip001_L_Finger41" name="Bip001_L_Finger41">
                            <matrix sid="matrix">0.8409851 -0.5410574 9.81182e-4 0.03496808 0.5410563 0.8409855 0.001270609 5.96046e-8 -0.001512658 -5.37694e-4 0.9999986 0 0 0 0 1</matrix>
                            <node id="node-Bip001_L_Finger42" name="Bip001_L_Finger42">
                              <matrix sid="matrix">0.8971318 -0.4417619 0.001119513 0.0220499 0.4417607 0.8971323 0.001150601 -1.19209e-7 -0.001512639 -5.37686e-4 0.9999987 0 0 0 0 1</matrix>
                            </node>
                          </node>
                        </node>
                      </node>
                    </node>
                    <node id="node-Bip001_L_ForeTwist" name="Bip001_L_ForeTwist">
                      <matrix sid="matrix">0.7107172 0.7034416 0.007165015 0.3022251 -0.7034781 0.7106804 0.007238645 -1.49012e-8 -5.96046e-8 -0.010185 0.9999482 0 0 0 0 1</matrix>
                      <node id="node-Bip001_L_ForeTwist1" name="Bip001_L_ForeTwist1">
                        <matrix sid="matrix">1 -1.49012e-8 -2.98023e-8 0.101174 1.49012e-8 0.9999481 0.01018497 0 -2.98023e-8 -0.01018503 0.9999481 1.19209e-7 0 0 0 1</matrix>
                        <node id="node-Bip001_L_ForeTwist2" name="Bip001_L_ForeTwist2">
                          <matrix sid="matrix">1 -4.47035e-8 5.96046e-8 0.101174 2.98023e-8 0.9999481 0.010185 4.47035e-8 0 -0.01018497 0.9999481 -1.19209e-7 0 0 0 1</matrix>
                        </node>
                      </node>
                    </node>
                  </node>
                  <node id="node-Bip001_LUpArmTwist" name="Bip001_LUpArmTwist">
