<?xml version="1.0" encoding="utf-8"?>
<COLLADA xmlns="http://www.collada.org/2005/11/COLLADASchema" version="1.4.1">
  <asset>
    <contributor>
      <author>Setsu</author>
      <authoring_tool>OpenCOLLADA for 3ds Max;  Version: 1.3.1;  Revision: 847M;  Platform: x64;  Configuration: Release_Max2012_static</authoring_tool>
      <source_data>file:///D:/_Work/webgl/models/man/animation/harpoon/wpn_harpoon_attack9.max</source_data>
    </contributor>
    <created>2012-09-04T14:31:51</created>
    <modified>2012-09-04T14:31:51</modified>
    <unit name="meter" meter="1"/>
    <up_axis>Z_UP</up_axis>
  </asset>
  <library_geometries>
    <geometry id="geom-Line001" name="Line001">
      <spline closed="0">
        <source id="geom-Line001-positions">
          <float_array id="geom-Line001-positions-array" count="21">1.155697 0.8408581 1.536583 0.2190984 1.207732 1.902505 -1.315959 0.6135856 2.095799 -0.9327776 -2.059208 1.887435 0.5811684 -2.793642 1.419947 2.406688 -1.636757 0.7770734 0.7576126 0.3800927 0.6596484</float_array>
          <technique_common>
            <accessor source="#geom-Line001-positions-array" count="7" stride="3">
              <param name="X" type="float"/>
              <param name="Y" type="float"/>
              <param name="Z" type="float"/>
            </accessor>
          </technique_common>
        </source>
        <source id="geom-Line001-intangents">
          <float_array id="geom-Line001-intangents-array" count="21">1.155697 0.8408581 1.536583 0.4371298 1.221884 1.809302 -1.149276 1.044499 2.07236 -2.125449 -0.9097269 2.145405 0.1601566 -2.758919 1.588991 2.200107 -2.476642 0.8960071 1.842947 -0.09230095 0.6187629</float_array>
          <technique_common>
            <accessor source="#geom-Line001-intangents-array" count="7" stride="3">
              <param name="X" type="float"/>
              <param name="Y" type="float"/>
              <param name="Z" type="float"/>
            </accessor>
          </technique_common>
        </source>
        <source id="geom-Line001-outtangents">
          <float_array id="geom-Line001-outtangents-array" count="21">0.8772378 1.051357 1.687328 -0.2048301 1.448933 1.995707 -1.454328 0.2312519 2.108445 -0.3473873 -2.576675 1.748722 1.304366 -2.844623 1.188982 2.535203 -0.7846318 0.6579046 0.7576126 0.3800927 0.6596484</float_array>
          <technique_common>
            <accessor source="#geom-Line001-outtangents-array" count="7" stride="3">
              <param name="X" type="float"/>
              <param name="Y" type="float"/>
              <param name="Z" type="float"/>
            </accessor>
          </technique_common>
        </source>
        <source id="geom-Line001-interpolations">
          <Name_array id="geom-Line001-interpolations-array" count="7">BEZIER BEZIER BEZIER BEZIER BEZIER BEZIER BEZIER</Name_array>
          <technique_common>
            <accessor source="#geom-Line001-interpolations-array" count="7" stride="1">
              <param name="INTERPOLATION" type="name"/>
            </accessor>
          </technique_common>
        </source>
        <control_vertices>
          <input semantic="POSITION" source="#geom-Line001-positions"/>
          <input semantic="IN_TANGENT" source="#geom-Line001-intangents"/>
          <input semantic="OUT_TANGENT" source="#geom-Line001-outtangents"/>
          <input semantic="INTERPOLATION" source="#geom-Line001-interpolations"/>
        </control_vertices>
      </spline>
    </geometry>
  </library_geometries>
  <library_lights>
    <light id="EnvironmentAmbientLight" name="EnvironmentAmbientLight">
      <technique_common>
        <ambient>
          <color>0.019608 0.019608 0.019608</color>
        </ambient>
      </technique_common>
    </light>
  </library_lights>
  <library_visual_scenes>
    <visual_scene id="MaxScene">
      <node name="EnvironmentAmbientLight">
        <instance_light url="#EnvironmentAmbientLight"/>
      </node>
      <node id="node-Bip001" name="Bip001">
        <matrix sid="matrix">0.9801793 -0.1656087 0.1087305 -0.1126907 0.1565857 0.9838334 0.08690593 0.01053713 -0.1213651 -0.06815773 0.9902651 0.815379 0 0 0 1</matrix>
        <node id="node-Bip001_Pelvis" name="Bip001_Pelvis">
          <matrix sid="matrix">-3.57628e-7 0.9659263 0.2588176 0.01916508 0.03367054 -0.2586709 0.9653786 0.01981265 0.999433 0.00871487 -0.03252321 0.004123986 0 0 0 1</matrix>
          <node id="node-Bip001_Spine" name="Bip001_Spine">
            <matrix sid="matrix">0.9759 0.1797323 0.123757 0.1062101 -0.1567544 0.9719319 -0.1754323 0.01650973 -0.1518142 0.1518049 0.9766821 7.32712e-4 0 0 0 1</matrix>
            <node id="node-Bip001_Spine1" name="Bip001_Spine1">
              <matrix sid="matrix">0.9845299 -0.05753009 0.1655031 0.1646416 0.03461158 0.9898037 0.1381689 -1.29752e-4 -0.1717645 -0.1303031 0.9764827 1.70954e-5 0 0 0 1</matrix>
              <node id="node-Bip001_Spine2" name="Bip001_Spine2">
                <matrix sid="matrix">0.9244794 -0.324582 0.1999612 0.1646765 0.275455 0.9313249 0.2382403 -1.221e-4 -0.2635574 -0.1651679 0.9503985 2.16663e-5 0 0 0 1</matrix>
                <node id="node-Bip001_Neck" name="Bip001_Neck">
                  <matrix sid="matrix">0.9453744 -0.0951705 -0.3117847 0.1743678 0.2128378 0.9046431 0.3692164 -0.00749743 0.2469154 -0.4154072 0.8754823 2.50638e-5 0 0 0 1</matrix>
                  <node id="node-Bip001_Head" name="Bip001_Head">
                    <matrix sid="matrix">0.9577807 0.08693226 0.2740418 0.08447993 -0.2769613 0.5347015 0.7983651 0.03011227 -0.07712685 -0.8405576 0.5362036 7.45058e-8 0 0 0 1</matrix>
                    <node id="node-Bip001_AngryBrowR" name="Bip001_AngryBrowR">
                      <matrix>0.001812041 -0.9852683 0.1710074 0.1354002 0.9995395 -0.003395706 -0.03015607 0.1043413 0.03029251 0.1709832 0.9848082 -0.01978299 0 0 0 1</matrix>
                    </node>
                    <node id="node-Bip001_SillyBrowL" name="Bip001_SillyBrowL">
                      <matrix>-0.004057288 -0.9597189 -0.280933 0.134617 0.7867898 0.1703331 -0.5932523 0.08548476 0.6172075 -0.2234422 0.754406 0.05988094 0 0 0 1</matrix>
                    </node>
                    <node id="node-Bip001_SillyBrowR" name="Bip001_SillyBrowR">
                      <matrix>-0.004056901 -0.9597204 0.2809277 0.1346171 0.7867938 0.1703287 0.5932484 0.08548509 -0.6172027 0.2234389 0.754411 -0.05988044 0 0 0 1</matrix>
                    </node>
                    <node id="node-Bip001_jaw" name="Bip001_jaw">
                      <matrix>0.3710407 -0.9275407 -0.04469159 0.0739423 0.8026187 0.3445303 -0.4869316 0.01053736 0.4670464 0.1448012 0.872296 -1.20401e-5 0 0 0 1</matrix>
                      <node id="node-Bip001_lowerLipL" name="Bip001_lowerLipL">
                        <matrix>-0.8336915 -0.3554321 -0.4226422 0.107451 0.3746175 -0.9263141 0.04004888 -0.03483582 -0.4057342 -0.1249407 0.9054112 0.009654522 0 0 0 1</matrix>
                      </node>
                      <node id="node-Bip001_lowerLipR" name="Bip001_lowerLipR">
                        <matrix>0.7819585 1.79932e-6 -0.6233304 0.1074492 -0.6233306 -4.00841e-6 -0.7819585 -0.03484035 -3.91155e-6 1 -2.05636e-6 -0.009658992 0 0 0 1</matrix>
                      </node>
                    </node>
                    <node id="node-Bip001_upperLipL" name="Bip001_upperLipL">
                      <matrix>-8.04663e-7 -6.25849e-6 -1 0.04530895 0.9999999 2.93553e-6 -7.30157e-7 0.116103 2.93925e-6 -1 6.30319e-6 0.00955525 0 0 0 1</matrix>
                    </node>
                    <node id="node-Bip001_upperLipR" name="Bip001_upperLipR">
                      <matrix>-8.04663e-7 -1.17868e-5 1 0.04530895 1 -2.6077e-6 7.15256e-7 0.1161031 2.61143e-6 1 1.18315e-5 -0.009554595 0 0 0 1</matrix>
                    </node>
                    <node id="node-Bip001_AngryBrowL" name="Bip001_AngryBrowL">
                      <matrix>0.001812071 -0.9852673 -0.1710128 0.1354002 0.9995398 -0.003394932 0.0301506 0.1043412 -0.03028696 -0.1709887 0.9848074 0.01978356 0 0 0 1</matrix>
                    </node>
                    <node id="node-Bone050" name="Bone050">
                      <matrix>-0.2718078 -3.8743e-7 0.962352 0.1766741 -0.9409114 0.2099089 -0.2657521 0.0138648 -0.2020061 -0.9777212 -0.05705521 -0.080042 0 0 0 1</matrix>
                      <node id="node-Bone051" name="Bone051">
                        <matrix>0.8727055 -0.06772889 0.4835262 0.06664182 0.04994026 0.9975202 0.04958948 0 -0.4856858 -0.01912963 0.8739239 1.19209e-7 0 0 0 1</matrix>
                        <node id="node-Bone052" name="Bone052">
                          <matrix>0.9062542 -0.3886849 0.1662162 0.05545187 0.2715809 0.8366385 0.4756894 2.98023e-8 -0.323956 -0.3859543 0.8637663 -2.38419e-7 0 0 0 1</matrix>
                          <node id="node-Bone053" name="Bone053">
                            <matrix>0.8183509 -0.4357322 -0.3747523 0.05517268 0.1430369 -0.4771262 0.8671163 -7.45058e-9 -0.5566342 -0.7632089 -0.3281313 1.19209e-7 0 0 0 1</matrix>
                            <node id="node-Bone054" name="Bone054">
                              <matrix>0.8138615 -0.1123602 -0.5700921 0.05649626 0.4602882 0.7234694 0.5145157 -5.96046e-8 0.3546331 -0.681151 0.6405218 2.98023e-8 0 0 0 1</matrix>
                            </node>
                          </node>
                        </node>
                      </node>
                    </node>
                    <node id="node-Bone044" name="Bone044">
                      <matrix>-0.09140613 -3.72529e-7 0.9958137 0.2017386 -0.9919918 0.08753214 -0.09105527 0.01348135 -0.08716563 -0.9961617 -0.008001342 -0.06964707 0 0 0 1</matrix>
                      <node id="node-Bone045" name="Bone045">
                        <matrix>0.7861626 0.1194515 0.6063656 0.0724983 -0.08783491 0.9927796 -0.08169393 2.68221e-7 -0.611746 0.01096462 0.7909784 -1.43051e-6 0 0 0 1</matrix>
                        <node id="node-Bone046" name="Bone046">
                          <matrix>0.9278778 -0.2364843 0.288303 0.0625881 0.1528029 0.9464127 0.2845247 -1.19209e-7 -0.3401393 -0.2199506 0.9142908 4.05312e-6 0 0 0 1</matrix>
                          <node id="node-Bone047" name="Bone047">
                            <matrix>0.9307666 -0.3523222 0.09768257 0.06108761 0.1767301 0.6674465 0.7233816 2.98023e-8 -0.3200614 -0.6560364 0.6835032 -1.19209e-7 0 0 0 1</matrix>
                            <node id="node-Bone048" name="Bone048">
                              <matrix>0.9457324 0.2373301 -0.221957 0.07517123 -0.2279812 -0.002116376 -0.9736634 7.45058e-9 -0.2315492 0.971427 0.05210517 5.96046e-8 0 0 0 1</matrix>
                              <node id="node-Bone049" name="Bone049">
                                <matrix>0.8586523 0.1722122 -0.482763 0.08048499 -0.4657756 0.6552923 -0.5946812 -1.78814e-7 0.2139395 0.7354833 0.6428801 0 0 0 0 1</matrix>
                              </node>
                            </node>
                          </node>
                        </node>
                      </node>
                    </node>
                    <node id="node-Bone014" name="Bone014">
                      <matrix>-0.0286549 -2.98023e-7 0.9995891 0.222186 -0.9993564 0.02160656 -0.0286482 0.004512712 -0.02159768 -0.9997667 -6.19411e-4 -0.05774581 0 0 0 1</matrix>
                      <node id="node-Bone015" name="Bone015">
                        <matrix>0.8968285 0.1569262 0.4136093 0.04459423 -0.1405922 0.9876001 -0.06985624 2.98023e-8 -0.419443 0.004498824 0.907771 -3.8147e-6 0 0 0 1</matrix>
                        <node id="node-Bone016" name="Bone016">
                          <matrix>0.8073794 0.3848707 0.4472286 0.05171204 -0.2289694 0.9029424 -0.3636863 1.19209e-7 -0.5437936 0.1912311 0.8171406 1.19209e-7 0 0 0 1</matrix>
                          <node id="node-Bone017" name="Bone017">
                            <matrix>0.9567487 0.1163464 0.2666373 0.06625283 -0.0601674 0.9758648 -0.209923 0 -0.2846259 0.1848008 0.9406573 0 0 0 0 1</matrix>
                            <node id="node-Bone018" name="Bone018">
                              <matrix>0.9759617 -0.1837635 -0.1171754 0.07592642 0.2160518 0.7450929 0.6309979 8.9407e-8 -0.02864783 -0.641146 0.7668844 -4.52995e-6 0 0 0 1</matrix>
                              <node id="node-Bone019" name="Bone019">
                                <matrix>0.9469507 -0.1838324 -0.2636099 0.05424273 0.2948284 0.8233754 0.4849014 -5.96046e-8 0.1279092 -0.5368975 0.8338951 0 0 0 0 1</matrix>
                                <node id="node-Bone020" name="Bone020">
                                  <matrix>0.7088869 -0.5135252 -0.4834985 0.1070501 0.4797029 -0.1515178 0.8642495 -1.49012e-8 -0.5170728 -0.8445908 0.1389305 0 0 0 0 1</matrix>
                                </node>
                              </node>
                            </node>
                          </node>
                        </node>
                      </node>
                    </node>
                    <node id="node-Bone006" name="Bone006">
                      <matrix>0.196101 0 0.980584 0.2309459 -0.9789099 0.05840608 0.1957663 0.03429444 -0.05727207 -0.998293 0.01145343 -0.02691707 0 0 0 1</matrix>
                      <node id="node-Bone007" name="Bone007">
                        <matrix>0.9117423 -0.01410428 0.4105206 0.04605401 0.01401886 0.9998967 0.003218517 0 -0.4105236 0.002820581 0.9118454 0 0 0 0 1</matrix>
                        <node id="node-Bone008" name="Bone008">
                          <matrix>0.9392015 0.1158517 0.3232317 0.04755574 -0.1007923 0.9929103 -0.06300746 2.98023e-8 -0.3282396 0.02659746 0.9442203 0 0 0 0 1</matrix>
                          <node id="node-Bone009" name="Bone009">
                            <matrix>0.9081649 5.73471e-4 0.4186126 0.05169487 -3.70696e-4 0.9999999 -5.65723e-4 2.98023e-8 -0.4186127 3.58552e-4 0.9081648 -1.19209e-7 0 0 0 1</matrix>
                            <node id="node-Bone010" name="Bone010">
                              <matrix>0.9252815 -0.277404 0.2586523 0.06606352 0.1212467 0.8625091 0.4913011 -5.96046e-8 -0.3593791 -0.4232311 0.8316979 1.19209e-7 0 0 0 1</matrix>
                              <node id="node-Bone011" name="Bone011">
                                <matrix>0.9589167 -0.2158548 -0.1840784 0.0601083 0.2631018 0.4340237 0.8616267 8.9407e-8 -0.1060917 -0.87466 0.4729845 0 0 0 0 1</matrix>
                                <node id="node-Bone012" name="Bone012">
                                  <matrix>0.9669532 -0.1915676 -0.1682376 0.05975723 0.2547095 0.7547973 0.6044863 8.64267e-7 0.01118523 -0.6273615 0.7786477 -1.78814e-7 0 0 0 1</matrix>
                                  <node id="node-Bone013" name="Bone013">
                                    <matrix>0.8543546 -0.001355752 -0.5196888 0.05263495 0.002830341 0.9999941 0.002043992 -8.9407e-8 0.5196828 -0.003217056 0.8543534 4.17233e-7 0 0 0 1</matrix>
                                  </node>
                                </node>
                              </node>
                            </node>
                          </node>
                        </node>
                      </node>
                    </node>
                    <node id="node-Bone021" name="Bone021">
                      <matrix>0.4470657 -1.63913e-7 0.8945012 0.2271245 -0.8945012 6.32182e-6 0.4470657 0.05075826 -5.72205e-6 -1 2.69711e-6 8.9407e-8 0 0 0 1</matrix>
                      <node id="node-Bone022" name="Bone022">
                        <matrix>0.906424 4.99189e-6 0.4223688 0.03557789 -5.62146e-6 0.9999999 2.38419e-7 0 -0.4223689 -2.5779e-6 0.906424 -1.19209e-7 0 0 0 1</matrix>
                        <node id="node-Bone023" name="Bone023">
                          <matrix>0.9613261 -9.574e-7 0.2754122 0.04570846 9.20147e-7 0.9999999 2.5332e-7 -2.98023e-8 -0.2754121 0 0.9613261 0 0 0 0 1</matrix>
                          <node id="node-Bone024" name="Bone024">
                            <matrix>0.8313265 -1.69501e-6 0.5557857 0.05609787 1.19209e-6 1 1.2666e-6 2.98023e-8 -0.5557857 -4.02331e-7 0.8313264 -2.14577e-6 0 0 0 1</matrix>
                            <node id="node-Bone025" name="Bone025">
                              <matrix>0.9055952 0 0.424142 0.06339753 0 1 0 2.98023e-8 -0.424142 0 0.9055953 7.15256e-7 0 0 0 1</matrix>
                              <node id="node-Bone026" name="Bone026">
                                <matrix>0.9644743 1.10567e-5 0.2641778 0.06756556 -9.23872e-7 0.9999999 -3.84971e-5 2.98023e-8 -0.2641778 3.68953e-5 0.9644744 8.9407e-7 0 0 0 1</matrix>
                                <node id="node-Bone027" name="Bone027">
                                  <matrix>0.9817942 -1.16229e-6 -0.1899466 0.07909274 9.83477e-6 1 4.48301e-5 -2.98023e-8 0.1899466 -4.58807e-5 0.9817943 -4.76837e-7 0 0 0 1</matrix>
                                  <node id="node-Bone028" name="Bone028">
                                    <matrix>0.9998926 2.08616e-6 0.01466203 0.07343209 -1.89245e-6 1 -1.03787e-5 2.98023e-8 -0.01466203 1.03414e-5 0.9998927 5.96046e-8 0 0 0 1</matrix>
                                  </node>
                                </node>
                              </node>
                            </node>
                          </node>
                        </node>
                      </node>
                    </node>
                    <node id="node-Bone029" name="Bone029">
                      <matrix>0.1961011 -1.04308e-7 0.9805839 0.2309459 -0.97891 -0.05839983 0.1957664 0.03429428 0.05726586 -0.9982935 -0.01145235 0.02691686 0 0 0 1</matrix>
                      <node id="node-Bone030" name="Bone030">
                        <matrix>0.9117724 0.01410466 0.4104535 0.04605371 -0.01401947 0.9998964 -0.003217548 -5.96046e-8 -0.4104565 -0.002820656 0.9118759 -3.93391e-6 0 0 0 1</matrix>
                        <node id="node-Bone031" name="Bone031">
                          <matrix>0.9391772 -0.1158523 0.3233027 0.04755455 0.1007911 0.9929109 0.06300682 2.98023e-8 -0.3283099 -0.02658838 0.9441956 2.38419e-7 0 0 0 1</matrix>
                          <node id="node-Bone032" name="Bone032">
                            <matrix>0.9038531 0.04105057 0.4258696 0.05169517 -0.02617574 0.9988272 -0.04072465 2.98023e-8 -0.427042 0.02566157 0.903868 1.19209e-7 0 0 0 1</matrix>
                            <node id="node-Bone033" name="Bone033">
                              <matrix>0.9352223 0.2103267 0.2848186 0.06606317 -0.09208229 0.9212398 -0.3779385 -2.98023e-8 -0.3418767 0.3272297 0.8809316 0 0 0 0 1</matrix>
                              <node id="node-Bone034" name="Bone034">
                                <matrix>0.9540269 0.2209558 -0.202513 0.06010938 -0.2726004 0.3588102 -0.8927171 0 -0.1245871 0.9068815 0.4025471 2.98023e-8 0 0 0 1</matrix>
                                <node id="node-Bone035" name="Bone035">
                                  <matrix>0.9640257 0.184163 -0.1916737 0.0597564 -0.2622839 0.7761136 -0.5734581 -2.98023e-8 0.04315065 0.603101 0.7964968 -4.47035e-8 0 0 0 1</matrix>
                                  <node id="node-Bone036" name="Bone036">
                                    <matrix>0.8694143 0.01521918 -0.4938492 0.05263555 -0.02966286 0.9993309 -0.02142413 -2.6077e-8 0.4931928 0.03327524 0.8692834 1.49012e-8 0 0 0 1</matrix>
                                  </node>
                                </node>
                              </node>
                            </node>
                          </node>
                        </node>
                      </node>
                    </node>
                    <node id="node-Bone037" name="Bone037">
                      <matrix>-0.03296211 2.08616e-7 0.9994568 0.2221859 -0.9989802 -0.03087518 -0.03294639 0.004512399 0.03085839 -0.9995233 0.001017839 0.05774581 0 0 0 1</matrix>
                      <node id="node-Bone038" name="Bone038">
                        <matrix>0.8929764 -0.1232729 0.4328945 0.0445945 0.1165006 0.9922913 0.04225145 5.96046e-8 -0.434766 0.0127029 0.9004541 -1.19209e-7 0 0 0 1</matrix>
                        <node id="node-Bone039" name="Bone039">
                          <matrix>0.8104644 -0.3801516 0.4456804 0.05171019 0.2161754 0.9012179 0.3755989 2.98023e-8 -0.5444399 -0.2080643 0.8125845 -1.54972e-6 0 0 0 1</matrix>
                          <node id="node-Bone040" name="Bone040">
                            <matrix>0.9648312 -0.1429276 0.2206182 0.06625342 0.07894547 0.9580725 0.2754363 0 -0.2507358 -0.2483328 0.9356617 0 0 0 0 1</matrix>
                            <node id="node-Bone041" name="Bone041">
                              <matrix>0.9759558 0.1838065 -0.1171585 0.07592785 -0.216068 0.7449556 -0.6311548 2.12342e-7 -0.02873251 0.6412934 0.7667581 -5.96046e-8 0 0 0 1</matrix>
                              <node id="node-Bone042" name="Bone042">
                                <matrix>0.9450258 0.2399526 -0.2221449 0.05424106 -0.3174697 0.8360455 -0.4474816 0 0.07834879 0.4934065 0.8662629 2.98023e-7 0 0 0 1</matrix>
                                <node id="node-Bone043" name="Bone043">
                                  <matrix>0.7633408 0.4381691 -0.4746785 0.1070515 -0.4467451 -0.1726973 -0.8778357 -2.98023e-8 -0.4666158 0.8821476 0.06392279 -5.96046e-8 0 0 0 1</matrix>
                                </node>
                              </node>
                            </node>
                          </node>
                        </node>
                      </node>
                    </node>
                    <node id="node-Bone055" name="Bone055">
                      <matrix>-0.09140575 1.78814e-7 0.9958144 0.2017386 -0.9919922 -0.08752595 -0.09105496 0.01348099 0.08715951 -0.9961622 0.008000508 0.06964707 0 0 0 1</matrix>
                      <node id="node-Bone056" name="Bone056">
                        <matrix>0.7861558 -0.1194354 0.6063781 0.07249787 0.0878219 0.9927816 0.08168431 3.27826e-7 -0.6117568 -0.01096335 0.7909698 0 0 0 0 1</matrix>
                        <node id="node-Bone057" name="Bone057">
                          <matrix>0.9220536 0.282224 0.2648901 0.06258494 -0.1853493 0.9227365 -0.3379383 -3.27826e-7 -0.339798 0.2625 0.9031228 2.38419e-7 0 0 0 1</matrix>
                          <node id="node-Bone058" name="Bone058">
                            <matrix>0.9331156 0.3402687 0.1162441 0.0610894 -0.172181 0.7066321 -0.6863126 5.96046e-8 -0.3156724 0.6203942 0.717957 1.78814e-7 0 0 0 1</matrix>
                            <node id="node-Bone059" name="Bone059">
                              <matrix>0.9435686 -0.2433106 -0.2246737 0.07516992 0.22795 -0.01498589 0.9735574 5.96046e-8 -0.2402438 -0.9698329 0.04132236 0 0 0 0 1</matrix>
                              <node id="node-Bone060" name="Bone060">
                                <matrix>0.8586497 -0.1722087 -0.4827678 0.08048642 0.4657791 0.6552851 0.5946857 5.96046e-8 0.2139405 -0.73549 0.6428716 -1.19209e-7 0 0 0 1</matrix>
                              </node>
                            </node>
                          </node>
                        </node>
                      </node>
                    </node>
                    <node id="node-Bone061" name="Bone061">
                      <matrix>-0.2765532 5.36442e-7 0.9609985 0.1766738 -0.937687 -0.2189246 -0.2698442 0.01386437 0.2103861 -0.9757421 0.06054477 0.08004999 0 0 0 1</matrix>
                      <node id="node-Bone062" name="Bone062">
                        <matrix>0.8800434 0.03148922 0.4738474 0.06630632 -0.02342635 0.999463 -0.02291051 2.98023e-8 -0.4743145 0.009061754 0.8803087 -1.78814e-6 0 0 0 1</matrix>
                        <node id="node-Bone063" name="Bone063">
                          <matrix>0.8984271 0.4092896 0.1590954 0.05577618 -0.2856669 0.8199127 -0.4961224 -5.96046e-8 -0.333502 0.4002815 0.8535522 0 0 0 0 1</matrix>
                          <node id="node-Bone064" name="Bone064">
                            <matrix>0.813628 0.4382422 -0.3820377 0.05538893 -0.1488503 -0.478192 -0.8655491 -2.98023e-8 -0.5620079 0.7611016 -0.3238379 0 0 0 0 1</matrix>
                            <node id="node-Bone065" name="Bone065">
                              <matrix>0.8752897 0.0860942 -0.4758735 0.05682135 -0.3054109 0.8613697 -0.4059147 -1.49012e-8 0.374956 0.5006299 0.7802421 3.35276e-8 0 0 0 1</matrix>
                            </node>
                          </node>
                        </node>
                      </node>
                    </node>
                    <node id="node-Bone077" name="Bone077">
                      <matrix>-0.01158966 5.36442e-7 0.9999329 0.1375992 -0.8724389 -0.488619 -0.01011162 0.0314253 0.4885861 -0.8724976 0.00566344 0.05968323 0 0 0 1</matrix>
                      <node id="node-Bone078" name="Bone078">
                        <matrix>0.7043357 -0.4953954 0.5084244 0.06178032 0.3977997 0.8686491 0.2953046 5.06639e-7 -0.5879346 -0.005742431 0.8088884 4.37498e-5 0 0 0 1</matrix>
                        <node id="node-Bone079" name="Bone079">
                          <matrix>0.7459559 -0.6548732 0.1212057 0.1102705 0.4237671 0.6071163 0.6721835 -2.98023e-8 -0.5137813 -0.4500562 0.7303956 1.19209e-7 0 0 0 1</matrix>
                          <node id="node-Bone080" name="Bone080">
                            <matrix>0.8926533 0.2532577 0.3728678 0.1663147 -0.1483835 0.9462286 -0.2874601 3.72529e-8 -0.4256198 0.2012751 0.8822337 1.19209e-7 0 0 0 1</matrix>
                            <node id="node-Bone081" name="Bone081">
                              <matrix>0.9320754 0.1246797 -0.340132 0.1379911 -0.1721553 -0.673667 -0.7187043 1.86265e-9 -0.3187436 0.7284418 -0.6064444 -5.96046e-8 0 0 0 1</matrix>
                            </node>
                          </node>
                        </node>
                      </node>
                    </node>
                    <node id="node-Bone066" name="Bone066">
                      <matrix>-0.2908011 -3.27826e-7 0.9567835 0.1378932 -0.9335831 0.2188804 -0.2837497 0.009998873 -0.2094211 -0.9757516 -0.06365094 -0.07983375 0 0 0 1</matrix>
                      <node id="node-Bone067" name="Bone067">
                        <matrix>0.796599 0.4133027 0.4411483 0.081056 -0.3324229 0.9090161 -0.2513688 -2.98023e-8 -0.5049019 0.05359232 0.8615117 -3.09944e-6 0 0 0 1</matrix>
                        <node id="node-Bone068" name="Bone068">
                          <matrix>0.9018514 0.4028897 0.1560252 0.06413406 -0.2337512 0.7587149 -0.608039 -2.38419e-7 -0.3633519 0.5118901 0.7784244 1.19209e-7 0 0 0 1</matrix>
                          <node id="node-Bone069" name="Bone069">
                            <matrix>0.999895 0.01424581 0.002566963 0.08350694 -0.0141854 0.9996532 -0.02217154 -5.96046e-8 -0.002882004 0.02213272 0.9997509 -5.96046e-8 0 0 0 1</matrix>
                            <node id="node-Bone070" name="Bone070">
                              <matrix>0.9643174 -0.150227 0.2179987 0.08289564 0.09696239 0.966611 0.2371961 0 -0.2463528 -0.207595 0.946686 0 0 0 0 1</matrix>
                              <node id="node-Bone071" name="Bone071">
                                <matrix>0.9585638 -0.1121206 0.2618873 0.0640018 0.03549382 0.9591346 0.2807153 5.96046e-8 -0.2826594 -0.2597879 0.9233713 2.98023e-8 0 0 0 1</matrix>
                                <node id="node-Bone072" name="Bone072">
                                  <matrix>0.9640762 -0.03288296 -0.2635827 0.07497585 0.2330033 -0.3717678 0.8986087 5.96046e-8 -0.1275405 -0.9277431 -0.3507508 0 0 0 0 1</matrix>
                                </node>
                              </node>
                            </node>
                          </node>
                        </node>
                      </node>
                    </node>
                    <node id="node-Bone073" name="Bone073">
                      <matrix>-0.2925557 1.63913e-7 0.9562489 0.0924896 -0.9547039 0.05680938 -0.2920833 -0.03078891 -0.05432392 -0.9983849 -0.01661979 -0.07006142 0 0 0 1</matrix>
                      <node id="node-Bone074" name="Bone074">
                        <matrix>0.6387706 0.4660808 0.6121607 0.05861652 -0.2161334 0.8722984 -0.4386136 2.98023e-8 -0.7384158 0.1478651 0.6579341 0 0 0 0 1</matrix>
                        <node id="node-Bone075" name="Bone075">
                          <matrix>0.966939 -0.2549823 -0.003659785 0.08270764 0.2245849 0.8446918 0.4858575 2.98023e-8 -0.1207937 -0.4706161 0.8740307 0 0 0 0 1</matrix>
                          <node id="node-Bone076" name="Bone076">
                            <matrix>0.9027886 -0.3799327 -0.2015531 0.1038885 0.1286856 -0.2085411 0.9695106 0 -0.4103809 -0.9012001 -0.1393765 -1.19209e-7 0 0 0 1</matrix>
                          </node>
                        </node>
                      </node>
                    </node>
                    <node id="node-Bone082" name="Bone082">
                      <matrix>-0.3110904 3.27826e-7 0.9503806 0.09530389 -0.9488455 -0.05680679 -0.310588 -0.03142178 0.05398794 -0.9983854 0.01767233 0.06847608 0 0 0 1</matrix>
                      <node id="node-Bone083" name="Bone083">
                        <matrix>0.6710566 -0.4341135 0.6010227 0.05861518 0.182701 0.8824793 0.4334169 1.78814e-7 -0.7185422 -0.18104 0.6715067 4.88758e-6 0 0 0 1</matrix>
                        <node id="node-Bone084" name="Bone084">
                          <matrix>0.9794419 0.1983212 0.03691366 0.08271182 -0.1548231 0.8563238 -0.492687 2.98023e-8 -0.1293203 0.4768434 0.8694239 2.98023e-7 0 0 0 1</matrix>
                          <node id="node-Bone085" name="Bone085">
                            <matrix>0.9224286 0.3760583 -0.08778422 0.1038884 -0.1378097 0.1082106 -0.9845294 -8.9407e-8 -0.3607413 0.9202555 0.151641 -1.19209e-7 0 0 0 1</matrix>
                            <node id="node-Bone086" name="Bone086">
                              <matrix>0.9832615 0.04322941 -0.1769952 0.1096958 -0.123718 0.871561 -0.4744204 2.38419e-7 0.1337533 0.4883772 0.8623211 5.21541e-8 0 0 0 1</matrix>
                            </node>
                          </node>
                        </node>
                      </node>
                    </node>
                  </node>
                </node>
                <node id="node-Bip001_backpack_01" name="Bip001_backpack_01">
                  <matrix>-0.9792178 0.2028019 -0.001978815 0.2016006 -0.2027961 -0.9792168 -0.002801955 -0.08787805 -0.002505928 -0.002342433 0.999994 3.8743e-7 0 0 0 1</matrix>
                  <node id="node-Bip001_rope_01" name="Bip001_rope_01">
                    <matrix>0.9500332 -0.3097464 -0.03864785 0.4241185 -0.2955908 -0.9325069 0.2075001 0.08793366 -0.1003119 -0.1857081 -0.9774709 0.09922144 0 0 0 1</matrix>
                    <node id="node-Bip001_rope_02" name="Bip001_rope_02">
                      <matrix>0.997865 0.06031725 -0.025041 0.09589297 0.06092101 -0.9978518 0.02409242 8.32677e-5 -0.02353406 -0.0255665 -0.9993961 2.17557e-6 0 0 0 1</matrix>
                      <node id="node-Bip001_rope_03" name="Bip001_rope_03">
                        <matrix>0.9781299 0.01892784 -0.2071325 0.1048672 -0.05167693 0.9867401 -0.1538622 -1.02401e-4 0.2014736 0.1612013 0.966138 -0.001042694 0 0 0 1</matrix>
                      </node>
                    </node>
                  </node>
                  <node id="node-Bip001_Xtra17" name="Bip001_Xtra17">
                    <matrix>-0.04419935 -0.706396 -0.7064354 0.1551487 0.9990225 -0.03164938 -0.03085798 0.1124571 -5.60269e-4 -0.7071088 0.7071044 6.88732e-5 0 0 0 1</matrix>
                    <node id="node-Bip001_Xtra18" name="Bip001_Xtra18">
                      <matrix>0.9999999 0 -5.96046e-8 0.02474701 0 1 3.27826e-7 -2.24411e-5 -2.98023e-8 -3.27826e-7 1 0 0 0 0 1</matrix>
                    </node>
                    <node id="node-Bip001_Xtra19" name="Bip001_Xtra19">
                      <matrix>0.9999995 -7.96378e-4 7.98851e-4 0.02904582 -7.96333e-4 -0.9999998 -1.51992e-6 0.02995083 7.98821e-4 8.79169e-7 -0.9999998 -7.49826e-5 0 0 0 1</matrix>
                    </node>
                    <node id="node-Bip001_Xtra20" name="Bip001_Xtra20">
                      <matrix>0.9999918 -0.003981039 7.89165e-4 0.0288974 0.003981054 0.9999921 6.31809e-6 -0.03234428 -7.89225e-4 -3.15905e-6 0.9999996 -7.51615e-5 0 0 0 1</matrix>
                    </node>
                  </node>
                  <node id="node-Bip001_Xtra01" name="Bip001_Xtra01">
                    <matrix>0.998105 -0.06068918 0.01014832 0.2139946 0.06067666 0.9981562 0.001537561 0.05374002 -0.01022291 -9.18925e-4 0.9999472 0.1710363 0 0 0 1</matrix>
                  </node>
                  <node id="node-Bip001_Xtra01Opp" name="Bip001_Xtra01Opp">
                    <matrix>0.9984867 -0.05466181 0.006013304 0.213994 0.05465657 0.9985046 0.00104107 0.05373991 -0.006061196 -7.108e-4 0.9999813 -0.1722648 0 0 0 1</matrix>
                  </node>
                </node>
                <node id="node-Bip001_L_Clavicle" name="Bip001_L_Clavicle">
                  <matrix>-0.1311724 -7.45058e-4 0.9913592 0.1406267 -0.3498611 -0.9356219 -0.04699525 0.024672 0.9275725 -0.3530026 0.1224671 0.05035803 0 0 0 1</matrix>
                  <node id="node-Bip001_L_UpperArm" name="Bip001_L_UpperArm">
                    <matrix sid="matrix">0.6012111 -0.0898225 0.7940257 0.17644 -0.2095633 0.9411606 0.2651418 2.98023e-8 -0.7711213 -0.3258048 0.5470129 -1.19209e-7 0 0 0 1</matrix>
                    <node id="node-Bip001_L_Forearm" name="Bip001_L_Forearm">
                      <matrix sid="matrix">0.6580347 0.7529877 2.98023e-8 0.3022251 -0.7529876 0.6580347 -1.49012e-8 -1.49012e-8 -1.49012e-8 -2.98023e-8 1 0 0 0 0 1</matrix>
                      <node id="node-Bip001_L_Hand" name="Bip001_L_Hand">
                        <matrix sid="matrix">0.8997332 -0.4002513 -0.1740092 0.3035219 0.1474029 -0.09659529 0.9843485 2.98023e-8 -0.4107952 -0.9113005 -0.02791178 0 0 0 0 1</matrix>
                        <node id="node-Bip001_L_Finger0" name="Bip001_L_Finger0">
                          <matrix sid="matrix">0.7808155 0.4573677 0.4256069 0.01779103 0.4777122 0.001960844 -0.8785139 0.01367187 -0.4026392 0.8892748 -0.2169595 -0.02770382 0 0 0 1</matrix>
                          <node id="node-Bip001_L_Finger01" name="Bip001_L_Finger01">
                            <matrix sid="matrix">0.9399812 -0.3412248 8.08418e-4 0.05085599 0.3412258 0.9399786 -0.002217323 0 -3.39746e-6 0.002360091 0.9999971 1.19209e-7 0 0 0 1</matrix>
                            <node id="node-Bip001_L_Finger02" name="Bip001_L_Finger02">
                              <matrix sid="matrix">0.8832201 -0.4689225 0.005843431 0.03437006 0.4689589 0.8831514 -0.0110162 0 5.126e-6 0.01247011 0.9999222 0 0 0 0 1</matrix>
                            </node>
                          </node>
                        </node>
                        <node id="node-Bip001_L_Finger1" name="Bip001_L_Finger1">
                          <matrix sid="matrix">0.9421897 -0.2515203 0.2213941 0.08567595 0.3265597 0.8373001 -0.4385056 -0.005999684 -0.07508051 0.4854537 0.8710321 -0.02973521 0 0 0 1</matrix>
                          <node id="node-Bip001_L_Finger11" name="Bip001_L_Finger11">
                            <matrix sid="matrix">0.9561214 -0.2929703 2.98023e-8 0.05795395 0.2929704 0.9561214 0 -1.19209e-7 2.98023e-8 2.23517e-8 0.9999999 2.98023e-8 0 0 0 1</matrix>
                            <node id="node-Bip001_L_Finger12" name="Bip001_L_Finger12">
                              <matrix sid="matrix">0.9782761 -0.2073058 -2.98023e-8 0.03285104 0.2073057 0.978276 -7.45058e-9 1.19209e-7 2.98023e-8 -1.11759e-8 0.9999999 2.98023e-8 0 0 0 1</matrix>
                            </node>
                          </node>
                        </node>
                        <node id="node-Bip001_L_Finger2" name="Bip001_L_Finger2">
                          <matrix sid="matrix">0.9099866 -0.4107479 0.05666205 0.09032297 0.414623 0.9026113 -0.1156754 -0.01052225 -0.003631026 0.128756 0.9916695 -0.005256593 0 0 0 1</matrix>
                          <node id="node-Bip001_L_Finger21" name="Bip001_L_Finger21">
                            <matrix sid="matrix">0.924853 -0.3803246 0 0.05795395 0.3803246 0.9248531 0 -1.19209e-7 2.98023e-8 -5.58794e-9 1 -2.98023e-8 0 0 0 1</matrix>
                            <node id="node-Bip001_L_Finger22" name="Bip001_L_Finger22">
                              <matrix sid="matrix">0.9723517 -0.2335215 -2.98023e-8 0.04148102 0.2335215 0.9723518 1.21072e-8 5.96046e-8 -5.96046e-8 -2.23517e-8 1 2.98023e-8 0 0 0 1</matrix>
                            </node>
                          </node>
                        </node>
                        <node id="node-Bip001_L_Finger3" name="Bip001_L_Finger3">
                          <matrix sid="matrix">0.8437887 -0.5217916 -0.1255116 0.08558691 0.5360593 0.8306484 0.1505466 -0.009840608 0.02570149 -0.1943113 0.9806034 0.02070284 0 0 0 1</matrix>
                          <node id="node-Bip001_L_Finger31" name="Bip001_L_Finger31">
                            <matrix sid="matrix">0.9207935 -0.3900507 2.98023e-8 0.05795401 0.3900506 0.9207935 0 0 5.96046e-8 -7.45058e-9 1 5.96046e-8 0 0 0 1</matrix>
                            <node id="node-Bip001_L_Finger32" name="Bip001_L_Finger32">
                              <matrix sid="matrix">0.8840971 -0.4673036 0 0.03192699 0.4673036 0.8840969 0 -5.96046e-8 0 0 1 5.96046e-8 0 0 0 1</matrix>
                            </node>
                          </node>
                        </node>
                        <node id="node-Bip001_L_Finger4" name="Bip001_L_Finger4">
                          <matrix sid="matrix">0.8470812 -0.3881948 -0.3629861 0.08973402 0.4792495 0.8531644 0.205986 -0.004826784 0.229724 -0.3484471 0.9087421 0.04668492 0 0 0 1</matrix>
                          <node id="node-Bip001_L_Finger41" name="Bip001_L_Finger41">
                            <matrix sid="matrix">0.8490501 -0.5283121 -2.98023e-8 0.03496808 0.5283121 0.8490502 0 0 0 0 1 0 0 0 0 1</matrix>
                            <node id="node-Bip001_L_Finger42" name="Bip001_L_Finger42">
                              <matrix sid="matrix">0.9036931 -0.4281809 0 0.02205014 0.4281809 0.9036931 1.49012e-8 -8.9407e-8 4.47035e-8 -2.98023e-8 1 0 0 0 0 1</matrix>
                            </node>
                          </node>
                        </node>
                      </node>
                    </node>
                    <node id="node-Bip001_L_ForeTwist" name="Bip001_L_ForeTwist">
                      <matrix sid="matrix">0.6580347 0.7529689 0.005336434 0.3022251 -0.7529876 0.6580182 0.004663453 -1.49012e-8 -1.49012e-8 -0.007086992 0.999975 0 0 0 0 1</matrix>
                      <node id="node-Bip001_L_ForeTwist1" name="Bip001_L_ForeTwist1">
                        <matrix sid="matrix">1 -2.23517e-8 0 0.101174 5.96046e-8 0.9999748 0.007086992 2.98023e-8 -2.98023e-8 -0.007086992 0.9999748 1.19209e-7 0 0 0 1</matrix>
                        <node id="node-Bip001_L_ForeTwist2" name="Bip001_L_ForeTwist2">
                          <matrix sid="matrix">1 -7.45058e-9 0 0.101174 2.98023e-8 0.9999748 0.007086962 8.9407e-8 2.98023e-8 -0.007086962 0.9999748 0 0 0 0 1</matrix>
                        </node>
                      </node>
                    </node>
                  </node>
                  <node id="node-Bip001_LUpArmTwist" name="Bip001_LUpArmTwist">
                    <matrix sid="matrix">0.6012111 -0.0898225 0.7940257 0.17644 -0.2095633 0.9411606 0.2651418 2.98023e-8 -0.7711213 -0.3258048 0.5470129 -1.19209e-7 0 0 0 1</matrix>
