<?xml version="1.0" encoding="utf-8"?>
<COLLADA xmlns="http://www.collada.org/2005/11/COLLADASchema" version="1.4.1">
  <asset>
    <contributor>
      <author>Setsu</author>
      <authoring_tool>OpenCOLLADA for 3ds Max;  Version: 1.3.1;  Revision: 847M;  Platform: x64;  Configuration: Release_Max2012_static</authoring_tool>
      <source_data>file:///D:/_Work/webgl/models/man/animation/harpoon/wpn_harpoon_attack9.max</source_data>
    </contributor>
    <created>2012-09-04T14:32:20</created>
    <modified>2012-09-04T14:32:20</modified>
    <unit name="meter" meter="1"/>
    <up_axis>Z_UP</up_axis>
  </asset>
  <library_geometries>
    <geometry id="geom-Line001" name="Line001">
      <spline closed="0">
        <source id="geom-Line001-positions">
          <float_array id="geom-Line001-positions-array" count="21">1.155697 0.8408581 1.536583 0.2190984 1.207732 1.902505 -1.315959 0.6135856 2.095799 -0.9327776 -2.059208 1.887435 0.5811684 -2.793642 1.419947 2.406688 -1.636757 0.7770734 0.7576126 0.3800927 0.6596484</float_array>
          <technique_common>
            <accessor source="#geom-Line001-positions-array" count="7" stride="3">
              <param name="X" type="float"/>
              <param name="Y" type="float"/>
              <param name="Z" type="float"/>
            </accessor>
          </technique_common>
        </source>
        <source id="geom-Line001-intangents">
          <float_array id="geom-Line001-intangents-array" count="21">1.155697 0.8408581 1.536583 0.4371298 1.221884 1.809302 -1.149276 1.044499 2.07236 -2.125449 -0.9097269 2.145405 0.1601566 -2.758919 1.588991 2.200107 -2.476642 0.8960071 1.842947 -0.09230095 0.6187629</float_array>
          <technique_common>
            <accessor source="#geom-Line001-intangents-array" count="7" stride="3">
              <param name="X" type="float"/>
              <param name="Y" type="float"/>
              <param name="Z" type="float"/>
            </accessor>
          </technique_common>
        </source>
        <source id="geom-Line001-outtangents">
          <float_array id="geom-Line001-outtangents-array" count="21">0.8772378 1.051357 1.687328 -0.2048301 1.448933 1.995707 -1.454328 0.2312519 2.108445 -0.3473873 -2.576675 1.748722 1.304366 -2.844623 1.188982 2.535203 -0.7846318 0.6579046 0.7576126 0.3800927 0.6596484</float_array>
          <technique_common>
            <accessor source="#geom-Line001-outtangents-array" count="7" stride="3">
              <param name="X" type="float"/>
              <param name="Y" type="float"/>
              <param name="Z" type="float"/>
            </accessor>
          </technique_common>
        </source>
        <source id="geom-Line001-interpolations">
          <Name_array id="geom-Line001-interpolations-array" count="7">BEZIER BEZIER BEZIER BEZIER BEZIER BEZIER BEZIER</Name_array>
          <technique_common>
            <accessor source="#geom-Line001-interpolations-array" count="7" stride="1">
              <param name="INTERPOLATION" type="name"/>
            </accessor>
          </technique_common>
        </source>
        <control_vertices>
          <input semantic="POSITION" source="#geom-Line001-positions"/>
          <input semantic="IN_TANGENT" source="#geom-Line001-intangents"/>
          <input semantic="OUT_TANGENT" source="#geom-Line001-outtangents"/>
          <input semantic="INTERPOLATION" source="#geom-Line001-interpolations"/>
        </control_vertices>
      </spline>
    </geometry>
  </library_geometries>
  <library_lights>
    <light id="EnvironmentAmbientLight" name="EnvironmentAmbientLight">
      <technique_common>
        <ambient>
          <color>0.019608 0.019608 0.019608</color>
        </ambient>
      </technique_common>
    </light>
  </library_lights>
  <library_visual_scenes>
    <visual_scene id="MaxScene">
      <node name="EnvironmentAmbientLight">
        <instance_light url="#EnvironmentAmbientLight"/>
      </node>
      <node id="node-Bip001" name="Bip001">
        <matrix>0.9855413 -0.1694272 -0.001657002 -0.198649 0.1693718 0.9853923 -0.01775331 0.08659528 0.004640691 0.01721597 0.999841 0.8907853 0 0 0 1</matrix>
        <node id="node-Bip001_Pelvis" name="Bip001_Pelvis">
          <matrix sid="matrix">0.007302815 0.9658986 0.2588176 0.01959415 0.03171384 -0.2589181 0.9653785 0.01982215 0.9994702 0.001158119 -0.03252317 -2.46763e-5 0 0 0 1</matrix>
          <node id="node-Bip001_Spine" name="Bip001_Spine">
            <matrix sid="matrix">0.9525657 0.06033213 -0.2982934 0.1063486 -0.1112261 0.9813635 -0.1566994 0.01570481 0.2832803 0.1824445 0.9415237 7.28674e-4 0 0 0 1</matrix>
            <node id="node-Bip001_Spine1" name="Bip001_Spine1">
              <matrix sid="matrix">0.9930137 -0.1175629 -0.01012862 0.1646494 0.1173061 0.974259 0.1925059 -1.2774e-4 -0.01276371 -0.1923491 0.9812434 2.51979e-5 0 0 0 1</matrix>
              <node id="node-Bip001_Spine2" name="Bip001_Spine2">
                <matrix sid="matrix">0.9357076 -0.3507808 0.03747042 0.1646798 0.3111114 0.8706019 0.3811328 -1.14143e-4 -0.1663159 -0.3449714 0.9237607 4.52548e-5 0 0 0 1</matrix>
                <node id="node-Bip001_Neck" name="Bip001_Neck">
                  <matrix sid="matrix">0.9721465 -0.2253816 0.06429781 0.1743758 0.230851 0.9681834 -0.09658511 -0.007501304 -0.04048359 0.108738 0.9932457 -6.57141e-6 0 0 0 1</matrix>
                  <node id="node-Bip001_Head" name="Bip001_Head">
                    <matrix sid="matrix">0.9902146 -0.1172486 0.07568076 0.08447993 1.44809e-4 0.5431743 0.8396198 0.03011221 -0.139552 -0.8313931 0.5378761 1.04308e-7 0 0 0 1</matrix>
                    <node id="node-Bip001_AngryBrowR" name="Bip001_AngryBrowR">
                      <matrix>0.001812041 -0.9852681 0.1710073 0.1354004 0.9995395 -0.003395721 -0.03015606 0.1043412 0.03029251 0.1709833 0.9848081 -0.01978302 0 0 0 1</matrix>
                    </node>
                    <node id="node-Bip001_SillyBrowL" name="Bip001_SillyBrowL">
                      <matrix>-0.004057199 -0.9597188 -0.280933 0.134617 0.7867899 0.1703331 -0.5932522 0.08548471 0.6172076 -0.2234422 0.7544059 0.05988097 0 0 0 1</matrix>
                    </node>
                    <node id="node-Bip001_SillyBrowR" name="Bip001_SillyBrowR">
                      <matrix>-0.004056916 -0.9597203 0.2809277 0.134617 0.7867938 0.1703287 0.5932485 0.08548504 -0.6172027 0.2234389 0.754411 -0.05988038 0 0 0 1</matrix>
                    </node>
                    <node id="node-Bip001_jaw" name="Bip001_jaw">
                      <matrix>0.3710407 -0.9275405 -0.04469159 0.07394218 0.8026186 0.3445303 -0.4869316 0.01053733 0.4670464 0.1448011 0.872296 -1.20401e-5 0 0 0 1</matrix>
                      <node id="node-Bip001_lowerLipL" name="Bip001_lowerLipL">
                        <matrix>-0.8336916 -0.3554322 -0.4226423 0.107451 0.3746176 -0.9263142 0.04004893 -0.0348357 -0.4057343 -0.1249408 0.9054114 0.009654522 0 0 0 1</matrix>
                      </node>
                      <node id="node-Bip001_lowerLipR" name="Bip001_lowerLipR">
                        <matrix>0.7819586 1.74716e-6 -0.6233305 0.1074493 -0.6233307 -4.05312e-6 -0.7819586 -0.03484023 -3.94881e-6 1 -2.10106e-6 -0.009658992 0 0 0 1</matrix>
                      </node>
                    </node>
                    <node id="node-Bip001_upperLipL" name="Bip001_upperLipL">
                      <matrix>-8.04663e-7 -6.22869e-6 -0.9999999 0.04530871 1 2.88337e-6 -7.45058e-7 0.116103 2.91318e-6 -0.9999999 6.16908e-6 0.00955534 0 0 0 1</matrix>
                    </node>
                    <node id="node-Bip001_upperLipR" name="Bip001_upperLipR">
                      <matrix>-8.19564e-7 -1.17719e-5 1 0.04530883 1 -2.65241e-6 7.45058e-7 0.1161031 2.65241e-6 1 1.16825e-5 -0.009554625 0 0 0 1</matrix>
                    </node>
                    <node id="node-Bip001_AngryBrowL" name="Bip001_AngryBrowL">
                      <matrix>0.001812026 -0.9852672 -0.1710128 0.1354002 0.9995396 -0.003394917 0.03015058 0.1043411 -0.03028695 -0.1709886 0.9848073 0.01978356 0 0 0 1</matrix>
                    </node>
                    <node id="node-Bone050" name="Bone050">
                      <matrix>-0.2718078 -4.17233e-7 0.9623518 0.176674 -0.9409114 0.2099089 -0.2657521 0.01386482 -0.2020061 -0.977721 -0.05705523 -0.080042 0 0 0 1</matrix>
                      <node id="node-Bone051" name="Bone051">
                        <matrix>0.8727056 -0.06772891 0.4835262 0.06664178 0.04994029 0.9975202 0.04958954 0 -0.4856858 -0.01912966 0.8739239 0 0 0 0 1</matrix>
                        <node id="node-Bone052" name="Bone052">
                          <matrix>0.9062541 -0.3886848 0.1662162 0.05545187 0.2715809 0.8366386 0.4756894 0 -0.3239561 -0.3859543 0.8637663 -1.19209e-7 0 0 0 1</matrix>
                          <node id="node-Bone053" name="Bone053">
                            <matrix>0.8183509 -0.4357321 -0.3747522 0.05517262 0.1430369 -0.4771262 0.8671163 0 -0.5566342 -0.763209 -0.3281313 1.19209e-7 0 0 0 1</matrix>
                            <node id="node-Bone054" name="Bone054">
                              <matrix>0.8138614 -0.1123603 -0.5700921 0.05649638 0.4602882 0.7234693 0.5145156 0 0.354633 -0.681151 0.6405218 2.98023e-8 0 0 0 1</matrix>
                            </node>
                          </node>
                        </node>
                      </node>
                    </node>
                    <node id="node-Bone044" name="Bone044">
                      <matrix>-0.09140615 -4.47035e-7 0.9958137 0.2017386 -0.9919919 0.08753215 -0.09105526 0.01348132 -0.08716563 -0.9961617 -0.008001357 -0.06964707 0 0 0 1</matrix>
                      <node id="node-Bone045" name="Bone045">
                        <matrix>0.7861627 0.1194515 0.6063655 0.07249832 -0.08783488 0.9927795 -0.08169398 2.38419e-7 -0.6117459 0.01096469 0.7909784 -1.3113e-6 0 0 0 1</matrix>
                        <node id="node-Bone046" name="Bone046">
                          <matrix>0.9278778 -0.2364843 0.288303 0.0625881 0.1528029 0.9464127 0.2845247 -1.19209e-7 -0.3401393 -0.2199505 0.9142909 4.29153e-6 0 0 0 1</matrix>
                          <node id="node-Bone047" name="Bone047">
                            <matrix>0.9307665 -0.3523222 0.09768251 0.06108761 0.1767301 0.6674464 0.7233816 0 -0.3200612 -0.6560364 0.683503 -1.19209e-7 0 0 0 1</matrix>
                            <node id="node-Bone048" name="Bone048">
                              <matrix>0.9457324 0.2373302 -0.221957 0.07517135 -0.2279812 -0.002116342 -0.9736636 0 -0.2315491 0.9714271 0.05210523 0 0 0 0 1</matrix>
                              <node id="node-Bone049" name="Bone049">
                                <matrix>0.8586522 0.1722121 -0.4827631 0.08048499 -0.4657756 0.6552922 -0.5946811 -5.96046e-8 0.2139394 0.7354832 0.64288 0 0 0 0 1</matrix>
                              </node>
                            </node>
                          </node>
                        </node>
                      </node>
                    </node>
                    <node id="node-Bone014" name="Bone014">
                      <matrix>-0.02865493 -2.68221e-7 0.999589 0.2221859 -0.9993565 0.02160656 -0.02864823 0.004512668 -0.02159769 -0.9997666 -6.19441e-4 -0.05774581 0 0 0 1</matrix>
                      <node id="node-Bone015" name="Bone015">
                        <matrix>0.8968285 0.1569262 0.4136093 0.04459429 -0.1405922 0.9876003 -0.06985632 0 -0.4194429 0.004498839 0.9077709 -3.8147e-6 0 0 0 1</matrix>
                        <node id="node-Bone016" name="Bone016">
                          <matrix>0.8073794 0.3848706 0.4472286 0.05171204 -0.2289693 0.9029424 -0.3636865 1.19209e-7 -0.5437935 0.191231 0.8171406 1.19209e-7 0 0 0 1</matrix>
                          <node id="node-Bone017" name="Bone017">
                            <matrix>0.9567487 0.1163465 0.2666373 0.06625283 -0.06016743 0.9758648 -0.209923 0 -0.2846259 0.1848008 0.9406572 -5.96046e-8 0 0 0 1</matrix>
                            <node id="node-Bone018" name="Bone018">
                              <matrix>0.9759617 -0.1837634 -0.1171754 0.07592642 0.2160516 0.7450927 0.6309978 1.19209e-7 -0.02864771 -0.641146 0.7668844 -4.52995e-6 0 0 0 1</matrix>
                              <node id="node-Bone019" name="Bone019">
                                <matrix>0.9469507 -0.1838324 -0.2636099 0.05424261 0.2948283 0.8233756 0.4849015 0 0.1279092 -0.5368977 0.8338951 0 0 0 0 1</matrix>
                                <node id="node-Bone020" name="Bone020">
                                  <matrix>0.7088867 -0.5135251 -0.4834985 0.1070501 0.4797027 -0.1515177 0.8642493 0 -0.5170728 -0.8445907 0.1389304 0 0 0 0 1</matrix>
                                </node>
                              </node>
                            </node>
                          </node>
                        </node>
                      </node>
                    </node>
                    <node id="node-Bone006" name="Bone006">
                      <matrix>0.196101 -5.96046e-8 0.980584 0.2309459 -0.9789099 0.05840611 0.1957663 0.03429443 -0.05727208 -0.9982929 0.01145342 -0.02691716 0 0 0 1</matrix>
                      <node id="node-Bone007" name="Bone007">
                        <matrix>0.9117422 -0.01410429 0.4105207 0.04605401 0.01401889 0.9998968 0.003218472 5.96046e-8 -0.4105236 0.002820581 0.9118454 1.19209e-7 0 0 0 1</matrix>
                        <node id="node-Bone008" name="Bone008">
                          <matrix>0.9392016 0.1158517 0.3232316 0.04755574 -0.1007923 0.9929103 -0.06300741 0 -0.3282396 0.0265975 0.9442204 0 0 0 0 1</matrix>
                          <node id="node-Bone009" name="Bone009">
                            <matrix>0.9081649 5.73471e-4 0.4186127 0.05169481 -3.70741e-4 0.9999999 -5.65678e-4 0 -0.4186128 3.58611e-4 0.9081649 -1.19209e-7 0 0 0 1</matrix>
                            <node id="node-Bone010" name="Bone010">
                              <matrix>0.9252815 -0.277404 0.2586522 0.0660634 0.1212467 0.862509 0.4913011 -5.96046e-8 -0.3593791 -0.4232312 0.8316981 0 0 0 0 1</matrix>
                              <node id="node-Bone011" name="Bone011">
                                <matrix>0.9589167 -0.2158549 -0.1840783 0.06010842 0.2631019 0.4340236 0.8616267 8.9407e-8 -0.1060917 -0.8746601 0.4729845 0 0 0 0 1</matrix>
                                <node id="node-Bone012" name="Bone012">
                                  <matrix>0.966953 -0.1915676 -0.1682376 0.05975711 0.2547095 0.7547973 0.6044865 8.9407e-7 0.01118526 -0.6273614 0.7786477 -2.38419e-7 0 0 0 1</matrix>
                                  <node id="node-Bone013" name="Bone013">
                                    <matrix>0.8543545 -0.001355797 -0.5196888 0.05263507 0.002830401 0.999994 0.002044052 -5.96046e-8 0.5196829 -0.003217176 0.8543533 4.17233e-7 0 0 0 1</matrix>
                                  </node>
                                </node>
                              </node>
                            </node>
                          </node>
                        </node>
                      </node>
                    </node>
                    <node id="node-Bone021" name="Bone021">
                      <matrix>0.4470657 -1.49012e-7 0.8945011 0.2271245 -0.8945011 6.33299e-6 0.4470657 0.05075827 -5.75185e-6 -1 2.65241e-6 1.19209e-7 0 0 0 1</matrix>
                      <node id="node-Bone022" name="Bone022">
                        <matrix>0.906424 4.97699e-6 0.4223688 0.03557789 -5.63264e-6 1 2.38419e-7 -5.96046e-8 -0.4223688 -2.5928e-6 0.906424 0 0 0 0 1</matrix>
                        <node id="node-Bone023" name="Bone023">
                          <matrix>0.9613262 -9.53674e-7 0.2754122 0.04570848 9.24338e-7 1 2.68221e-7 0 -0.2754122 0 0.9613261 0 0 0 0 1</matrix>
                          <node id="node-Bone024" name="Bone024">
                            <matrix>0.8313265 -1.68802e-6 0.5557857 0.05609787 1.17719e-6 1 1.3113e-6 -5.96046e-8 -0.5557857 -3.8743e-7 0.8313264 -2.26498e-6 0 0 0 1</matrix>
                            <node id="node-Bone025" name="Bone025">
                              <matrix>0.9055953 0 0.4241419 0.06339759 -5.96046e-8 1 1.49012e-8 0 -0.4241418 -2.98023e-8 0.9055952 7.15256e-7 0 0 0 1</matrix>
                              <node id="node-Bone026" name="Bone026">
                                <matrix>0.9644742 1.10865e-5 0.2641778 0.06756568 -9.53674e-7 1 -3.84897e-5 5.96046e-8 -0.2641778 3.68804e-5 0.9644743 9.53674e-7 0 0 0 1</matrix>
                                <node id="node-Bone027" name="Bone027">
                                  <matrix>0.9817943 -1.19209e-6 -0.1899466 0.07909274 9.86457e-6 1 4.48376e-5 0 0.1899466 -4.58807e-5 0.9817942 -5.36442e-7 0 0 0 1</matrix>
                                  <node id="node-Bone028" name="Bone028">
                                    <matrix>0.9998927 2.02656e-6 0.01466203 0.07343209 -1.90735e-6 1 -1.03563e-5 -5.96046e-8 -0.014662 1.03414e-5 0.9998927 5.96046e-8 0 0 0 1</matrix>
                                  </node>
                                </node>
                              </node>
                            </node>
                          </node>
                        </node>
                      </node>
                    </node>
                    <node id="node-Bone029" name="Bone029">
                      <matrix>0.1961011 -1.49012e-7 0.9805838 0.2309459 -0.9789099 -0.05839981 0.1957663 0.03429425 0.05726582 -0.9982933 -0.01145238 0.0269168 0 0 0 1</matrix>
                      <node id="node-Bone030" name="Bone030">
                        <matrix>0.9117724 0.01410468 0.4104536 0.04605377 -0.01401946 0.9998964 -0.003217548 -5.96046e-8 -0.4104564 -0.002820611 0.9118758 -3.93391e-6 0 0 0 1</matrix>
                        <node id="node-Bone031" name="Bone031">
                          <matrix>0.9391773 -0.1158523 0.3233027 0.04755457 0.1007911 0.9929109 0.06300676 0 -0.3283098 -0.02658844 0.9441957 0 0 0 0 1</matrix>
                          <node id="node-Bone032" name="Bone032">
                            <matrix>0.9038531 0.04105056 0.4258696 0.05169515 -0.02617571 0.9988273 -0.04072466 -5.96046e-8 -0.4270421 0.02566159 0.903868 0 0 0 0 1</matrix>
                            <node id="node-Bone033" name="Bone033">
                              <matrix>0.9352223 0.2103268 0.2848186 0.06606317 -0.09208226 0.9212399 -0.3779385 5.96046e-8 -0.3418767 0.3272297 0.8809316 1.19209e-7 0 0 0 1</matrix>
                              <node id="node-Bone034" name="Bone034">
                                <matrix>0.9540269 0.2209558 -0.2025129 0.06010938 -0.2726005 0.3588102 -0.8927174 0 -0.1245871 0.9068815 0.4025471 0 0 0 0 1</matrix>
                                <node id="node-Bone035" name="Bone035">
                                  <matrix>0.9640255 0.184163 -0.1916737 0.05975628 -0.2622839 0.7761135 -0.573458 0 0.04315067 0.603101 0.7964969 -7.45058e-8 0 0 0 1</matrix>
                                  <node id="node-Bone036" name="Bone036">
                                    <matrix>0.8694143 0.01521919 -0.4938492 0.05263567 -0.02966284 0.9993309 -0.02142406 -1.49012e-8 0.4931928 0.03327529 0.8692835 -2.98023e-8 0 0 0 1</matrix>
                                  </node>
                                </node>
                              </node>
                            </node>
                          </node>
                        </node>
                      </node>
                    </node>
                    <node id="node-Bone037" name="Bone037">
                      <matrix>-0.03296207 1.78814e-7 0.9994567 0.2221859 -0.99898 -0.03087517 -0.03294639 0.00451237 0.03085838 -0.9995235 0.001017898 0.05774575 0 0 0 1</matrix>
                      <node id="node-Bone038" name="Bone038">
                        <matrix>0.8929765 -0.1232729 0.4328945 0.04459453 0.1165006 0.9922913 0.04225153 1.19209e-7 -0.434766 0.01270294 0.9004542 0 0 0 0 1</matrix>
                        <node id="node-Bone039" name="Bone039">
                          <matrix>0.8104645 -0.3801517 0.4456805 0.0517102 0.2161753 0.9012178 0.3755989 0 -0.5444399 -0.2080643 0.8125845 -1.66893e-6 0 0 0 1</matrix>
                          <node id="node-Bone040" name="Bone040">
                            <matrix>0.964831 -0.1429276 0.2206182 0.06625342 0.07894538 0.9580724 0.2754363 0 -0.2507358 -0.2483327 0.9356616 0 0 0 0 1</matrix>
                            <node id="node-Bone041" name="Bone041">
                              <matrix>0.9759558 0.1838066 -0.1171584 0.07592797 -0.216068 0.7449556 -0.6311548 2.08616e-7 -0.0287326 0.6412933 0.766758 0 0 0 0 1</matrix>
                              <node id="node-Bone042" name="Bone042">
                                <matrix>0.945026 0.2399527 -0.2221449 0.05424112 -0.3174698 0.8360454 -0.4474817 0 0.07834879 0.4934065 0.8662629 2.38419e-7 0 0 0 1</matrix>
                                <node id="node-Bone043" name="Bone043">
                                  <matrix>0.7633408 0.4381691 -0.4746784 0.1070513 -0.4467452 -0.1726973 -0.8778355 0 -0.4666158 0.8821476 0.06392276 0 0 0 0 1</matrix>
                                </node>
                              </node>
                            </node>
                          </node>
                        </node>
                      </node>
                    </node>
                    <node id="node-Bone055" name="Bone055">
                      <matrix>-0.09140572 1.49012e-7 0.9958144 0.2017386 -0.9919923 -0.08752594 -0.09105497 0.01348096 0.08715953 -0.9961622 0.008000463 0.06964707 0 0 0 1</matrix>
                      <node id="node-Bone056" name="Bone056">
                        <matrix>0.7861556 -0.1194354 0.6063781 0.07249781 0.0878219 0.9927815 0.08168429 4.17233e-7 -0.6117567 -0.01096335 0.7909697 0 0 0 0 1</matrix>
                        <node id="node-Bone057" name="Bone057">
                          <matrix>0.9220536 0.2822241 0.2648901 0.062585 -0.1853493 0.9227366 -0.3379383 -2.98023e-7 -0.3397979 0.2625 0.9031228 1.19209e-7 0 0 0 1</matrix>
                          <node id="node-Bone058" name="Bone058">
                            <matrix>0.9331157 0.3402687 0.1162441 0.0610894 -0.172181 0.7066322 -0.6863127 5.96046e-8 -0.3156725 0.6203942 0.717957 1.19209e-7 0 0 0 1</matrix>
                            <node id="node-Bone059" name="Bone059">
                              <matrix>0.9435688 -0.2433106 -0.2246737 0.07517016 0.2279499 -0.01498592 0.9735573 1.19209e-7 -0.2402438 -0.9698328 0.04132225 0 0 0 0 1</matrix>
                              <node id="node-Bone060" name="Bone060">
                                <matrix>0.8586496 -0.1722088 -0.4827677 0.08048642 0.465779 0.655285 0.5946857 7.45058e-8 0.2139404 -0.7354897 0.6428715 -1.19209e-7 0 0 0 1</matrix>
                              </node>
                            </node>
                          </node>
                        </node>
                      </node>
                    </node>
                    <node id="node-Bone061" name="Bone061">
                      <matrix>-0.2765531 5.96046e-7 0.9609984 0.1766738 -0.9376869 -0.2189246 -0.2698442 0.0138644 0.2103862 -0.975742 0.06054479 0.08004999 0 0 0 1</matrix>
                      <node id="node-Bone062" name="Bone062">
                        <matrix>0.8800436 0.03148921 0.4738473 0.06630631 -0.02342631 0.999463 -0.02291048 0 -0.4743144 0.009061724 0.8803089 -2.02656e-6 0 0 0 1</matrix>
                        <node id="node-Bone063" name="Bone063">
                          <matrix>0.8984271 0.4092896 0.1590954 0.05577618 -0.2856669 0.8199127 -0.4961224 0 -0.333502 0.4002814 0.8535522 0 0 0 0 1</matrix>
                          <node id="node-Bone064" name="Bone064">
                            <matrix>0.8136278 0.4382422 -0.3820377 0.05538893 -0.1488503 -0.478192 -0.8655491 0 -0.562008 0.7611017 -0.3238379 0 0 0 0 1</matrix>
                            <node id="node-Bone065" name="Bone065">
                              <matrix>0.8752897 0.08609426 -0.4758735 0.05682135 -0.3054109 0.8613695 -0.4059146 0 0.3749559 0.5006298 0.780242 2.98023e-8 0 0 0 1</matrix>
                            </node>
                          </node>
                        </node>
                      </node>
                    </node>
                    <node id="node-Bone077" name="Bone077">
                      <matrix>-0.01158962 5.96046e-7 0.9999329 0.1375992 -0.8724388 -0.488619 -0.01011166 0.0314253 0.4885861 -0.8724976 0.005663425 0.0596832 0 0 0 1</matrix>
                      <node id="node-Bone078" name="Bone078">
                        <matrix>0.7043356 -0.4953953 0.5084243 0.06178032 0.3977998 0.868649 0.2953045 4.76837e-7 -0.5879346 -0.005742371 0.8088884 4.3869e-5 0 0 0 1</matrix>
                        <node id="node-Bone079" name="Bone079">
                          <matrix>0.7459559 -0.6548732 0.1212058 0.1102705 0.4237671 0.6071162 0.6721835 5.96046e-8 -0.5137812 -0.4500562 0.7303956 0 0 0 0 1</matrix>
                          <node id="node-Bone080" name="Bone080">
                            <matrix>0.8926533 0.2532579 0.3728679 0.1663147 -0.1483836 0.9462287 -0.2874602 4.47035e-8 -0.4256199 0.2012752 0.8822339 1.19209e-7 0 0 0 1</matrix>
                            <node id="node-Bone081" name="Bone081">
                              <matrix>0.9320753 0.1246796 -0.3401321 0.137991 -0.1721553 -0.6736668 -0.7187042 -1.49012e-8 -0.3187434 0.7284417 -0.6064442 -1.19209e-7 0 0 0 1</matrix>
                            </node>
                          </node>
                        </node>
                      </node>
                    </node>
                    <node id="node-Bone066" name="Bone066">
                      <matrix>-0.2908011 -3.27826e-7 0.9567834 0.1378931 -0.9335832 0.2188804 -0.2837497 0.009998858 -0.2094212 -0.9757516 -0.06365097 -0.07983375 0 0 0 1</matrix>
                      <node id="node-Bone067" name="Bone067">
                        <matrix>0.796599 0.4133027 0.4411483 0.08105601 -0.3324229 0.9090161 -0.2513689 -1.19209e-7 -0.5049019 0.05359244 0.8615117 -3.09944e-6 0 0 0 1</matrix>
                        <node id="node-Bone068" name="Bone068">
                          <matrix>0.9018514 0.4028898 0.1560252 0.064134 -0.2337512 0.7587148 -0.6080388 -2.38419e-7 -0.3633518 0.51189 0.7784242 2.38419e-7 0 0 0 1</matrix>
                          <node id="node-Bone069" name="Bone069">
                            <matrix>0.999895 0.01424581 0.002566934 0.08350706 -0.01418531 0.9996531 -0.02217145 -5.96046e-8 -0.002881974 0.02213278 0.9997507 -2.98023e-8 0 0 0 1</matrix>
                            <node id="node-Bone070" name="Bone070">
                              <matrix>0.9643174 -0.1502271 0.2179987 0.08289564 0.09696239 0.966611 0.237196 0 -0.2463527 -0.2075951 0.946686 0 0 0 0 1</matrix>
                              <node id="node-Bone071" name="Bone071">
                                <matrix>0.9585638 -0.1121206 0.2618873 0.06400156 0.03549382 0.9591345 0.2807153 1.19209e-7 -0.2826594 -0.2597879 0.9233711 0 0 0 0 1</matrix>
                                <node id="node-Bone072" name="Bone072">
                                  <matrix>0.9640763 -0.032883 -0.2635827 0.07497597 0.2330033 -0.3717678 0.8986087 0 -0.1275404 -0.9277431 -0.3507508 2.98023e-8 0 0 0 1</matrix>
                                </node>
                              </node>
                            </node>
                          </node>
                        </node>
                      </node>
                    </node>
                    <node id="node-Bone073" name="Bone073">
                      <matrix>-0.2925557 1.19209e-7 0.9562488 0.09248972 -0.954704 0.0568094 -0.2920833 -0.0307889 -0.05432395 -0.998385 -0.01661974 -0.07006145 0 0 0 1</matrix>
                      <node id="node-Bone074" name="Bone074">
                        <matrix>0.6387705 0.4660808 0.6121607 0.0586165 -0.2161334 0.8722983 -0.4386137 0 -0.7384158 0.147865 0.657934 0 0 0 0 1</matrix>
                        <node id="node-Bone075" name="Bone075">
                          <matrix>0.9669391 -0.2549824 -0.003659755 0.08270752 0.2245848 0.8446919 0.4858575 0 -0.1207937 -0.4706161 0.8740309 -1.19209e-7 0 0 0 1</matrix>
                          <node id="node-Bone076" name="Bone076">
                            <matrix>0.9027887 -0.3799327 -0.201553 0.1038885 0.1286857 -0.2085411 0.9695106 0 -0.4103808 -0.9012001 -0.1393765 -1.19209e-7 0 0 0 1</matrix>
                          </node>
                        </node>
                      </node>
                    </node>
                    <node id="node-Bone082" name="Bone082">
                      <matrix>-0.3110904 3.57628e-7 0.9503804 0.09530377 -0.9488456 -0.0568068 -0.310588 -0.03142178 0.05398793 -0.9983854 0.0176723 0.06847608 0 0 0 1</matrix>
                      <node id="node-Bone083" name="Bone083">
                        <matrix>0.6710566 -0.4341135 0.6010228 0.05861521 0.182701 0.8824793 0.4334169 2.38419e-7 -0.7185422 -0.1810399 0.6715066 4.64916e-6 0 0 0 1</matrix>
                        <node id="node-Bone084" name="Bone084">
                          <matrix>0.9794418 0.1983212 0.03691363 0.08271182 -0.1548231 0.8563236 -0.492687 2.98023e-8 -0.1293202 0.4768435 0.8694239 2.38419e-7 0 0 0 1</matrix>
                          <node id="node-Bone085" name="Bone085">
                            <matrix>0.9224285 0.3760583 -0.08778422 0.1038884 -0.1378096 0.1082106 -0.9845294 -1.19209e-7 -0.3607414 0.9202555 0.1516411 0 0 0 0 1</matrix>
                            <node id="node-Bone086" name="Bone086">
                              <matrix>0.9832618 0.0432294 -0.1769952 0.1096959 -0.123718 0.8715613 -0.4744205 1.78814e-7 0.1337534 0.4883773 0.8623212 8.9407e-8 0 0 0 1</matrix>
                            </node>
                          </node>
                        </node>
                      </node>
                    </node>
                  </node>
                </node>
                <node id="node-Bip001_backpack_01" name="Bip001_backpack_01">
                  <matrix>-0.9792178 0.2028019 -0.001978785 0.2016006 -0.2027961 -0.9792169 -0.002801944 -0.08787805 -0.002505869 -0.002342328 0.9999941 5.06639e-7 0 0 0 1</matrix>
                  <node id="node-Bip001_rope_01" name="Bip001_rope_01">
                    <matrix>0.9500331 -0.3097465 -0.03864783 0.4241185 -0.2955909 -0.9325069 0.2075002 0.08793378 -0.1003118 -0.1857082 -0.977471 0.09922138 0 0 0 1</matrix>
                    <node id="node-Bip001_rope_02" name="Bip001_rope_02">
                      <matrix>0.9978652 0.06031724 -0.02504104 0.09589297 0.06092097 -0.9978518 0.02409244 8.32081e-5 -0.02353406 -0.02556651 -0.9993961 2.14577e-6 0 0 0 1</matrix>
                      <node id="node-Bip001_rope_03" name="Bip001_rope_03">
                        <matrix>0.9781298 0.01892785 -0.2071326 0.104867 -0.05167691 0.9867401 -0.1538621 -1.02401e-4 0.2014737 0.1612011 0.9661381 -0.001042694 0 0 0 1</matrix>
                      </node>
                    </node>
                  </node>
                  <node id="node-Bip001_Xtra17" name="Bip001_Xtra17">
                    <matrix>-0.04419929 -0.7063961 -0.7064354 0.1551487 0.9990225 -0.03164938 -0.03085794 0.112457 -5.60246e-4 -0.707109 0.7071046 6.88136e-5 0 0 0 1</matrix>
                    <node id="node-Bip001_Xtra18" name="Bip001_Xtra18">
                      <matrix>1 0 0 0.02474701 2.98023e-8 1 2.98023e-7 -2.2471e-5 2.98023e-8 -3.27826e-7 1 0 0 0 0 1</matrix>
                    </node>
                    <node id="node-Bip001_Xtra19" name="Bip001_Xtra19">
                      <matrix>0.9999995 -7.96348e-4 7.98807e-4 0.02904582 -7.96378e-4 -0.9999998 -1.49012e-6 0.0299508 7.98896e-4 8.9407e-7 -0.9999998 -7.48634e-5 0 0 0 1</matrix>
                    </node>
                    <node id="node-Bip001_Xtra20" name="Bip001_Xtra20">
                      <matrix>0.9999919 -0.003981054 7.89151e-4 0.02889752 0.003981084 0.9999921 6.25849e-6 -0.03234428 -7.89136e-4 -3.15905e-6 0.9999998 -7.51019e-5 0 0 0 1</matrix>
                    </node>
                  </node>
                  <node id="node-Bip001_Xtra01" name="Bip001_Xtra01">
                    <matrix>0.998105 -0.06068915 0.01014833 0.2139945 0.06067663 0.9981563 0.001537614 0.05374002 -0.01022294 -9.18955e-4 0.9999473 0.1710362 0 0 0 1</matrix>
                  </node>
                  <node id="node-Bip001_Xtra01Opp" name="Bip001_Xtra01Opp">
                    <matrix>0.9984868 -0.05466175 0.006013274 0.2139939 0.05465659 0.9985046 0.001041032 0.05373996 -0.006061211 -7.10808e-4 0.9999813 -0.1722648 0 0 0 1</matrix>
                  </node>
                </node>
                <node id="node-Bip001_L_Clavicle" name="Bip001_L_Clavicle">
                  <matrix>-0.1311723 -7.45088e-4 0.9913592 0.1406267 -0.3498611 -0.9356221 -0.04699527 0.02467197 0.9275727 -0.3530025 0.1224671 0.05035809 0 0 0 1</matrix>
                  <node id="node-Bip001_L_UpperArm" name="Bip001_L_UpperArm">
                    <matrix sid="matrix">0.7469844 0.562332 0.3546789 0.17644 -0.3756652 0.797153 -0.4726762 5.96046e-8 -0.5485343 0.2198413 0.8067093 1.19209e-7 0 0 0 1</matrix>
                    <node id="node-Bip001_L_Forearm" name="Bip001_L_Forearm">
                      <matrix sid="matrix">-0.2308952 0.9729786 2.98023e-8 0.302225 -0.9729784 -0.2308953 1.49012e-8 -5.96046e-8 2.23517e-8 -2.98023e-8 1 0 0 0 0 1</matrix>
                      <node id="node-Bip001_L_Hand" name="Bip001_L_Hand">
                        <matrix sid="matrix">0.6618547 0.1857355 -0.7262578 0.3035219 0.7495407 -0.1790788 0.6372747 -1.19209e-7 -0.01169291 -0.9661433 -0.2577405 5.96046e-8 0 0 0 1</matrix>
                        <node id="node-Bip001_L_Finger0" name="Bip001_L_Finger0">
                          <matrix>0.5808381 0.5421395 0.6072158 0.01779103 0.8047186 -0.2699831 -0.5287123 0.01367199 -0.1226985 0.7957337 -0.5930869 -0.02770388 0 0 0 1</matrix>
                          <node id="node-Bip001_L_Finger01" name="Bip001_L_Finger01">
                            <matrix>0.4970008 -0.8186636 0.2877153 0.05085593 0.7099068 0.574271 0.4077315 0 -0.4990216 0.001608324 0.8665881 0 0 0 0 1</matrix>
                            <node id="node-Bip001_L_Finger02" name="Bip001_L_Finger02">
                              <matrix>0.3904718 -0.8907108 0.2327363 0.03437012 0.7773172 0.4544366 0.4350465 -2.98023e-8 -0.4932644 0.01103655 0.8698094 2.98023e-8 0 0 0 1</matrix>
                            </node>
                          </node>
                        </node>
                        <node id="node-Bip001_L_Finger1" name="Bip001_L_Finger1">
                          <matrix>0.3954948 -0.8931078 0.2143402 0.08567601 0.9045556 0.3382842 -0.2595046 -0.005999625 0.1592572 0.2965156 0.9416555 -0.02973527 0 0 0 1</matrix>
                          <node id="node-Bip001_L_Finger11" name="Bip001_L_Finger11">
                            <matrix>0.2243401 -0.9745109 2.98023e-8 0.05795395 0.974511 0.22434 -2.98023e-8 0 2.23517e-8 -5.96046e-8 1 2.98023e-8 0 0 0 1</matrix>
                            <node id="node-Bip001_L_Finger12" name="Bip001_L_Finger12">
                              <matrix>0.3096059 -0.9508651 -7.45058e-9 0.03285098 0.950865 0.309606 2.98023e-8 0 -5.96046e-8 7.45058e-9 0.9999999 0 0 0 0 1</matrix>
                            </node>
                          </node>
                        </node>
                        <node id="node-Bip001_L_Finger2" name="Bip001_L_Finger2">
                          <matrix>0.2741871 -0.9611139 0.03289014 0.09032303 0.9442278 0.2625679 -0.1987264 -0.01052213 0.182362 0.0855442 0.9795028 -0.005256653 0 0 0 1</matrix>
                          <node id="node-Bip001_L_Finger21" name="Bip001_L_Finger21">
                            <matrix>0.1319183 -0.9909085 -0.02642024 0.05795401 0.9875376 0.1336839 -0.08305483 5.96046e-8 0.08583172 -0.01513454 0.9961948 0 0 0 0 1</matrix>
                            <node id="node-Bip001_L_Finger22" name="Bip001_L_Finger22">
                              <matrix>0.2822684 -0.9585472 -0.03888276 0.04148102 0.9554881 0.2845317 -0.07800174 0 0.08583176 -0.01513462 0.9961947 0 0 0 0 1</matrix>
                            </node>
                          </node>
                        </node>
                        <node id="node-Bip001_L_Finger3" name="Bip001_L_Finger3">
                          <matrix>0.2541555 -0.9455999 -0.2030886 0.08558702 0.9378442 0.2922676 -0.1871591 -0.009840488 0.2363334 -0.1428976 0.9611071 0.02070278 0 0 0 1</matrix>
                          <node id="node-Bip001_L_Finger31" name="Bip001_L_Finger31">
                            <matrix>0.1206539 -0.9605653 -0.2505137 0.05795407 0.9738482 0.1634726 -0.1577853 -5.96046e-8 0.1925151 -0.224925 0.9551685 0 0 0 0 1</matrix>
                            <node id="node-Bip001_L_Finger32" name="Bip001_L_Finger32">
                              <matrix>0.1214892 -0.9641006 -0.2361154 0.03192699 0.9698228 0.1659541 -0.1786143 5.96046e-8 0.2113864 -0.2072905 0.9551684 -2.98023e-8 0 0 0 1</matrix>
                            </node>
                          </node>
                        </node>
                        <node id="node-Bip001_L_Finger4" name="Bip001_L_Finger4">
                          <matrix>0.4513884 -0.8885983 -0.08149824 0.08973396 0.880108 0.4584099 -0.1235708 -0.004826784 0.1471646 -0.01594806 0.9889838 0.0466848 0 0 0 1</matrix>
                          <node id="node-Bip001_L_Finger41" name="Bip001_L_Finger41">
                            <matrix>0.5462266 -0.8376376 0 0.03496802 0.8376377 0.5462266 0 0 8.2422e-8 0 1 5.96046e-8 0 0 0 1</matrix>
                            <node id="node-Bip001_L_Finger42" name="Bip001_L_Finger42">
                              <matrix>0.6380669 -0.7699809 -2.09548e-8 0.02204999 0.7699809 0.6380669 0 1.19209e-7 0 2.98023e-8 1 -5.96046e-8 0 0 0 1</matrix>
                            </node>
                          </node>
                        </node>
                      </node>
                    </node>
                    <node id="node-Bip001_L_ForeTwist" name="Bip001_L_ForeTwist">
                      <matrix sid="matrix">-0.2308952 0.9684909 0.09334236 0.302225 -0.9729784 -0.2298303 -0.02215084 -5.96046e-8 2.23517e-8 -0.09593469 0.9953876 0 0 0 0 1</matrix>
                      <node id="node-Bip001_L_ForeTwist1" name="Bip001_L_ForeTwist1">
                        <matrix sid="matrix">1 -7.45058e-9 -4.47035e-8 0.101174 -1.49012e-8 0.9953876 0.09593463 5.96046e-8 1.49012e-8 -0.09593463 0.9953877 -5.96046e-8 0 0 0 1</matrix>
                        <node id="node-Bip001_L_ForeTwist2" name="Bip001_L_ForeTwist2">
                          <matrix sid="matrix">1 -3.72529e-8 0 0.101174 0 0.9953877 0.09593464 -1.19209e-7 -1.49012e-8 -0.0959346 0.9953877 5.96046e-8 0 0 0 1</matrix>
                        </node>
                      </node>
                    </node>
                  </node>
                  <node id="node-Bip001_LUpArmTwist" name="Bip001_LUpArmTwist">
                    <matrix sid="matrix">0.7469844 0.562332 0.3546789 0.17644 -0.3756652 0.797153 -0.4726762 5.96046e-8 -0.5485343 0.2198413 0.8067093 1.19209e-7 0 0 0 1</matrix>
                    <node id="node-Bip001_LUpArmTwist1" name="Bip001_LUpArmTwist1">
                      <matrix>0.9999999 2.98023e-8 2.98023e-8 0.1007416 -4.47035e-8 1 1.49012e-8 -5.96046e-8 -2.98023e-8 4.47035e-8 1 5.96046e-8 0 0 0 1</matrix>
                      <node id="node-Bip001_LUpArmTwist2" name="Bip001_LUpArmTwist2">
