<?xml version="1.0" encoding="utf-8"?>
<COLLADA xmlns="http://www.collada.org/2005/11/COLLADASchema" version="1.4.1">
  <asset>
    <contributor>
      <author>Setsu</author>
      <authoring_tool>OpenCOLLADA for 3ds Max;  Version: 1.3.1;  Revision: 847M;  Platform: x64;  Configuration: Release_Max2012_static</authoring_tool>
      <source_data>file:///D:/_Work/webgl/models/man/animation/harpoon/wpn_harpoon_attack9.max</source_data>
    </contributor>
    <created>2012-09-04T14:29:35</created>
    <modified>2012-09-04T14:29:35</modified>
    <unit name="meter" meter="1"/>
    <up_axis>Z_UP</up_axis>
  </asset>
  <library_geometries>
    <geometry id="geom-Line001" name="Line001">
      <spline closed="0">
        <source id="geom-Line001-positions">
          <float_array id="geom-Line001-positions-array" count="21">1.155697 0.8408581 1.536583 0.2190984 1.207732 1.902505 -1.315959 0.6135856 2.095799 -0.9327776 -2.059208 1.887435 0.5811684 -2.793642 1.419947 2.406688 -1.636757 0.7770734 0.7576126 0.3800927 0.6596484</float_array>
          <technique_common>
            <accessor source="#geom-Line001-positions-array" count="7" stride="3">
              <param name="X" type="float"/>
              <param name="Y" type="float"/>
              <param name="Z" type="float"/>
            </accessor>
          </technique_common>
        </source>
        <source id="geom-Line001-intangents">
          <float_array id="geom-Line001-intangents-array" count="21">1.155697 0.8408581 1.536583 0.4371298 1.221884 1.809302 -1.149276 1.044499 2.07236 -2.125449 -0.9097269 2.145405 0.1601566 -2.758919 1.588991 2.200107 -2.476642 0.8960071 1.842947 -0.09230095 0.6187629</float_array>
          <technique_common>
            <accessor source="#geom-Line001-intangents-array" count="7" stride="3">
              <param name="X" type="float"/>
              <param name="Y" type="float"/>
              <param name="Z" type="float"/>
            </accessor>
          </technique_common>
        </source>
        <source id="geom-Line001-outtangents">
          <float_array id="geom-Line001-outtangents-array" count="21">0.8772378 1.051357 1.687328 -0.2048301 1.448933 1.995707 -1.454328 0.2312519 2.108445 -0.3473873 -2.576675 1.748722 1.304366 -2.844623 1.188982 2.535203 -0.7846318 0.6579046 0.7576126 0.3800927 0.6596484</float_array>
          <technique_common>
            <accessor source="#geom-Line001-outtangents-array" count="7" stride="3">
              <param name="X" type="float"/>
              <param name="Y" type="float"/>
              <param name="Z" type="float"/>
            </accessor>
          </technique_common>
        </source>
        <source id="geom-Line001-interpolations">
          <Name_array id="geom-Line001-interpolations-array" count="7">BEZIER BEZIER BEZIER BEZIER BEZIER BEZIER BEZIER</Name_array>
          <technique_common>
            <accessor source="#geom-Line001-interpolations-array" count="7" stride="1">
              <param name="INTERPOLATION" type="name"/>
            </accessor>
          </technique_common>
        </source>
        <control_vertices>
          <input semantic="POSITION" source="#geom-Line001-positions"/>
          <input semantic="IN_TANGENT" source="#geom-Line001-intangents"/>
          <input semantic="OUT_TANGENT" source="#geom-Line001-outtangents"/>
          <input semantic="INTERPOLATION" source="#geom-Line001-interpolations"/>
        </control_vertices>
      </spline>
    </geometry>
  </library_geometries>
  <library_lights>
    <light id="EnvironmentAmbientLight" name="EnvironmentAmbientLight">
      <technique_common>
        <ambient>
          <color>0.019608 0.019608 0.019608</color>
        </ambient>
      </technique_common>
    </light>
  </library_lights>
  <library_visual_scenes>
    <visual_scene id="MaxScene">
      <node name="EnvironmentAmbientLight">
        <instance_light url="#EnvironmentAmbientLight"/>
      </node>
      <node id="node-Bip001" name="Bip001">
        <matrix sid="matrix">0.9318944 -0.3615264 0.02952209 -0.1143671 0.3408792 0.9006737 0.269422 0.005949959 -0.1239929 -0.2410094 0.9625696 0.785787 0 0 0 1</matrix>
        <node id="node-Bip001_Pelvis" name="Bip001_Pelvis">
          <matrix sid="matrix">-3.35276e-7 0.9659262 0.2588176 0.02260515 0.03367059 -0.2586708 0.9653786 0.01471649 0.999433 0.008714881 -0.03252316 0.007019937 0 0 0 1</matrix>
          <node id="node-Bip001_Spine" name="Bip001_Spine">
            <matrix sid="matrix">0.9752899 0.1854472 0.120078 0.1062094 -0.1604879 0.9682221 -0.1918065 0.0165102 -0.1518321 0.1677958 0.9740593 7.30649e-4 0 0 0 1</matrix>
            <node id="node-Bip001_Spine1" name="Bip001_Spine1">
              <matrix sid="matrix">0.984896 -0.05366429 0.1646217 0.1646408 0.03384524 0.9920855 0.1209166 -1.3005e-4 -0.1698077 -0.1135187 0.9789172 1.48788e-5 0 0 0 1</matrix>
              <node id="node-Bip001_Spine2" name="Bip001_Spine2">
                <matrix sid="matrix">0.9254811 -0.3231102 0.1976973 0.1646763 0.278919 0.9344234 0.2214879 -1.22521e-4 -0.256298 -0.1498413 0.9549129 1.96695e-5 0 0 0 1</matrix>
                <node id="node-Bip001_Neck" name="Bip001_Neck">
                  <matrix sid="matrix">0.9920857 -0.118517 -0.04147031 0.1743691 0.1254793 0.9237406 0.3618814 -0.007498562 -0.004581273 -0.364221 0.9313012 2.19941e-5 0 0 0 1</matrix>
                  <node id="node-Bip001_Head" name="Bip001_Head">
                    <matrix sid="matrix">0.9676294 0.1615545 0.19389 0.08447981 -0.2374259 0.3222414 0.9164003 0.03011221 0.08556924 -0.9327705 0.3501675 7.45058e-8 0 0 0 1</matrix>
                    <node id="node-Bip001_AngryBrowR" name="Bip001_AngryBrowR">
                      <matrix>0.001812067 -0.9852682 0.1710074 0.1354002 0.9995396 -0.003395721 -0.03015607 0.1043413 0.0302925 0.1709832 0.9848083 -0.01978299 0 0 0 1</matrix>
                    </node>
                    <node id="node-Bip001_SillyBrowL" name="Bip001_SillyBrowL">
                      <matrix>-0.004057229 -0.9597188 -0.280933 0.1346171 0.7867899 0.1703331 -0.5932522 0.08548475 0.6172076 -0.2234422 0.754406 0.05988091 0 0 0 1</matrix>
                    </node>
                    <node id="node-Bip001_SillyBrowR" name="Bip001_SillyBrowR">
                      <matrix>-0.004056923 -0.9597205 0.2809277 0.1346172 0.7867938 0.1703287 0.5932485 0.08548508 -0.6172028 0.2234389 0.754411 -0.0598805 0 0 0 1</matrix>
                    </node>
                    <node id="node-Bip001_jaw" name="Bip001_jaw">
                      <matrix>0.3710407 -0.9275406 -0.04469155 0.0739423 0.8026187 0.3445304 -0.4869316 0.01053736 0.4670464 0.1448011 0.8722961 -1.20699e-5 0 0 0 1</matrix>
                      <node id="node-Bip001_lowerLipL" name="Bip001_lowerLipL">
                        <matrix>-0.8336916 -0.3554322 -0.4226421 0.107451 0.3746176 -0.9263141 0.04004893 -0.03483582 -0.4057341 -0.1249408 0.9054113 0.009654552 0 0 0 1</matrix>
                      </node>
                      <node id="node-Bip001_lowerLipR" name="Bip001_lowerLipR">
                        <matrix>0.7819585 1.88872e-6 -0.6233305 0.1074492 -0.6233307 -3.99351e-6 -0.7819586 -0.03484023 -3.93391e-6 1 -2.02656e-6 -0.009658903 0 0 0 1</matrix>
                      </node>
                    </node>
                    <node id="node-Bip001_upperLipL" name="Bip001_upperLipL">
                      <matrix>-9.12696e-7 -6.3628e-6 -1 0.04530883 1 2.81632e-6 -7.93487e-7 0.1161031 2.87686e-6 -1 6.28829e-6 0.00955525 0 0 0 1</matrix>
                    </node>
                    <node id="node-Bip001_upperLipR" name="Bip001_upperLipR">
                      <matrix>-9.08971e-7 -1.18315e-5 1 0.04530883 1 -2.72971e-6 7.86036e-7 0.1161031 2.6701e-6 1 1.18017e-5 -0.009554625 0 0 0 1</matrix>
                    </node>
                    <node id="node-Bip001_AngryBrowL" name="Bip001_AngryBrowL">
                      <matrix>0.001812067 -0.9852673 -0.1710128 0.1354003 0.9995397 -0.003394939 0.03015059 0.1043412 -0.03028695 -0.1709886 0.9848074 0.01978356 0 0 0 1</matrix>
                    </node>
                    <node id="node-Bone050" name="Bone050">
                      <matrix>-0.2718078 -4.32134e-7 0.962352 0.176674 -0.9409114 0.209909 -0.2657522 0.01386482 -0.2020061 -0.9777211 -0.05705523 -0.080042 0 0 0 1</matrix>
                      <node id="node-Bone051" name="Bone051">
                        <matrix>0.8727056 -0.06772885 0.4835261 0.06664181 0.04994019 0.9975203 0.04958953 5.96046e-8 -0.4856858 -0.01912966 0.8739241 2.38419e-7 0 0 0 1</matrix>
                        <node id="node-Bone052" name="Bone052">
                          <matrix>0.9062541 -0.3886849 0.1662162 0.05545187 0.2715809 0.8366386 0.4756895 0 -0.3239559 -0.3859544 0.8637663 -1.19209e-7 0 0 0 1</matrix>
                          <node id="node-Bone053" name="Bone053">
                            <matrix>0.8183508 -0.4357322 -0.3747522 0.05517268 0.1430369 -0.4771263 0.8671163 -1.49012e-8 -0.5566343 -0.763209 -0.3281313 -1.19209e-7 0 0 0 1</matrix>
                            <node id="node-Bone054" name="Bone054">
                              <matrix>0.8138614 -0.1123602 -0.5700921 0.05649614 0.4602881 0.7234693 0.5145156 0 0.3546329 -0.681151 0.6405218 4.47035e-8 0 0 0 1</matrix>
                            </node>
                          </node>
                        </node>
                      </node>
                    </node>
                    <node id="node-Bone044" name="Bone044">
                      <matrix>-0.09140615 -4.02331e-7 0.9958137 0.2017386 -0.9919919 0.08753213 -0.09105526 0.01348137 -0.08716563 -0.9961616 -0.008001357 -0.06964707 0 0 0 1</matrix>
                      <node id="node-Bone045" name="Bone045">
                        <matrix>0.7861628 0.1194515 0.6063656 0.07249829 -0.08783492 0.9927796 -0.08169389 2.68221e-7 -0.611746 0.01096463 0.7909786 -1.3113e-6 0 0 0 1</matrix>
                        <node id="node-Bone046" name="Bone046">
                          <matrix>0.9278777 -0.2364843 0.2883032 0.0625881 0.1528029 0.9464127 0.2845247 -1.19209e-7 -0.3401392 -0.2199506 0.9142909 4.17233e-6 0 0 0 1</matrix>
                          <node id="node-Bone047" name="Bone047">
                            <matrix>0.9307666 -0.3523221 0.09768248 0.06108749 0.17673 0.6674465 0.7233816 0 -0.3200613 -0.6560363 0.683503 -1.19209e-7 0 0 0 1</matrix>
                            <node id="node-Bone048" name="Bone048">
                              <matrix>0.9457325 0.2373301 -0.2219569 0.07517135 -0.2279812 -0.00211629 -0.9736636 3.72529e-9 -0.2315492 0.9714271 0.05210524 5.96046e-8 0 0 0 1</matrix>
                              <node id="node-Bone049" name="Bone049">
                                <matrix>0.8586522 0.1722122 -0.4827631 0.08048499 -0.4657756 0.6552923 -0.5946813 -1.19209e-7 0.2139394 0.7354833 0.6428801 0 0 0 0 1</matrix>
                              </node>
                            </node>
                          </node>
                        </node>
                      </node>
                    </node>
                    <node id="node-Bone014" name="Bone014">
                      <matrix>-0.02865493 -3.27826e-7 0.999589 0.222186 -0.9993564 0.02160657 -0.02864822 0.004512735 -0.02159768 -0.9997668 -6.19426e-4 -0.05774581 0 0 0 1</matrix>
                      <node id="node-Bone015" name="Bone015">
                        <matrix>0.8968284 0.1569262 0.4136093 0.04459423 -0.1405922 0.9876001 -0.06985627 0 -0.4194429 0.004498884 0.9077709 -3.8147e-6 0 0 0 1</matrix>
                        <node id="node-Bone016" name="Bone016">
                          <matrix>0.8073794 0.3848706 0.4472286 0.05171204 -0.2289694 0.9029424 -0.3636864 1.19209e-7 -0.5437935 0.1912311 0.8171405 0 0 0 0 1</matrix>
                          <node id="node-Bone017" name="Bone017">
                            <matrix>0.9567487 0.1163465 0.2666373 0.06625271 -0.06016745 0.9758649 -0.2099231 -2.98023e-8 -0.2846259 0.1848008 0.9406573 0 0 0 0 1</matrix>
                            <node id="node-Bone018" name="Bone018">
                              <matrix>0.9759617 -0.1837635 -0.1171753 0.07592642 0.2160518 0.7450929 0.630998 1.49012e-7 -0.02864774 -0.6411461 0.7668844 -4.50015e-6 0 0 0 1</matrix>
                              <node id="node-Bone019" name="Bone019">
                                <matrix>0.9469509 -0.1838324 -0.2636099 0.05424261 0.2948284 0.8233756 0.4849015 -5.96046e-8 0.1279093 -0.5368977 0.8338952 0 0 0 0 1</matrix>
                                <node id="node-Bone020" name="Bone020">
                                  <matrix>0.7088867 -0.5135251 -0.4834985 0.1070501 0.4797028 -0.1515179 0.8642494 -1.49012e-8 -0.5170728 -0.8445907 0.1389304 0 0 0 0 1</matrix>
                                </node>
                              </node>
                            </node>
                          </node>
                        </node>
                      </node>
                    </node>
                    <node id="node-Bone006" name="Bone006">
                      <matrix>0.196101 -5.96046e-8 0.980584 0.2309459 -0.97891 0.0584061 0.1957663 0.03429445 -0.05727209 -0.998293 0.01145345 -0.02691713 0 0 0 1</matrix>
                      <node id="node-Bone007" name="Bone007">
                        <matrix>0.9117421 -0.01410428 0.4105206 0.04605404 0.01401885 0.9998967 0.003218532 0 -0.4105235 0.002820522 0.9118454 0 0 0 0 1</matrix>
                        <node id="node-Bone008" name="Bone008">
                          <matrix>0.9392017 0.1158517 0.3232316 0.04755574 -0.1007923 0.9929104 -0.06300746 0 -0.3282396 0.02659746 0.9442203 0 0 0 0 1</matrix>
                          <node id="node-Bone009" name="Bone009">
                            <matrix>0.9081647 5.73508e-4 0.4186126 0.05169481 -3.70681e-4 0.9999999 -5.65723e-4 -2.98023e-8 -0.4186127 3.58611e-4 0.9081648 -1.19209e-7 0 0 0 1</matrix>
                            <node id="node-Bone010" name="Bone010">
                              <matrix>0.9252817 -0.277404 0.2586522 0.0660634 0.1212467 0.8625091 0.4913011 -8.9407e-8 -0.3593791 -0.4232311 0.8316981 1.19209e-7 0 0 0 1</matrix>
                              <node id="node-Bone011" name="Bone011">
                                <matrix>0.9589166 -0.2158549 -0.1840784 0.06010842 0.2631018 0.4340237 0.8616268 1.04308e-7 -0.1060917 -0.8746601 0.4729846 0 0 0 0 1</matrix>
                                <node id="node-Bone012" name="Bone012">
                                  <matrix>0.9669532 -0.1915677 -0.1682376 0.05975699 0.2547095 0.7547975 0.6044866 8.34465e-7 0.01118532 -0.6273615 0.7786478 -1.78814e-7 0 0 0 1</matrix>
                                  <node id="node-Bone013" name="Bone013">
                                    <matrix>0.8543545 -0.001355827 -0.5196888 0.05263519 0.002830267 0.999994 0.002044007 -1.19209e-7 0.519683 -0.003217131 0.8543533 4.17233e-7 0 0 0 1</matrix>
                                  </node>
                                </node>
                              </node>
                            </node>
                          </node>
                        </node>
                      </node>
                    </node>
                    <node id="node-Bone021" name="Bone021">
                      <matrix>0.4470657 -1.63913e-7 0.8945011 0.2271245 -0.8945012 6.32461e-6 0.4470657 0.0507583 -5.7295e-6 -1 2.69711e-6 1.19209e-7 0 0 0 1</matrix>
                      <node id="node-Bone022" name="Bone022">
                        <matrix>0.906424 4.98444e-6 0.4223689 0.03557783 -5.62146e-6 1 2.5332e-7 -2.98023e-8 -0.4223689 -2.6077e-6 0.9064241 0 0 0 0 1</matrix>
                        <node id="node-Bone023" name="Bone023">
                          <matrix>0.9613262 -9.53674e-7 0.2754122 0.04570846 9.12696e-7 1 2.68221e-7 0 -0.2754122 0 0.9613262 -1.19209e-7 0 0 0 1</matrix>
                          <node id="node-Bone024" name="Bone024">
                            <matrix>0.8313265 -1.69873e-6 0.5557857 0.05609789 1.19209e-6 1 1.2666e-6 2.98023e-8 -0.5557857 -3.57628e-7 0.8313265 -2.14577e-6 0 0 0 1</matrix>
                            <node id="node-Bone025" name="Bone025">
                              <matrix>0.9055952 0 0.4241419 0.06339741 0 0.9999999 -7.45058e-9 2.98023e-8 -0.4241419 0 0.9055952 7.15256e-7 0 0 0 1</matrix>
                              <node id="node-Bone026" name="Bone026">
                                <matrix>0.9644743 1.10567e-5 0.2641778 0.06756568 -9.08971e-7 1 -3.84934e-5 0 -0.2641778 3.68804e-5 0.9644744 8.9407e-7 0 0 0 1</matrix>
                                <node id="node-Bone027" name="Bone027">
                                  <matrix>0.9817943 -1.11759e-6 -0.1899466 0.07909262 9.81987e-6 1 4.48301e-5 2.98023e-8 0.1899466 -4.58788e-5 0.9817942 -4.76837e-7 0 0 0 1</matrix>
                                  <node id="node-Bone028" name="Bone028">
                                    <matrix>0.9998928 2.05636e-6 0.01466206 0.07343221 -1.92225e-6 1 -1.03675e-5 0 -0.01466203 1.03451e-5 0.9998928 5.96046e-8 0 0 0 1</matrix>
                                  </node>
                                </node>
                              </node>
                            </node>
                          </node>
                        </node>
                      </node>
                    </node>
                    <node id="node-Bone029" name="Bone029">
                      <matrix>0.1961011 -1.19209e-7 0.9805839 0.2309459 -0.97891 -0.05839984 0.1957663 0.03429431 0.05726587 -0.9982934 -0.01145236 0.02691683 0 0 0 1</matrix>
                      <node id="node-Bone030" name="Bone030">
                        <matrix>0.9117725 0.01410465 0.4104536 0.04605374 -0.01401947 0.9998964 -0.003217593 -5.96046e-8 -0.4104564 -0.002820671 0.9118757 -3.8147e-6 0 0 0 1</matrix>
                        <node id="node-Bone031" name="Bone031">
                          <matrix>0.9391773 -0.1158523 0.3233028 0.04755457 0.1007911 0.992911 0.0630068 0 -0.3283099 -0.02658843 0.9441957 1.19209e-7 0 0 0 1</matrix>
                          <node id="node-Bone032" name="Bone032">
                            <matrix>0.9038532 0.04105058 0.4258697 0.05169517 -0.02617572 0.9988273 -0.04072463 0 -0.4270422 0.02566154 0.903868 1.19209e-7 0 0 0 1</matrix>
                            <node id="node-Bone033" name="Bone033">
                              <matrix>0.9352223 0.2103268 0.2848185 0.06606317 -0.09208228 0.9212399 -0.3779384 -2.98023e-8 -0.3418767 0.3272297 0.8809315 0 0 0 0 1</matrix>
                              <node id="node-Bone034" name="Bone034">
                                <matrix>0.9540269 0.2209558 -0.202513 0.06010926 -0.2726005 0.3588102 -0.8927174 2.98023e-8 -0.1245871 0.9068816 0.4025471 -2.98023e-8 0 0 0 1</matrix>
                                <node id="node-Bone035" name="Bone035">
                                  <matrix>0.9640254 0.1841629 -0.1916736 0.05975628 -0.2622839 0.7761134 -0.573458 0 0.04315063 0.6031009 0.7964967 -5.96046e-8 0 0 0 1</matrix>
                                  <node id="node-Bone036" name="Bone036">
                                    <matrix>0.8694143 0.01521917 -0.4938492 0.05263555 -0.02966288 0.999331 -0.02142424 -2.98023e-8 0.4931928 0.03327525 0.8692835 0 0 0 0 1</matrix>
                                  </node>
                                </node>
                              </node>
                            </node>
                          </node>
                        </node>
                      </node>
                    </node>
                    <node id="node-Bone037" name="Bone037">
                      <matrix>-0.03296208 1.3411e-7 0.9994566 0.2221857 -0.9989802 -0.03087517 -0.03294636 0.004512422 0.0308584 -0.9995236 0.001017883 0.05774581 0 0 0 1</matrix>
                      <node id="node-Bone038" name="Bone038">
                        <matrix>0.8929765 -0.1232729 0.4328945 0.0445945 0.1165006 0.9922912 0.04225144 5.96046e-8 -0.434766 0.01270294 0.9004542 0 0 0 0 1</matrix>
                        <node id="node-Bone039" name="Bone039">
                          <matrix>0.8104645 -0.3801515 0.4456804 0.05171031 0.2161753 0.9012178 0.3755988 -2.98023e-8 -0.5444401 -0.2080642 0.8125845 -1.78814e-6 0 0 0 1</matrix>
                          <node id="node-Bone040" name="Bone040">
                            <matrix>0.9648311 -0.1429276 0.2206183 0.06625342 0.07894537 0.9580725 0.2754363 0 -0.2507357 -0.2483327 0.9356614 0 0 0 0 1</matrix>
                            <node id="node-Bone041" name="Bone041">
                              <matrix>0.9759558 0.1838065 -0.1171584 0.07592785 -0.2160679 0.7449556 -0.6311548 2.08616e-7 -0.02873254 0.6412932 0.766758 0 0 0 0 1</matrix>
                              <node id="node-Bone042" name="Bone042">
                                <matrix>0.9450259 0.2399526 -0.2221448 0.05424106 -0.3174698 0.8360454 -0.4474816 0 0.07834879 0.4934064 0.8662629 2.98023e-7 0 0 0 1</matrix>
                                <node id="node-Bone043" name="Bone043">
                                  <matrix>0.7633408 0.4381691 -0.4746785 0.1070514 -0.4467451 -0.1726972 -0.8778356 -2.98023e-8 -0.4666158 0.8821476 0.06392276 0 0 0 0 1</matrix>
                                </node>
                              </node>
                            </node>
                          </node>
                        </node>
                      </node>
                    </node>
                    <node id="node-Bone055" name="Bone055">
                      <matrix>-0.09140573 1.93715e-7 0.9958144 0.2017385 -0.9919923 -0.08752596 -0.09105496 0.01348099 0.08715954 -0.9961623 0.008000582 0.06964707 0 0 0 1</matrix>
                      <node id="node-Bone056" name="Bone056">
                        <matrix>0.7861558 -0.1194354 0.6063781 0.07249786 0.08782189 0.9927815 0.08168431 3.57628e-7 -0.6117568 -0.01096334 0.7909698 0 0 0 0 1</matrix>
                        <node id="node-Bone057" name="Bone057">
                          <matrix>0.9220536 0.282224 0.2648901 0.062585 -0.1853494 0.9227368 -0.3379383 -3.12924e-7 -0.339798 0.2625 0.9031229 2.38419e-7 0 0 0 1</matrix>
                          <node id="node-Bone058" name="Bone058">
                            <matrix>0.9331157 0.3402686 0.1162442 0.0610894 -0.172181 0.7066321 -0.6863127 5.96046e-8 -0.3156725 0.6203942 0.717957 5.96046e-8 0 0 0 1</matrix>
                            <node id="node-Bone059" name="Bone059">
                              <matrix>0.9435686 -0.2433106 -0.2246736 0.07516992 0.22795 -0.01498597 0.9735574 5.96046e-8 -0.2402438 -0.9698328 0.04132233 0 0 0 0 1</matrix>
                              <node id="node-Bone060" name="Bone060">
                                <matrix>0.8586497 -0.1722087 -0.4827677 0.08048642 0.4657791 0.6552852 0.5946857 5.96046e-8 0.2139404 -0.7354898 0.6428717 -1.19209e-7 0 0 0 1</matrix>
                              </node>
                            </node>
                          </node>
                        </node>
                      </node>
                    </node>
                    <node id="node-Bone061" name="Bone061">
                      <matrix>-0.2765532 5.51343e-7 0.9609986 0.1766738 -0.9376871 -0.2189246 -0.2698443 0.0138644 0.2103862 -0.9757421 0.06054479 0.08004999 0 0 0 1</matrix>
                      <node id="node-Bone062" name="Bone062">
                        <matrix>0.8800435 0.03148919 0.4738473 0.06630632 -0.02342635 0.999463 -0.02291057 5.96046e-8 -0.4743145 0.009061739 0.8803087 -1.90735e-6 0 0 0 1</matrix>
                        <node id="node-Bone063" name="Bone063">
                          <matrix>0.8984269 0.4092896 0.1590954 0.05577618 -0.2856668 0.8199126 -0.4961224 -2.98023e-8 -0.3335019 0.4002815 0.8535521 0 0 0 0 1</matrix>
                          <node id="node-Bone064" name="Bone064">
                            <matrix>0.813628 0.4382423 -0.3820377 0.05538917 -0.1488503 -0.478192 -0.8655491 -2.98023e-8 -0.5620079 0.7611017 -0.3238378 0 0 0 0 1</matrix>
                            <node id="node-Bone065" name="Bone065">
                              <matrix>0.8752897 0.08609423 -0.4758735 0.05682147 -0.3054109 0.8613696 -0.4059146 1.49012e-8 0.374956 0.5006298 0.780242 3.72529e-8 0 0 0 1</matrix>
                            </node>
                          </node>
                        </node>
                      </node>
                    </node>
                    <node id="node-Bone077" name="Bone077">
                      <matrix>-0.01158965 6.25849e-7 0.9999329 0.1375992 -0.8724391 -0.488619 -0.01011161 0.03142532 0.4885861 -0.8724976 0.005663514 0.05968317 0 0 0 1</matrix>
                      <node id="node-Bone078" name="Bone078">
                        <matrix>0.7043356 -0.4953953 0.5084243 0.06178033 0.3977997 0.868649 0.2953045 4.76837e-7 -0.5879346 -0.005742416 0.8088884 4.37498e-5 0 0 0 1</matrix>
                        <node id="node-Bone079" name="Bone079">
                          <matrix>0.745956 -0.6548733 0.1212058 0.1102706 0.4237671 0.6071162 0.6721835 0 -0.5137812 -0.4500563 0.7303956 0 0 0 0 1</matrix>
                          <node id="node-Bone080" name="Bone080">
                            <matrix>0.8926535 0.2532577 0.3728679 0.1663148 -0.1483835 0.9462286 -0.2874602 4.47035e-8 -0.4256199 0.2012752 0.8822339 1.19209e-7 0 0 0 1</matrix>
                            <node id="node-Bone081" name="Bone081">
                              <matrix>0.9320753 0.1246798 -0.340132 0.137991 -0.1721553 -0.6736669 -0.7187043 1.49012e-8 -0.3187435 0.7284418 -0.6064443 0 0 0 0 1</matrix>
                            </node>
                          </node>
                        </node>
                      </node>
                    </node>
                    <node id="node-Bone066" name="Bone066">
                      <matrix>-0.2908011 -3.27826e-7 0.9567836 0.1378932 -0.9335831 0.2188804 -0.2837497 0.009998903 -0.2094212 -0.9757518 -0.06365095 -0.07983378 0 0 0 1</matrix>
                      <node id="node-Bone067" name="Bone067">
                        <matrix>0.796599 0.4133027 0.4411483 0.081056 -0.3324228 0.9090161 -0.2513689 -2.98023e-8 -0.5049019 0.0535924 0.8615117 -3.09944e-6 0 0 0 1</matrix>
                        <node id="node-Bone068" name="Bone068">
                          <matrix>0.9018514 0.4028897 0.1560252 0.06413406 -0.2337512 0.758715 -0.608039 -2.38419e-7 -0.3633517 0.51189 0.7784243 1.19209e-7 0 0 0 1</matrix>
                          <node id="node-Bone069" name="Bone069">
                            <matrix>0.999895 0.01424575 0.002566934 0.08350694 -0.01418544 0.9996532 -0.02217144 0 -0.002882034 0.02213283 0.9997507 0 0 0 0 1</matrix>
                            <node id="node-Bone070" name="Bone070">
                              <matrix>0.9643173 -0.150227 0.2179987 0.08289576 0.09696238 0.9666109 0.237196 -2.98023e-8 -0.2463528 -0.207595 0.9466859 -5.96046e-8 0 0 0 1</matrix>
                              <node id="node-Bone071" name="Bone071">
                                <matrix>0.9585637 -0.1121205 0.2618873 0.06400192 0.03549382 0.9591345 0.2807153 2.98023e-8 -0.2826593 -0.2597879 0.9233711 0 0 0 0 1</matrix>
                                <node id="node-Bone072" name="Bone072">
                                  <matrix>0.9640761 -0.03288295 -0.2635827 0.07497585 0.2330033 -0.3717678 0.8986087 0 -0.1275404 -0.927743 -0.3507507 0 0 0 0 1</matrix>
                                </node>
                              </node>
                            </node>
                          </node>
                        </node>
                      </node>
                    </node>
                    <node id="node-Bone073" name="Bone073">
                      <matrix>-0.2925557 1.19209e-7 0.9562489 0.09248972 -0.954704 0.05680939 -0.2920833 -0.03078891 -0.05432393 -0.9983851 -0.01661979 -0.07006148 0 0 0 1</matrix>
                      <node id="node-Bone074" name="Bone074">
                        <matrix>0.6387705 0.4660808 0.6121607 0.05861649 -0.2161334 0.8722983 -0.4386137 2.98023e-8 -0.7384158 0.1478651 0.657934 1.19209e-7 0 0 0 1</matrix>
                        <node id="node-Bone075" name="Bone075">
                          <matrix>0.9669389 -0.2549824 -0.003659725 0.08270776 0.2245849 0.8446918 0.4858574 0 -0.1207938 -0.4706161 0.8740308 -5.96046e-8 0 0 0 1</matrix>
                          <node id="node-Bone076" name="Bone076">
                            <matrix>0.9027886 -0.3799326 -0.201553 0.1038884 0.1286856 -0.2085411 0.9695104 0 -0.4103808 -0.9011998 -0.1393764 -1.78814e-7 0 0 0 1</matrix>
                          </node>
                        </node>
                      </node>
                    </node>
                    <node id="node-Bone082" name="Bone082">
                      <matrix>-0.3110904 3.12924e-7 0.9503806 0.09530377 -0.9488456 -0.05680679 -0.310588 -0.03142177 0.05398794 -0.9983854 0.01767233 0.06847608 0 0 0 1</matrix>
                      <node id="node-Bone083" name="Bone083">
                        <matrix>0.6710566 -0.4341135 0.6010227 0.05861515 0.1827009 0.8824793 0.4334168 1.78814e-7 -0.7185424 -0.1810399 0.6715066 4.76837e-6 0 0 0 1</matrix>
                        <node id="node-Bone084" name="Bone084">
                          <matrix>0.9794419 0.1983213 0.03691372 0.08271194 -0.1548231 0.8563237 -0.4926871 2.23517e-8 -0.1293202 0.4768434 0.869424 1.19209e-7 0 0 0 1</matrix>
                          <node id="node-Bone085" name="Bone085">
                            <matrix>0.9224285 0.3760583 -0.08778417 0.1038884 -0.1378097 0.1082106 -0.9845294 -1.19209e-7 -0.3607413 0.9202555 0.151641 -1.19209e-7 0 0 0 1</matrix>
                            <node id="node-Bone086" name="Bone086">
                              <matrix>0.9832616 0.04322943 -0.1769953 0.1096957 -0.123718 0.8715613 -0.4744205 2.38419e-7 0.1337534 0.4883773 0.8623211 5.21541e-8 0 0 0 1</matrix>
                            </node>
                          </node>
                        </node>
                      </node>
                    </node>
                  </node>
                </node>
                <node id="node-Bip001_backpack_01" name="Bip001_backpack_01">
                  <matrix>-0.979218 0.202802 -0.001978815 0.2016004 -0.2027961 -0.9792171 -0.002801929 -0.08787808 -0.002505928 -0.002342388 0.9999942 4.17233e-7 0 0 0 1</matrix>
                  <node id="node-Bip001_rope_01" name="Bip001_rope_01">
                    <matrix>0.9500332 -0.3097464 -0.03864785 0.4241186 -0.2955908 -0.9325069 0.2075002 0.0879336 -0.1003119 -0.1857082 -0.9774711 0.09922144 0 0 0 1</matrix>
                    <node id="node-Bip001_rope_02" name="Bip001_rope_02">
                      <matrix>0.9978651 0.0603172 -0.02504101 0.09589297 0.06092103 -0.9978517 0.02409242 8.33273e-5 -0.02353405 -0.0255665 -0.999396 2.11596e-6 0 0 0 1</matrix>
                      <node id="node-Bip001_rope_03" name="Bip001_rope_03">
                        <matrix>0.9781298 0.01892783 -0.2071325 0.1048669 -0.0516769 0.9867401 -0.1538622 -1.02341e-4 0.2014737 0.1612012 0.966138 -0.001042724 0 0 0 1</matrix>
                      </node>
                    </node>
                  </node>
                  <node id="node-Bip001_Xtra17" name="Bip001_Xtra17">
                    <matrix>-0.04419926 -0.7063962 -0.7064354 0.1551489 0.9990225 -0.03164937 -0.03085792 0.1124569 -5.60306e-4 -0.7071088 0.7071046 6.88434e-5 0 0 0 1</matrix>
                    <node id="node-Bip001_Xtra18" name="Bip001_Xtra18">
                      <matrix>1 -1.49012e-8 -5.96046e-8 0.02474701 0 1 2.38419e-7 -2.2471e-5 -2.98023e-8 -3.27826e-7 1 5.96046e-8 0 0 0 1</matrix>
                    </node>
                    <node id="node-Bip001_Xtra19" name="Bip001_Xtra19">
                      <matrix>0.9999994 -7.96333e-4 7.98851e-4 0.02904582 -7.96333e-4 -0.9999998 -1.49012e-6 0.0299508 7.98792e-4 9.23872e-7 -0.9999998 -7.49826e-5 0 0 0 1</matrix>
                    </node>
                    <node id="node-Bip001_Xtra20" name="Bip001_Xtra20">
                      <matrix>0.9999918 -0.003981024 7.89106e-4 0.0288974 0.003981054 0.9999921 6.25849e-6 -0.03234434 -7.89165e-4 -3.21865e-6 0.9999998 -7.52211e-5 0 0 0 1</matrix>
                    </node>
                  </node>
                  <node id="node-Bip001_Xtra01" name="Bip001_Xtra01">
                    <matrix>0.9981052 -0.06068912 0.01014835 0.2139946 0.0606766 0.9981562 0.001537606 0.05373996 -0.01022296 -9.18955e-4 0.9999473 0.1710363 0 0 0 1</matrix>
                  </node>
                  <node id="node-Bip001_Xtra01Opp" name="Bip001_Xtra01Opp">
                    <matrix>0.9984868 -0.05466181 0.006013274 0.213994 0.05465657 0.9985046 0.001041062 0.05373985 -0.006061211 -7.10838e-4 0.9999814 -0.1722648 0 0 0 1</matrix>
                  </node>
                </node>
                <node id="node-Bip001_L_Clavicle" name="Bip001_L_Clavicle">
                  <matrix sid="matrix">-0.1348692 -7.38591e-4 0.9908631 0.1406267 -0.3702523 -0.9275253 -0.05108744 0.02467194 0.9190885 -0.3737594 0.1248211 0.05035809 0 0 0 1</matrix>
                  <node id="node-Bip001_L_UpperArm" name="Bip001_L_UpperArm">
                    <matrix sid="matrix">0.5667303 0.3041311 0.7657163 0.1764399 -0.07094452 0.9439381 -0.3224099 -1.49012e-8 -0.8208432 0.128396 0.5565346 0 0 0 0 1</matrix>
                    <node id="node-Bip001_L_Forearm" name="Bip001_L_Forearm">
                      <matrix sid="matrix">0.7776599 0.6286852 2.98023e-8 0.3022251 -0.6286851 0.7776598 1.49012e-8 0 5.96046e-8 -1.11759e-7 1 0 0 0 0 1</matrix>
                      <node id="node-Bip001_L_Hand" name="Bip001_L_Hand">
                        <matrix sid="matrix">0.8516099 -0.4792606 -0.2122966 0.303522 0.1571417 -0.1529559 0.9756593 0 -0.5000671 -0.8642418 -0.05494686 0 0 0 0 1</matrix>
                        <node id="node-Bip001_L_Finger0" name="Bip001_L_Finger0">
                          <matrix sid="matrix">0.7829244 0.4315565 0.4480931 0.01779103 0.4835753 0.03097758 -0.874754 0.01367193 -0.3913876 0.9015529 -0.1844375 -0.0277039 0 0 0 1</matrix>
                          <node id="node-Bip001_L_Finger01" name="Bip001_L_Finger01">
                            <matrix sid="matrix">0.9336762 -0.3579417 -0.01124927 0.05085599 0.3577136 0.9336536 -0.01821518 2.98023e-8 0.01702291 0.01298305 0.9997708 0 0 0 0 1</matrix>
                            <node id="node-Bip001_L_Finger02" name="Bip001_L_Finger02">
                              <matrix sid="matrix">0.8747644 -0.4845328 -0.003890127 0.03436995 0.4842428 0.8744698 -0.02848953 0 0.01720601 0.02303786 0.9995866 1.49012e-8 0 0 0 1</matrix>
                            </node>
                          </node>
                        </node>
                        <node id="node-Bip001_L_Finger1" name="Bip001_L_Finger1">
                          <matrix sid="matrix">0.9406707 -0.2580363 0.2203521 0.08567601 0.3323665 0.831471 -0.4451832 -0.005999744 -0.06834328 0.4920084 0.8679034 -0.02973521 0 0 0 1</matrix>
                          <node id="node-Bip001_L_Finger11" name="Bip001_L_Finger11">
                            <matrix sid="matrix">0.9558244 -0.2939385 -1.49012e-8 0.05795401 0.2939386 0.9558243 3.35276e-8 0 2.98023e-8 4.47035e-8 1 -5.96046e-8 0 0 0 1</matrix>
                            <node id="node-Bip001_L_Finger12" name="Bip001_L_Finger12">
                              <matrix sid="matrix">0.9780658 -0.2082964 0 0.0328511 0.2082964 0.978066 5.21541e-8 0 0 7.45058e-9 1 0 0 0 0 1</matrix>
                            </node>
                          </node>
                        </node>
                        <node id="node-Bip001_L_Finger2" name="Bip001_L_Finger2">
                          <matrix sid="matrix">0.905136 -0.4211541 0.05794802 0.09032297 0.425098 0.8981183 -0.1125849 -0.01052231 -0.004629247 0.1265378 0.9919506 -0.005256608 0 0 0 1</matrix>
                          <node id="node-Bip001_L_Finger21" name="Bip001_L_Finger21">
                            <matrix sid="matrix">0.9230366 -0.3847087 0.001678295 0.05795407 0.3847031 0.9230358 0.002945056 2.98023e-8 -0.002682123 -0.002072733 0.9999943 0 0 0 0 1</matrix>
                            <node id="node-Bip001_L_Finger22" name="Bip001_L_Finger22">
                              <matrix sid="matrix">0.9712303 -0.238133 0.002111383 0.04148102 0.2381272 0.9712304 0.002651833 -5.96046e-8 -0.00268212 -0.002072759 0.9999943 2.98023e-8 0 0 0 1</matrix>
                            </node>
                          </node>
                        </node>
                        <node id="node-Bip001_L_Finger3" name="Bip001_L_Finger3">
                          <matrix sid="matrix">0.8313914 -0.5418707 -0.1231404 0.08558697 0.5555617 0.8152415 0.1635018 -0.009840488 0.0117919 -0.2043463 0.9788277 0.02070282 0 0 0 1</matrix>
                          <node id="node-Bip001_L_Finger31" name="Bip001_L_Finger31">
                            <matrix sid="matrix">0.9155221 -0.4021357 0.01031994 0.05795401 0.4021026 0.91558 0.005195795 -8.9407e-8 -0.01153816 -6.07181e-4 0.9999333 -1.49012e-8 0 0 0 1</matrix>
                            <node id="node-Bip001_L_Finger32" name="Bip001_L_Finger32">
                              <matrix sid="matrix">0.8762482 -0.4817655 0.009523425 0.03192699 0.4817233 0.8762993 0.006475616 2.98023e-8 -0.0114651 -0.001086626 0.9999336 1.49012e-8 0 0 0 1</matrix>
                            </node>
                          </node>
                        </node>
                        <node id="node-Bip001_L_Finger4" name="Bip001_L_Finger4">
                          <matrix sid="matrix">0.8341944 -0.4071823 -0.3719177 0.08973396 0.5052459 0.8345866 0.2195249 -0.004826844 0.2210108 -0.3710357 0.9019352 0.04668486 0 0 0 1</matrix>
                          <node id="node-Bip001_L_Finger41" name="Bip001_L_Finger41">
                            <matrix sid="matrix">0.8299317 -0.5578601 0.002259403 0.03496808 0.5578535 0.8299341 0.002987497 2.98023e-8 -0.003541753 -0.001218989 0.9999928 0 0 0 0 1</matrix>
                            <node id="node-Bip001_L_Finger42" name="Bip001_L_Finger42">
                              <matrix sid="matrix">0.8880633 -0.4597138 0.002584964 0.0220499 0.4597073 0.8880663 0.00271067 -2.98023e-8 -0.003541764 -0.001218945 0.999993 0 0 0 0 1</matrix>
                            </node>
                          </node>
                        </node>
                      </node>
                    </node>
                    <node id="node-Bip001_L_ForeTwist" name="Bip001_L_ForeTwist">
                      <matrix sid="matrix">0.7776599 0.6286231 0.008841991 0.3022251 -0.6286851 0.7775829 0.01093711 0 5.96046e-8 -0.01406424 0.9999012 0 0 0 0 1</matrix>
                      <node id="node-Bip001_L_ForeTwist1" name="Bip001_L_ForeTwist1">
                        <matrix sid="matrix">0.9999999 0 -2.98023e-8 0.1011739 -1.49012e-8 0.9999011 0.01406411 0 2.98023e-8 -0.0140641 0.9999011 0 0 0 0 1</matrix>
                        <node id="node-Bip001_L_ForeTwist2" name="Bip001_L_ForeTwist2">
                          <matrix sid="matrix">1 -1.49012e-8 2.98023e-8 0.1011741 0 0.9999011 0.01406415 1.49012e-8 2.98023e-8 -0.01406413 0.9999012 0 0 0 0 1</matrix>
                        </node>
                      </node>
                    </node>
                  </node>
                  <node id="node-Bip001_LUpArmTwist" name="Bip001_LUpArmTwist">
                    <matrix sid="matrix">0.5667303 0.3041311 0.7657163 0.1764399 -0.07094452 0.9439381 -0.3224099 -1.49012e-8 -0.8208432 0.128396 0.5565346 0 0 0 0 1</matrix>
