<?xml version="1.0" encoding="utf-8"?>
<COLLADA xmlns="http://www.collada.org/2005/11/COLLADASchema" version="1.4.1">
  <asset>
    <contributor>
      <author>Setsu</author>
      <authoring_tool>OpenCOLLADA for 3ds Max;  Version: 1.3.1;  Revision: 847M;  Platform: x64;  Configuration: Release_Max2012_static</authoring_tool>
      <source_data>file:///D:/_Work/webgl/models/man/animation/harpoon/wpn_harpoon_attack9.max</source_data>
    </contributor>
    <created>2012-09-04T14:29:07</created>
    <modified>2012-09-04T14:29:07</modified>
    <unit name="meter" meter="1"/>
    <up_axis>Z_UP</up_axis>
  </asset>
  <library_geometries>
    <geometry id="geom-Line001" name="Line001">
      <spline closed="0">
        <source id="geom-Line001-positions">
          <float_array id="geom-Line001-positions-array" count="21">1.155697 0.8408581 1.536583 0.2190984 1.207732 1.902505 -1.315959 0.6135856 2.095799 -0.9327776 -2.059208 1.887435 0.5811684 -2.793642 1.419947 2.406688 -1.636757 0.7770734 0.7576126 0.3800927 0.6596484</float_array>
          <technique_common>
            <accessor source="#geom-Line001-positions-array" count="7" stride="3">
              <param name="X" type="float"/>
              <param name="Y" type="float"/>
              <param name="Z" type="float"/>
            </accessor>
          </technique_common>
        </source>
        <source id="geom-Line001-intangents">
          <float_array id="geom-Line001-intangents-array" count="21">1.155697 0.8408581 1.536583 0.4371298 1.221884 1.809302 -1.149276 1.044499 2.07236 -2.125449 -0.9097269 2.145405 0.1601566 -2.758919 1.588991 2.200107 -2.476642 0.8960071 1.842947 -0.09230095 0.6187629</float_array>
          <technique_common>
            <accessor source="#geom-Line001-intangents-array" count="7" stride="3">
              <param name="X" type="float"/>
              <param name="Y" type="float"/>
              <param name="Z" type="float"/>
            </accessor>
          </technique_common>
        </source>
        <source id="geom-Line001-outtangents">
          <float_array id="geom-Line001-outtangents-array" count="21">0.8772378 1.051357 1.687328 -0.2048301 1.448933 1.995707 -1.454328 0.2312519 2.108445 -0.3473873 -2.576675 1.748722 1.304366 -2.844623 1.188982 2.535203 -0.7846318 0.6579046 0.7576126 0.3800927 0.6596484</float_array>
          <technique_common>
            <accessor source="#geom-Line001-outtangents-array" count="7" stride="3">
              <param name="X" type="float"/>
              <param name="Y" type="float"/>
              <param name="Z" type="float"/>
            </accessor>
          </technique_common>
        </source>
        <source id="geom-Line001-interpolations">
          <Name_array id="geom-Line001-interpolations-array" count="7">BEZIER BEZIER BEZIER BEZIER BEZIER BEZIER BEZIER</Name_array>
          <technique_common>
            <accessor source="#geom-Line001-interpolations-array" count="7" stride="1">
              <param name="INTERPOLATION" type="name"/>
            </accessor>
          </technique_common>
        </source>
        <control_vertices>
          <input semantic="POSITION" source="#geom-Line001-positions"/>
          <input semantic="IN_TANGENT" source="#geom-Line001-intangents"/>
          <input semantic="OUT_TANGENT" source="#geom-Line001-outtangents"/>
          <input semantic="INTERPOLATION" source="#geom-Line001-interpolations"/>
        </control_vertices>
      </spline>
    </geometry>
  </library_geometries>
  <library_lights>
    <light id="EnvironmentAmbientLight" name="EnvironmentAmbientLight">
      <technique_common>
        <ambient>
          <color>0.019608 0.019608 0.019608</color>
        </ambient>
      </technique_common>
    </light>
  </library_lights>
  <library_visual_scenes>
    <visual_scene id="MaxScene">
      <node name="EnvironmentAmbientLight">
        <instance_light url="#EnvironmentAmbientLight"/>
      </node>
      <node id="node-Bip001" name="Bip001">
        <matrix sid="matrix">0.9318644 -0.3628059 -7.57392e-4 -0.1235185 0.3403836 0.8735464 0.3479308 0.01190494 -0.1255697 -0.3244821 0.9375199 0.7731404 0 0 0 1</matrix>
        <node id="node-Bip001_Pelvis" name="Bip001_Pelvis">
          <matrix sid="matrix">-3.50177e-7 0.9659262 0.2588176 0.02259272 0.0336706 -0.2586708 0.9653786 0.01404215 0.999433 0.008714868 -0.03252319 0.008320749 0 0 0 1</matrix>
          <node id="node-Bip001_Spine" name="Bip001_Spine">
            <matrix sid="matrix">0.9795024 0.1541668 0.1296445 0.1062135 -0.1409421 0.9843599 -0.1056929 0.0165081 -0.1439112 0.08525412 0.9859113 7.41422e-4 0 0 0 1</matrix>
            <node id="node-Bip001_Spine1" name="Bip001_Spine1">
              <matrix sid="matrix">0.9849327 -0.07324882 0.1566599 0.1646434 0.03938168 0.9770692 0.2092485 -1.28113e-4 -0.1683947 -0.1999262 0.9652321 2.62484e-5 0 0 0 1</matrix>
              <node id="node-Bip001_Spine2" name="Bip001_Spine2">
                <matrix sid="matrix">0.9245441 -0.327482 0.1948685 0.1646768 0.2595515 0.9155649 0.3072035 -1.20044e-4 -0.2790185 -0.2334448 0.9314785 3.06442e-5 0 0 0 1</matrix>
                <node id="node-Bip001_Neck" name="Bip001_Neck">
                  <matrix sid="matrix">0.9859871 -0.1257937 0.1095683 0.1743698 0.08202857 0.9375031 0.3381704 -0.007499456 -0.1452603 -0.324444 0.9346848 1.96099e-5 0 0 0 1</matrix>
                  <node id="node-Bip001_Head" name="Bip001_Head">
                    <matrix sid="matrix">0.9425389 0.3252382 0.0764243 0.08447993 -0.23401 0.4794107 0.8458161 0.03011221 0.2384531 -0.8150987 0.5279721 8.9407e-8 0 0 0 1</matrix>
                    <node id="node-Bip001_AngryBrowR" name="Bip001_AngryBrowR">
                      <matrix>0.001812059 -0.9852681 0.1710073 0.1354003 0.9995395 -0.003395714 -0.03015607 0.1043413 0.0302925 0.1709832 0.9848082 -0.01978299 0 0 0 1</matrix>
                    </node>
                    <node id="node-Bip001_SillyBrowL" name="Bip001_SillyBrowL">
                      <matrix>-0.004057139 -0.9597187 -0.2809331 0.1346172 0.7867899 0.1703332 -0.5932522 0.08548474 0.6172076 -0.2234423 0.754406 0.05988091 0 0 0 1</matrix>
                    </node>
                    <node id="node-Bip001_SillyBrowR" name="Bip001_SillyBrowR">
                      <matrix>-0.004056901 -0.9597203 0.2809277 0.1346171 0.7867937 0.1703287 0.5932484 0.08548507 -0.6172028 0.2234389 0.754411 -0.05988047 0 0 0 1</matrix>
                    </node>
                    <node id="node-Bip001_jaw" name="Bip001_jaw">
                      <matrix>0.3710406 -0.9275405 -0.04469159 0.07394242 0.8026184 0.3445303 -0.4869315 0.01053737 0.4670464 0.144801 0.872296 -1.20699e-5 0 0 0 1</matrix>
                      <node id="node-Bip001_lowerLipL" name="Bip001_lowerLipL">
                        <matrix>-0.8336916 -0.3554322 -0.4226423 0.107451 0.3746175 -0.9263141 0.04004893 -0.0348357 -0.4057341 -0.1249408 0.9054113 0.009654522 0 0 0 1</matrix>
                      </node>
                      <node id="node-Bip001_lowerLipR" name="Bip001_lowerLipR">
                        <matrix>0.7819585 1.79186e-6 -0.6233305 0.1074493 -0.6233306 -4.02331e-6 -0.7819585 -0.03484011 -3.9041e-6 1 -2.04891e-6 -0.009658962 0 0 0 1</matrix>
                      </node>
                    </node>
                    <node id="node-Bip001_upperLipL" name="Bip001_upperLipL">
                      <matrix>-7.95349e-7 -6.19888e-6 -1 0.04530883 0.9999999 2.87266e-6 -7.35745e-7 0.116103 2.90945e-6 -0.9999999 6.13928e-6 0.00955525 0 0 0 1</matrix>
                    </node>
                    <node id="node-Bip001_upperLipR" name="Bip001_upperLipR">
                      <matrix>-8.00937e-7 -1.17868e-5 1 0.04530883 0.9999999 -2.66591e-6 7.30157e-7 0.1161031 2.64077e-6 1 1.17421e-5 -0.009554595 0 0 0 1</matrix>
                    </node>
                    <node id="node-Bip001_AngryBrowL" name="Bip001_AngryBrowL">
                      <matrix>0.001812059 -0.9852672 -0.1710128 0.1354003 0.9995396 -0.003394939 0.03015059 0.1043411 -0.03028694 -0.1709887 0.9848073 0.01978356 0 0 0 1</matrix>
                    </node>
                    <node id="node-Bone050" name="Bone050">
                      <matrix>-0.2718078 -4.17233e-7 0.9623519 0.1766742 -0.9409113 0.2099089 -0.2657521 0.01386482 -0.202006 -0.977721 -0.05705521 -0.080042 0 0 0 1</matrix>
                      <node id="node-Bone051" name="Bone051">
                        <matrix>0.8727056 -0.06772891 0.4835262 0.06664182 0.04994021 0.9975201 0.0495895 0 -0.4856859 -0.01912965 0.873924 2.38419e-7 0 0 0 1</matrix>
                        <node id="node-Bone052" name="Bone052">
                          <matrix>0.9062541 -0.3886848 0.1662162 0.05545187 0.2715809 0.8366386 0.4756894 2.98023e-8 -0.3239559 -0.3859543 0.8637663 -1.19209e-7 0 0 0 1</matrix>
                          <node id="node-Bone053" name="Bone053">
                            <matrix>0.8183509 -0.4357322 -0.3747522 0.0551728 0.1430369 -0.4771263 0.8671163 0 -0.5566342 -0.7632089 -0.3281313 0 0 0 0 1</matrix>
                            <node id="node-Bone054" name="Bone054">
                              <matrix>0.8138614 -0.1123602 -0.5700921 0.05649638 0.4602882 0.7234691 0.5145156 2.98023e-8 0.3546331 -0.6811509 0.6405218 4.47035e-8 0 0 0 1</matrix>
                            </node>
                          </node>
                        </node>
                      </node>
                    </node>
                    <node id="node-Bone044" name="Bone044">
                      <matrix>-0.09140615 -3.8743e-7 0.9958137 0.2017387 -0.9919918 0.08753212 -0.09105524 0.01348138 -0.08716563 -0.9961616 -0.008001357 -0.06964707 0 0 0 1</matrix>
                      <node id="node-Bone045" name="Bone045">
                        <matrix>0.7861626 0.1194515 0.6063657 0.0724983 -0.0878349 0.9927797 -0.08169396 2.68221e-7 -0.611746 0.01096462 0.7909784 -1.3113e-6 0 0 0 1</matrix>
                        <node id="node-Bone046" name="Bone046">
                          <matrix>0.9278777 -0.2364843 0.2883031 0.06258816 0.1528029 0.9464127 0.2845247 -1.19209e-7 -0.3401393 -0.2199506 0.9142908 4.05312e-6 0 0 0 1</matrix>
                          <node id="node-Bone047" name="Bone047">
                            <matrix>0.9307666 -0.3523222 0.09768251 0.06108761 0.1767301 0.6674464 0.7233816 2.98023e-8 -0.3200613 -0.6560363 0.6835031 -1.78814e-7 0 0 0 1</matrix>
                            <node id="node-Bone048" name="Bone048">
                              <matrix>0.9457322 0.2373301 -0.2219569 0.07517123 -0.2279812 -0.002116309 -0.9736633 -7.45058e-9 -0.2315491 0.9714268 0.05210514 5.96046e-8 0 0 0 1</matrix>
                              <node id="node-Bone049" name="Bone049">
                                <matrix>0.8586522 0.1722122 -0.482763 0.08048499 -0.4657757 0.6552923 -0.5946812 -1.19209e-7 0.2139394 0.7354833 0.6428801 0 0 0 0 1</matrix>
                              </node>
                            </node>
                          </node>
                        </node>
                      </node>
                    </node>
                    <node id="node-Bone014" name="Bone014">
                      <matrix>-0.02865493 -2.83122e-7 0.999589 0.2221859 -0.9993565 0.02160657 -0.02864822 0.004512742 -0.02159769 -0.9997666 -6.19411e-4 -0.05774581 0 0 0 1</matrix>
                      <node id="node-Bone015" name="Bone015">
                        <matrix>0.8968285 0.1569262 0.4136093 0.04459424 -0.1405922 0.9876002 -0.06985629 0 -0.4194429 0.004498854 0.907771 -3.8147e-6 0 0 0 1</matrix>
                        <node id="node-Bone016" name="Bone016">
                          <matrix>0.8073795 0.3848706 0.4472287 0.05171204 -0.2289694 0.9029424 -0.3636864 1.19209e-7 -0.5437937 0.1912311 0.8171406 1.19209e-7 0 0 0 1</matrix>
                          <node id="node-Bone017" name="Bone017">
                            <matrix>0.9567487 0.1163465 0.2666372 0.06625271 -0.06016743 0.9758648 -0.209923 0 -0.2846259 0.1848009 0.9406573 0 0 0 0 1</matrix>
                            <node id="node-Bone018" name="Bone018">
                              <matrix>0.9759617 -0.1837634 -0.1171754 0.07592642 0.2160517 0.7450928 0.6309978 1.19209e-7 -0.02864774 -0.641146 0.7668844 -4.52995e-6 0 0 0 1</matrix>
                              <node id="node-Bone019" name="Bone019">
                                <matrix>0.9469509 -0.1838324 -0.2636099 0.05424249 0.2948284 0.8233756 0.4849016 -5.96046e-8 0.1279092 -0.5368977 0.8338951 0 0 0 0 1</matrix>
                                <node id="node-Bone020" name="Bone020">
                                  <matrix>0.7088868 -0.5135252 -0.4834986 0.1070499 0.4797028 -0.1515179 0.8642494 0 -0.5170728 -0.8445906 0.1389304 1.19209e-7 0 0 0 1</matrix>
                                </node>
                              </node>
                            </node>
                          </node>
                        </node>
                      </node>
                    </node>
                    <node id="node-Bone006" name="Bone006">
                      <matrix>0.196101 -1.49012e-8 0.9805839 0.2309461 -0.9789099 0.05840609 0.1957663 0.03429445 -0.05727208 -0.998293 0.01145345 -0.0269171 0 0 0 1</matrix>
                      <node id="node-Bone007" name="Bone007">
                        <matrix>0.9117423 -0.01410428 0.4105207 0.04605404 0.01401887 0.9998968 0.003218502 2.98023e-8 -0.4105237 0.002820581 0.9118455 0 0 0 0 1</matrix>
                        <node id="node-Bone008" name="Bone008">
                          <matrix>0.9392015 0.1158517 0.3232316 0.04755573 -0.1007923 0.9929103 -0.06300741 2.98023e-8 -0.3282396 0.02659746 0.9442203 1.19209e-7 0 0 0 1</matrix>
                          <node id="node-Bone009" name="Bone009">
                            <matrix>0.9081649 5.73508e-4 0.4186127 0.05169481 -3.70681e-4 0.9999999 -5.657e-4 0 -0.4186129 3.58582e-4 0.9081649 -1.19209e-7 0 0 0 1</matrix>
                            <node id="node-Bone010" name="Bone010">
                              <matrix>0.9252816 -0.277404 0.2586524 0.0660634 0.1212467 0.8625093 0.4913011 -5.96046e-8 -0.3593791 -0.4232312 0.8316982 1.19209e-7 0 0 0 1</matrix>
                              <node id="node-Bone011" name="Bone011">
                                <matrix>0.9589167 -0.2158549 -0.1840784 0.06010842 0.2631019 0.4340237 0.8616267 8.9407e-8 -0.1060917 -0.87466 0.4729845 0 0 0 0 1</matrix>
                                <node id="node-Bone012" name="Bone012">
                                  <matrix>0.966953 -0.1915676 -0.1682375 0.05975699 0.2547094 0.7547973 0.6044863 8.49366e-7 0.01118529 -0.6273614 0.7786477 -1.78814e-7 0 0 0 1</matrix>
                                  <node id="node-Bone013" name="Bone013">
                                    <matrix>0.8543546 -0.001355886 -0.5196888 0.05263507 0.002830453 0.9999942 0.002043977 -1.19209e-7 0.5196829 -0.003217161 0.8543533 4.17233e-7 0 0 0 1</matrix>
                                  </node>
                                </node>
                              </node>
                            </node>
                          </node>
                        </node>
                      </node>
                    </node>
                    <node id="node-Bone021" name="Bone021">
                      <matrix>0.4470657 -1.49012e-7 0.8945011 0.2271245 -0.8945011 6.31995e-6 0.4470657 0.05075829 -5.7146e-6 -0.9999999 2.71201e-6 8.9407e-8 0 0 0 1</matrix>
                      <node id="node-Bone022" name="Bone022">
                        <matrix>0.906424 4.99189e-6 0.4223689 0.03557789 -5.61029e-6 1 2.68221e-7 -2.98023e-8 -0.4223689 -2.6077e-6 0.9064242 0 0 0 0 1</matrix>
                        <node id="node-Bone023" name="Bone023">
                          <matrix>0.9613261 -9.52743e-7 0.2754122 0.04570848 9.20147e-7 1 2.5332e-7 0 -0.2754122 -1.49012e-8 0.9613261 0 0 0 0 1</matrix>
                          <node id="node-Bone024" name="Bone024">
                            <matrix>0.8313264 -1.69873e-6 0.5557856 0.05609787 1.19209e-6 1 1.2964e-6 0 -0.5557857 -4.02331e-7 0.8313265 -2.02656e-6 0 0 0 1</matrix>
                            <node id="node-Bone025" name="Bone025">
                              <matrix>0.9055954 0 0.4241419 0.06339753 0 0.9999999 7.45058e-9 0 -0.4241419 0 0.9055954 7.15256e-7 0 0 0 1</matrix>
                              <node id="node-Bone026" name="Bone026">
                                <matrix>0.9644744 1.10716e-5 0.2641779 0.06756556 -9.38773e-7 1 -3.85046e-5 -2.98023e-8 -0.2641779 3.68878e-5 0.9644743 8.34465e-7 0 0 0 1</matrix>
                                <node id="node-Bone027" name="Bone027">
                                  <matrix>0.9817942 -1.14739e-6 -0.1899465 0.07909274 9.84967e-6 1 4.48152e-5 0 0.1899465 -4.58797e-5 0.9817942 -5.06639e-7 0 0 0 1</matrix>
                                  <node id="node-Bone028" name="Bone028">
                                    <matrix>0.9998927 2.07126e-6 0.01466204 0.07343221 -1.90735e-6 1 -1.03712e-5 0 -0.01466203 1.03377e-5 0.9998927 5.96046e-8 0 0 0 1</matrix>
                                  </node>
                                </node>
                              </node>
                            </node>
                          </node>
                        </node>
                      </node>
                    </node>
                    <node id="node-Bone029" name="Bone029">
                      <matrix>0.1961011 -7.45058e-8 0.9805838 0.2309459 -0.97891 -0.05839982 0.1957663 0.0342943 0.05726587 -0.9982934 -0.01145236 0.02691686 0 0 0 1</matrix>
                      <node id="node-Bone030" name="Bone030">
                        <matrix>0.9117723 0.01410465 0.4104535 0.04605374 -0.01401947 0.9998964 -0.003217533 -5.96046e-8 -0.4104564 -0.002820671 0.9118758 -3.93391e-6 0 0 0 1</matrix>
                        <node id="node-Bone031" name="Bone031">
                          <matrix>0.9391772 -0.1158523 0.3233028 0.04755458 0.1007911 0.992911 0.06300678 0 -0.3283099 -0.02658847 0.9441956 0 0 0 0 1</matrix>
                          <node id="node-Bone032" name="Bone032">
                            <matrix>0.9038534 0.04105058 0.4258698 0.05169505 -0.02617581 0.9988275 -0.04072462 0 -0.4270422 0.02566157 0.903868 1.19209e-7 0 0 0 1</matrix>
                            <node id="node-Bone033" name="Bone033">
                              <matrix>0.9352224 0.2103267 0.2848187 0.06606328 -0.09208229 0.9212399 -0.3779384 0 -0.3418768 0.3272297 0.8809317 0 0 0 0 1</matrix>
                              <node id="node-Bone034" name="Bone034">
                                <matrix>0.9540269 0.2209558 -0.2025129 0.06010938 -0.2726005 0.3588101 -0.8927174 2.98023e-8 -0.1245871 0.9068815 0.4025471 5.96046e-8 0 0 0 1</matrix>
                                <node id="node-Bone035" name="Bone035">
                                  <matrix>0.9640254 0.1841629 -0.1916737 0.05975616 -0.2622839 0.7761133 -0.573458 -1.49012e-8 0.04315071 0.6031008 0.7964967 -5.96046e-8 0 0 0 1</matrix>
                                  <node id="node-Bone036" name="Bone036">
                                    <matrix>0.8694143 0.0152192 -0.4938492 0.05263555 -0.02966278 0.9993307 -0.02142408 -2.98023e-8 0.4931929 0.03327523 0.8692835 2.98023e-8 0 0 0 1</matrix>
                                  </node>
                                </node>
                              </node>
                            </node>
                          </node>
                        </node>
                      </node>
                    </node>
                    <node id="node-Bone037" name="Bone037">
                      <matrix>-0.03296207 1.63913e-7 0.9994567 0.222186 -0.99898 -0.03087518 -0.03294636 0.004512422 0.03085839 -0.9995234 0.001017883 0.05774581 0 0 0 1</matrix>
                      <node id="node-Bone038" name="Bone038">
                        <matrix>0.8929764 -0.1232729 0.4328945 0.04459451 0.1165006 0.9922915 0.04225147 5.96046e-8 -0.434766 0.01270285 0.9004542 1.19209e-7 0 0 0 1</matrix>
                        <node id="node-Bone039" name="Bone039">
                          <matrix>0.8104645 -0.3801516 0.4456804 0.05171019 0.2161753 0.9012178 0.3755988 2.98023e-8 -0.5444399 -0.2080643 0.8125844 -1.66893e-6 0 0 0 1</matrix>
                          <node id="node-Bone040" name="Bone040">
                            <matrix>0.9648311 -0.1429276 0.2206183 0.0662533 0.07894543 0.9580725 0.2754363 -1.49012e-8 -0.2507358 -0.2483327 0.9356616 0 0 0 0 1</matrix>
                            <node id="node-Bone041" name="Bone041">
                              <matrix>0.975956 0.1838065 -0.1171584 0.07592785 -0.216068 0.7449557 -0.6311548 2.08616e-7 -0.02873263 0.6412933 0.766758 0 0 0 0 1</matrix>
                              <node id="node-Bone042" name="Bone042">
                                <matrix>0.9450259 0.2399527 -0.2221448 0.05424106 -0.3174698 0.8360455 -0.4474816 2.98023e-8 0.07834885 0.4934064 0.8662629 2.38419e-7 0 0 0 1</matrix>
                                <node id="node-Bone043" name="Bone043">
                                  <matrix>0.7633406 0.4381691 -0.4746784 0.1070514 -0.4467451 -0.1726972 -0.8778356 -2.98023e-8 -0.4666157 0.8821475 0.06392287 -5.96046e-8 0 0 0 1</matrix>
                                </node>
                              </node>
                            </node>
                          </node>
                        </node>
                      </node>
                    </node>
                    <node id="node-Bone055" name="Bone055">
                      <matrix>-0.09140572 1.93715e-7 0.9958144 0.2017387 -0.9919922 -0.08752595 -0.09105495 0.01348099 0.08715954 -0.9961622 0.008000568 0.06964704 0 0 0 1</matrix>
                      <node id="node-Bone056" name="Bone056">
                        <matrix>0.7861557 -0.1194354 0.6063781 0.07249785 0.08782187 0.9927816 0.08168434 3.57628e-7 -0.6117569 -0.01096338 0.7909698 0 0 0 0 1</matrix>
                        <node id="node-Bone057" name="Bone057">
                          <matrix>0.9220536 0.282224 0.2648902 0.06258506 -0.1853494 0.9227366 -0.3379383 -3.27826e-7 -0.339798 0.2625 0.9031228 1.19209e-7 0 0 0 1</matrix>
                          <node id="node-Bone058" name="Bone058">
                            <matrix>0.9331157 0.3402687 0.1162441 0.06108952 -0.172181 0.706632 -0.6863126 2.98023e-8 -0.3156725 0.6203941 0.7179568 5.96046e-8 0 0 0 1</matrix>
                            <node id="node-Bone059" name="Bone059">
                              <matrix>0.9435687 -0.2433106 -0.2246737 0.07517004 0.22795 -0.01498589 0.9735573 8.9407e-8 -0.2402438 -0.9698328 0.04132234 0 0 0 0 1</matrix>
                              <node id="node-Bone060" name="Bone060">
                                <matrix>0.8586497 -0.1722088 -0.4827677 0.08048654 0.465779 0.6552851 0.5946857 7.45058e-8 0.2139404 -0.7354899 0.6428717 -5.96046e-8 0 0 0 1</matrix>
                              </node>
                            </node>
                          </node>
                        </node>
                      </node>
                    </node>
                    <node id="node-Bone061" name="Bone061">
                      <matrix>-0.2765531 5.81145e-7 0.9609986 0.1766739 -0.9376869 -0.2189246 -0.2698442 0.0138644 0.2103861 -0.975742 0.06054473 0.08004996 0 0 0 1</matrix>
                      <node id="node-Bone062" name="Bone062">
                        <matrix>0.8800436 0.03148924 0.4738474 0.06630638 -0.0234263 0.9994631 -0.02291051 5.96046e-8 -0.4743145 0.009061724 0.8803088 -1.90735e-6 0 0 0 1</matrix>
                        <node id="node-Bone063" name="Bone063">
                          <matrix>0.8984272 0.4092897 0.1590954 0.05577618 -0.2856669 0.8199127 -0.4961224 -5.96046e-8 -0.333502 0.4002815 0.8535523 0 0 0 0 1</matrix>
                          <node id="node-Bone064" name="Bone064">
                            <matrix>0.8136281 0.4382423 -0.3820378 0.05538905 -0.1488503 -0.478192 -0.8655493 0 -0.562008 0.7611018 -0.323838 0 0 0 0 1</matrix>
                            <node id="node-Bone065" name="Bone065">
                              <matrix>0.8752896 0.08609421 -0.4758735 0.05682147 -0.3054109 0.8613695 -0.4059146 1.49012e-8 0.374956 0.5006298 0.7802421 1.49012e-8 0 0 0 1</matrix>
                            </node>
                          </node>
                        </node>
                      </node>
                    </node>
                    <node id="node-Bone077" name="Bone077">
                      <matrix>-0.01158962 6.4075e-7 0.9999328 0.1375992 -0.8724388 -0.4886189 -0.01011162 0.03142531 0.4885862 -0.8724975 0.005663484 0.0596832 0 0 0 1</matrix>
                      <node id="node-Bone078" name="Bone078">
                        <matrix>0.7043357 -0.4953952 0.5084243 0.06178033 0.3977998 0.8686491 0.2953046 4.76837e-7 -0.5879346 -0.005742431 0.8088884 4.37498e-5 0 0 0 1</matrix>
                        <node id="node-Bone079" name="Bone079">
                          <matrix>0.745956 -0.6548734 0.1212058 0.1102704 0.4237671 0.6071163 0.6721835 -1.49012e-8 -0.5137813 -0.4500563 0.7303956 1.19209e-7 0 0 0 1</matrix>
                          <node id="node-Bone080" name="Bone080">
                            <matrix>0.8926533 0.2532578 0.372868 0.1663147 -0.1483835 0.9462286 -0.2874603 0 -0.4256199 0.2012751 0.8822338 0 0 0 0 1</matrix>
                            <node id="node-Bone081" name="Bone081">
                              <matrix>0.9320755 0.1246798 -0.3401321 0.1379911 -0.1721553 -0.6736671 -0.7187043 7.45058e-9 -0.3187434 0.728442 -0.6064444 0 0 0 0 1</matrix>
                            </node>
                          </node>
                        </node>
                      </node>
                    </node>
                    <node id="node-Bone066" name="Bone066">
                      <matrix>-0.2908011 -3.12924e-7 0.9567834 0.1378932 -0.933583 0.2188804 -0.2837497 0.009998903 -0.2094212 -0.9757516 -0.06365091 -0.07983372 0 0 0 1</matrix>
                      <node id="node-Bone067" name="Bone067">
                        <matrix>0.7965987 0.4133027 0.4411482 0.08105603 -0.3324228 0.909016 -0.2513689 0 -0.5049019 0.05359238 0.8615116 -3.09944e-6 0 0 0 1</matrix>
                        <node id="node-Bone068" name="Bone068">
                          <matrix>0.9018514 0.4028898 0.1560253 0.06413394 -0.2337512 0.758715 -0.6080391 -2.38419e-7 -0.3633518 0.5118901 0.7784245 2.38419e-7 0 0 0 1</matrix>
                          <node id="node-Bone069" name="Bone069">
                            <matrix>0.9998952 0.01424576 0.002566904 0.08350694 -0.01418538 0.9996533 -0.02217147 -2.98023e-8 -0.002882004 0.02213269 0.9997507 0 0 0 0 1</matrix>
                            <node id="node-Bone070" name="Bone070">
                              <matrix>0.9643174 -0.150227 0.2179986 0.08289564 0.09696241 0.966611 0.237196 0 -0.2463527 -0.2075951 0.9466861 2.98023e-8 0 0 0 1</matrix>
                              <node id="node-Bone071" name="Bone071">
                                <matrix>0.9585639 -0.1121205 0.2618872 0.06400168 0.03549376 0.9591345 0.2807153 2.98023e-8 -0.2826594 -0.259788 0.9233713 0 0 0 0 1</matrix>
                                <node id="node-Bone072" name="Bone072">
                                  <matrix>0.964076 -0.03288294 -0.2635827 0.07497585 0.2330032 -0.3717678 0.8986085 0 -0.1275404 -0.9277429 -0.3507507 -1.49012e-8 0 0 0 1</matrix>
                                </node>
                              </node>
                            </node>
                          </node>
                        </node>
                      </node>
                    </node>
                    <node id="node-Bone073" name="Bone073">
                      <matrix>-0.2925557 1.3411e-7 0.9562488 0.09248972 -0.954704 0.0568094 -0.2920833 -0.03078888 -0.05432392 -0.998385 -0.01661977 -0.07006145 0 0 0 1</matrix>
                      <node id="node-Bone074" name="Bone074">
                        <matrix>0.6387705 0.4660809 0.6121606 0.05861646 -0.2161334 0.8722982 -0.4386138 0 -0.7384157 0.1478651 0.657934 1.19209e-7 0 0 0 1</matrix>
                        <node id="node-Bone075" name="Bone075">
                          <matrix>0.966939 -0.2549824 -0.003659725 0.08270764 0.224585 0.8446918 0.4858575 0 -0.1207937 -0.4706161 0.8740308 -5.96046e-8 0 0 0 1</matrix>
                          <node id="node-Bone076" name="Bone076">
                            <matrix>0.9027886 -0.3799327 -0.2015529 0.1038884 0.1286855 -0.2085411 0.9695104 -2.98023e-8 -0.4103809 -0.9011999 -0.1393765 -1.78814e-7 0 0 0 1</matrix>
                          </node>
                        </node>
                      </node>
                    </node>
                    <node id="node-Bone082" name="Bone082">
                      <matrix>-0.3110904 3.12924e-7 0.9503804 0.09530389 -0.9488454 -0.05680678 -0.310588 -0.03142175 0.05398793 -0.9983854 0.01767235 0.06847605 0 0 0 1</matrix>
                      <node id="node-Bone083" name="Bone083">
                        <matrix>0.6710566 -0.4341135 0.6010228 0.05861518 0.1827009 0.8824794 0.4334169 2.08616e-7 -0.7185422 -0.18104 0.6715066 4.76837e-6 0 0 0 1</matrix>
                        <node id="node-Bone084" name="Bone084">
                          <matrix>0.9794419 0.1983212 0.03691357 0.08271182 -0.1548231 0.8563235 -0.492687 2.98023e-8 -0.1293202 0.4768434 0.8694239 1.78814e-7 0 0 0 1</matrix>
                          <node id="node-Bone085" name="Bone085">
                            <matrix>0.9224284 0.3760583 -0.08778421 0.1038884 -0.1378097 0.1082107 -0.9845294 -8.9407e-8 -0.3607413 0.9202556 0.151641 -1.19209e-7 0 0 0 1</matrix>
                            <node id="node-Bone086" name="Bone086">
                              <matrix>0.9832615 0.04322939 -0.1769952 0.1096958 -0.123718 0.8715611 -0.4744205 2.23517e-7 0.1337533 0.4883772 0.8623211 4.47035e-8 0 0 0 1</matrix>
                            </node>
                          </node>
                        </node>
                      </node>
                    </node>
                  </node>
                </node>
                <node id="node-Bip001_backpack_01" name="Bip001_backpack_01">
                  <matrix>-0.9792178 0.2028019 -0.0019788 0.2016006 -0.202796 -0.9792171 -0.002801944 -0.08787799 -0.002505958 -0.00234241 0.9999942 4.17233e-7 0 0 0 1</matrix>
                  <node id="node-Bip001_rope_01" name="Bip001_rope_01">
                    <matrix>0.9500331 -0.3097464 -0.03864783 0.4241186 -0.2955908 -0.9325069 0.2075002 0.0879336 -0.1003118 -0.1857082 -0.9774711 0.09922141 0 0 0 1</matrix>
                    <node id="node-Bip001_rope_02" name="Bip001_rope_02">
                      <matrix>0.9978652 0.06031723 -0.02504102 0.09589303 0.06092103 -0.9978518 0.02409242 8.33869e-5 -0.02353404 -0.02556652 -0.9993961 2.13087e-6 0 0 0 1</matrix>
                      <node id="node-Bip001_rope_03" name="Bip001_rope_03">
                        <matrix>0.9781297 0.01892784 -0.2071325 0.104867 -0.05167693 0.9867401 -0.1538623 -1.02401e-4 0.2014737 0.1612011 0.966138 -0.001042768 0 0 0 1</matrix>
                      </node>
                    </node>
                  </node>
                  <node id="node-Bip001_Xtra17" name="Bip001_Xtra17">
                    <matrix>-0.04419926 -0.7063961 -0.7064354 0.1551489 0.9990225 -0.03164935 -0.03085792 0.112457 -5.60276e-4 -0.7071089 0.7071045 6.88434e-5 0 0 0 1</matrix>
                    <node id="node-Bip001_Xtra18" name="Bip001_Xtra18">
                      <matrix>1 -2.98023e-8 2.98023e-8 0.02474701 -1.49012e-8 1 2.98023e-7 -2.24411e-5 2.98023e-8 -2.98023e-7 1 0 0 0 0 1</matrix>
                    </node>
                    <node id="node-Bip001_Xtra19" name="Bip001_Xtra19">
                      <matrix>0.9999993 -7.96318e-4 7.98792e-4 0.02904582 -7.96348e-4 -0.9999998 -1.49012e-6 0.02995086 7.98792e-4 9.23872e-7 -0.9999997 -7.49826e-5 0 0 0 1</matrix>
                    </node>
                    <node id="node-Bip001_Xtra20" name="Bip001_Xtra20">
                      <matrix>0.9999918 -0.003981054 7.89165e-4 0.02889752 0.003981054 0.9999921 6.28829e-6 -0.03234425 -7.89136e-4 -3.09944e-6 0.9999996 -7.51019e-5 0 0 0 1</matrix>
                    </node>
                  </node>
                  <node id="node-Bip001_Xtra01" name="Bip001_Xtra01">
                    <matrix>0.9981052 -0.06068918 0.01014834 0.2139945 0.06067663 0.9981563 0.001537621 0.05374002 -0.01022291 -9.18925e-4 0.9999474 0.1710362 0 0 0 1</matrix>
                  </node>
                  <node id="node-Bip001_Xtra01Opp" name="Bip001_Xtra01Opp">
                    <matrix>0.9984868 -0.05466175 0.006013289 0.213994 0.05465657 0.9985046 0.001041099 0.05373985 -0.006061196 -7.10815e-4 0.9999816 -0.1722648 0 0 0 1</matrix>
                  </node>
                </node>
                <node id="node-Bip001_L_Clavicle" name="Bip001_L_Clavicle">
                  <matrix sid="matrix">-0.1281601 -7.49305e-4 0.9917531 0.1406267 -0.3355219 -0.9410011 -0.04406907 0.024672 0.9332739 -0.3384028 0.1203474 0.05035809 0 0 0 1</matrix>
                  <node id="node-Bip001_L_UpperArm" name="Bip001_L_UpperArm">
                    <matrix sid="matrix">0.5259145 0.3142211 0.7903664 0.17644 -0.004532158 0.9302773 -0.366829 0 -0.8505254 0.1893386 0.4906706 0 0 0 0 1</matrix>
                    <node id="node-Bip001_L_Forearm" name="Bip001_L_Forearm">
                      <matrix sid="matrix">0.7381843 0.6745992 0 0.302225 -0.6745992 0.7381843 1.49012e-8 0 0 2.23517e-8 1 5.96046e-8 0 0 0 1</matrix>
                      <node id="node-Bip001_L_Hand" name="Bip001_L_Hand">
                        <matrix sid="matrix">0.9376925 -0.3172625 -0.1416947 0.3035221 0.1311914 -0.05434511 0.9898664 2.98023e-8 -0.3217479 -0.9467794 -0.009336941 -1.78814e-7 0 0 0 1</matrix>
                        <node id="node-Bip001_L_Finger0" name="Bip001_L_Finger0">
                          <matrix sid="matrix">0.7823345 0.476153 0.401535 0.01779109 0.4673042 -0.02248679 -0.8838102 0.01367187 -0.4118006 0.8790739 -0.2401009 -0.02770388 0 0 0 1</matrix>
                          <node id="node-Bip001_L_Finger01" name="Bip001_L_Finger01">
                            <matrix sid="matrix">0.9470673 -0.3208855 0.009794354 0.05085593 0.3207816 0.9470913 0.01083326 -7.45058e-8 -0.01275234 -0.007117994 0.9998934 -2.98023e-8 0 0 0 1</matrix>
                            <node id="node-Bip001_L_Finger02" name="Bip001_L_Finger02">
                              <matrix sid="matrix">0.8930221 -0.449827 0.01294124 0.03437006 0.4498265 0.8931106 0.00312376 -2.98023e-8 -0.01296312 0.003031693 0.9999114 -1.49012e-8 0 0 0 1</matrix>
                            </node>
                          </node>
                        </node>
                        <node id="node-Bip001_L_Finger1" name="Bip001_L_Finger1">
                          <matrix sid="matrix">0.9452651 -0.2392201 0.2219165 0.08567607 0.3153768 0.8443097 -0.4332184 -0.005999744 -0.08373203 0.4794936 0.8735413 -0.02973524 0 0 0 1</matrix>
                          <node id="node-Bip001_L_Finger11" name="Bip001_L_Finger11">
                            <matrix sid="matrix">0.9585433 -0.2849471 1.49012e-8 0.05795395 0.2849471 0.9585431 -5.7742e-8 -2.98023e-8 -1.49012e-8 0 1 0 0 0 0 1</matrix>
                            <node id="node-Bip001_L_Finger12" name="Bip001_L_Finger12">
                              <matrix sid="matrix">0.9799792 -0.1990998 1.49012e-8 0.03285104 0.1990998 0.9799794 2.23517e-8 1.49012e-8 -2.98023e-8 -1.49012e-8 1 -2.98023e-8 0 0 0 1</matrix>
                            </node>
                          </node>
                        </node>
                        <node id="node-Bip001_L_Finger2" name="Bip001_L_Finger2">
                          <matrix sid="matrix">0.9167968 -0.3954409 0.05576989 0.09032303 0.3993354 0.9091586 -0.1181612 -0.01052219 -0.003978528 0.1306004 0.9914269 -0.005256653 0 0 0 1</matrix>
                          <node id="node-Bip001_L_Finger21" name="Bip001_L_Finger21">
                            <matrix sid="matrix">0.9291341 -0.369741 -0.001191348 0.05795395 0.3697375 0.9291333 -0.002391361 8.9407e-8 0.001991056 0.001781367 0.9999965 -5.96046e-8 0 0 0 1</matrix>
                            <node id="node-Bip001_L_Finger22" name="Bip001_L_Finger22">
                              <matrix sid="matrix">0.9749531 -0.2224052 -0.001545012 0.04148096 0.2224018 0.9749527 -0.002179503 -5.96046e-8 0.001991063 0.001781367 0.9999964 4.47035e-8 0 0 0 1</matrix>
                            </node>
                          </node>
                        </node>
                        <node id="node-Bip001_L_Finger3" name="Bip001_L_Finger3">
                          <matrix sid="matrix">0.8572203 -0.4990524 -0.1269604 0.08558702 0.5135816 0.8465098 0.1401988 -0.009840608 0.0375062 -0.185386 0.9819498 0.02070285 0 0 0 1</matrix>
                          <node id="node-Bip001_L_Finger31" name="Bip001_L_Finger31">
                            <matrix sid="matrix">0.927714 -0.373207 -0.007932855 0.05795395 0.3731818 0.9277472 -0.004515828 2.98023e-8 0.009044977 0.001228971 0.9999583 -1.49012e-8 0 0 0 1</matrix>
                            <node id="node-Bip001_L_Finger32" name="Bip001_L_Finger32">
                              <matrix sid="matrix">0.8936018 -0.4488019 -0.007275042 0.03192705 0.4487714 0.89363 -0.00547767 -5.96046e-8 0.00895961 0.001630016 0.9999585 -1.49012e-8 0 0 0 1</matrix>
                            </node>
                          </node>
                        </node>
                        <node id="node-Bip001_L_Finger4" name="Bip001_L_Finger4">
                          <matrix sid="matrix">0.8600301 -0.3660163 -0.3555008 0.08973408 0.4513439 0.8706793 0.1954634 -0.004826784 0.2379843 -0.3285569 0.9140101 0.04668483 0 0 0 1</matrix>
                          <node id="node-Bip001_L_Finger41" name="Bip001_L_Finger41">
                            <matrix sid="matrix">0.8673855 -0.4976334 -0.001793563 0.03496796 0.4976288 0.8673866 -0.002468139 0 0.002783984 0.001248375 0.9999953 0 0 0 0 1</matrix>
                            <node id="node-Bip001_L_Finger42" name="Bip001_L_Finger42">
                              <matrix sid="matrix">0.9184148 -0.3956136 -0.002062947 0.02204996 0.3956092 0.9184164 -0.00224787 5.96046e-8 0.002783887 0.001248375 0.9999953 5.96046e-8 0 0 0 1</matrix>
                            </node>
                          </node>
                        </node>
                      </node>
                    </node>
                    <node id="node-Bip001_L_ForeTwist" name="Bip001_L_ForeTwist">
                      <matrix sid="matrix">0.7381843 0.6745974 0.001590729 0.302225 -0.6745992 0.7381822 0.001740709 0 0 -0.002358042 0.9999973 5.96046e-8 0 0 0 1</matrix>
                      <node id="node-Bip001_L_ForeTwist1" name="Bip001_L_ForeTwist1">
                        <matrix sid="matrix">1 1.49012e-8 2.98023e-8 0.101174 -1.49012e-8 0.9999973 0.002358042 2.98023e-8 -2.98023e-8 -0.002358049 0.9999971 0 0 0 0 1</matrix>
                        <node id="node-Bip001_L_ForeTwist2" name="Bip001_L_ForeTwist2">
                          <matrix sid="matrix">1 5.96046e-8 0 0.1011741 1.49012e-8 0.9999972 0.002358064 1.49012e-8 -2.98023e-8 -0.002358049 0.9999971 -5.96046e-8 0 0 0 1</matrix>
                        </node>
                      </node>
                    </node>
                  </node>
                  <node id="node-Bip001_LUpArmTwist" name="Bip001_LUpArmTwist">
