<?xml version="1.0" encoding="utf-8"?>
<COLLADA xmlns="http://www.collada.org/2005/11/COLLADASchema" version="1.4.1">
  <asset>
    <contributor>
      <author>Setsu</author>
      <authoring_tool>OpenCOLLADA for 3ds Max;  Version: 1.3.1;  Revision: 847M;  Platform: x64;  Configuration: Release_Max2012_static</authoring_tool>
      <source_data>file:///D:/_Work/webgl/models/man/animation/harpoon/wpn_harpoon_attack9.max</source_data>
    </contributor>
    <created>2012-09-04T14:32:48</created>
    <modified>2012-09-04T14:32:48</modified>
    <unit name="meter" meter="1"/>
    <up_axis>Z_UP</up_axis>
  </asset>
  <library_geometries>
    <geometry id="geom-Line001" name="Line001">
      <spline closed="0">
        <source id="geom-Line001-positions">
          <float_array id="geom-Line001-positions-array" count="21">1.155697 0.8408581 1.536583 0.2190984 1.207732 1.902505 -1.315959 0.6135856 2.095799 -0.9327776 -2.059208 1.887435 0.5811684 -2.793642 1.419947 2.406688 -1.636757 0.7770734 0.7576126 0.3800927 0.6596484</float_array>
          <technique_common>
            <accessor source="#geom-Line001-positions-array" count="7" stride="3">
              <param name="X" type="float"/>
              <param name="Y" type="float"/>
              <param name="Z" type="float"/>
            </accessor>
          </technique_common>
        </source>
        <source id="geom-Line001-intangents">
          <float_array id="geom-Line001-intangents-array" count="21">1.155697 0.8408581 1.536583 0.4371298 1.221884 1.809302 -1.149276 1.044499 2.07236 -2.125449 -0.9097269 2.145405 0.1601566 -2.758919 1.588991 2.200107 -2.476642 0.8960071 1.842947 -0.09230095 0.6187629</float_array>
          <technique_common>
            <accessor source="#geom-Line001-intangents-array" count="7" stride="3">
              <param name="X" type="float"/>
              <param name="Y" type="float"/>
              <param name="Z" type="float"/>
            </accessor>
          </technique_common>
        </source>
        <source id="geom-Line001-outtangents">
          <float_array id="geom-Line001-outtangents-array" count="21">0.8772378 1.051357 1.687328 -0.2048301 1.448933 1.995707 -1.454328 0.2312519 2.108445 -0.3473873 -2.576675 1.748722 1.304366 -2.844623 1.188982 2.535203 -0.7846318 0.6579046 0.7576126 0.3800927 0.6596484</float_array>
          <technique_common>
            <accessor source="#geom-Line001-outtangents-array" count="7" stride="3">
              <param name="X" type="float"/>
              <param name="Y" type="float"/>
              <param name="Z" type="float"/>
            </accessor>
          </technique_common>
        </source>
        <source id="geom-Line001-interpolations">
          <Name_array id="geom-Line001-interpolations-array" count="7">BEZIER BEZIER BEZIER BEZIER BEZIER BEZIER BEZIER</Name_array>
          <technique_common>
            <accessor source="#geom-Line001-interpolations-array" count="7" stride="1">
              <param name="INTERPOLATION" type="name"/>
            </accessor>
          </technique_common>
        </source>
        <control_vertices>
          <input semantic="POSITION" source="#geom-Line001-positions"/>
          <input semantic="IN_TANGENT" source="#geom-Line001-intangents"/>
          <input semantic="OUT_TANGENT" source="#geom-Line001-outtangents"/>
          <input semantic="INTERPOLATION" source="#geom-Line001-interpolations"/>
        </control_vertices>
      </spline>
    </geometry>
  </library_geometries>
  <library_lights>
    <light id="EnvironmentAmbientLight" name="EnvironmentAmbientLight">
      <technique_common>
        <ambient>
          <color>0.019608 0.019608 0.019608</color>
        </ambient>
      </technique_common>
    </light>
  </library_lights>
  <library_visual_scenes>
    <visual_scene id="MaxScene">
      <node name="EnvironmentAmbientLight">
        <instance_light url="#EnvironmentAmbientLight"/>
      </node>
      <node id="node-Bip001" name="Bip001">
        <matrix>0.9855413 -0.1694272 -0.001657002 -0.198649 0.1693718 0.9853923 -0.01775331 0.08659528 0.004640691 0.01721597 0.999841 0.8907853 0 0 0 1</matrix>
        <node id="node-Bip001_Pelvis" name="Bip001_Pelvis">
          <matrix sid="matrix">0.004023835 0.9659178 0.2588176 0.01959415 0.0325926 -0.2588089 0.9653785 0.01982215 0.9994605 0.004551015 -0.03252318 -2.46763e-5 0 0 0 1</matrix>
          <node id="node-Bip001_Spine" name="Bip001_Spine">
            <matrix sid="matrix">0.9493683 0.0548145 -0.3093467 0.1062949 -0.1090389 0.9809426 -0.1608169 0.01606584 0.2946363 0.1864053 0.9372528 7.28138e-4 0 0 0 1</matrix>
            <node id="node-Bip001_Spine1" name="Bip001_Spine1">
              <matrix sid="matrix">0.9929806 -0.1162884 -0.02159777 0.1646489 0.1182742 0.9749998 0.188114 -1.27845e-4 -8.17627e-4 -0.189348 0.9819096 2.49147e-5 0 0 0 1</matrix>
              <node id="node-Bip001_Spine2" name="Bip001_Spine2">
                <matrix sid="matrix">0.9355857 -0.3513577 0.03503361 0.1646801 0.3131047 0.8713861 0.3776926 -1.14232e-4 -0.1632331 -0.3423946 0.9252682 4.48376e-5 0 0 0 1</matrix>
                <node id="node-Bip001_Neck" name="Bip001_Neck">
                  <matrix sid="matrix">0.972571 -0.2248387 0.05960959 0.1743757 0.229747 0.968595 -0.09507881 -0.007501423 -0.03636017 0.106166 0.9936834 -6.4373e-6 0 0 0 1</matrix>
                  <node id="node-Bip001_Head" name="Bip001_Head">
                    <matrix sid="matrix">0.9907677 -0.1107485 0.07819122 0.08448005 -0.008773327 0.5231737 0.8521811 0.03011221 -0.1352853 -0.8449997 0.517372 8.9407e-8 0 0 0 1</matrix>
                    <node id="node-Bip001_AngryBrowR" name="Bip001_AngryBrowR">
                      <matrix>0.001812056 -0.9852681 0.1710073 0.1354001 0.9995395 -0.003395736 -0.03015607 0.1043413 0.0302925 0.1709832 0.984808 -0.01978302 0 0 0 1</matrix>
                    </node>
                    <node id="node-Bip001_SillyBrowL" name="Bip001_SillyBrowL">
                      <matrix>-0.004057258 -0.9597188 -0.280933 0.134617 0.7867898 0.1703331 -0.5932522 0.08548474 0.6172075 -0.2234422 0.7544059 0.05988091 0 0 0 1</matrix>
                    </node>
                    <node id="node-Bip001_SillyBrowR" name="Bip001_SillyBrowR">
                      <matrix>-0.004056908 -0.9597204 0.2809277 0.1346171 0.7867937 0.1703287 0.5932484 0.0854851 -0.6172026 0.2234389 0.7544109 -0.0598805 0 0 0 1</matrix>
                    </node>
                    <node id="node-Bip001_jaw" name="Bip001_jaw">
                      <matrix>0.3710406 -0.9275404 -0.04469156 0.07394242 0.8026185 0.3445303 -0.4869315 0.01053739 0.4670464 0.144801 0.8722959 -1.21593e-5 0 0 0 1</matrix>
                      <node id="node-Bip001_lowerLipL" name="Bip001_lowerLipL">
                        <matrix>-0.8336916 -0.3554322 -0.4226422 0.107451 0.3746175 -0.9263142 0.0400489 -0.0348357 -0.4057342 -0.1249407 0.9054113 0.009654552 0 0 0 1</matrix>
                      </node>
                      <node id="node-Bip001_lowerLipR" name="Bip001_lowerLipR">
                        <matrix>0.7819585 1.74111e-6 -0.6233305 0.1074493 -0.6233306 -3.96371e-6 -0.7819585 -0.03484023 -3.96371e-6 0.9999999 -2.04146e-6 -0.009658992 0 0 0 1</matrix>
                      </node>
                    </node>
                    <node id="node-Bip001_upperLipL" name="Bip001_upperLipL">
                      <matrix>-8.19564e-7 -6.25849e-6 -0.9999999 0.04530883 1 2.88337e-6 -7.30157e-7 0.1161031 2.91318e-6 -0.9999999 6.19888e-6 0.009555221 0 0 0 1</matrix>
                    </node>
                    <node id="node-Bip001_upperLipR" name="Bip001_upperLipR">
                      <matrix>-8.19564e-7 -1.18017e-5 0.9999999 0.04530883 0.9999999 -2.68221e-6 7.59959e-7 0.1161031 2.65241e-6 0.9999999 1.17123e-5 -0.009554684 0 0 0 1</matrix>
                    </node>
                    <node id="node-Bip001_AngryBrowL" name="Bip001_AngryBrowL">
                      <matrix>0.001812026 -0.9852672 -0.1710128 0.1354001 0.9995396 -0.003394932 0.03015059 0.1043411 -0.03028695 -0.1709886 0.9848074 0.01978356 0 0 0 1</matrix>
                    </node>
                    <node id="node-Bone050" name="Bone050">
                      <matrix>-0.2718078 -4.76837e-7 0.9623517 0.176674 -0.9409113 0.2099089 -0.2657521 0.01386482 -0.202006 -0.977721 -0.05705521 -0.08004206 0 0 0 1</matrix>
                      <node id="node-Bone051" name="Bone051">
                        <matrix>0.8727056 -0.06772883 0.4835261 0.06664181 0.04994018 0.9975202 0.04958951 0 -0.4856858 -0.01912957 0.873924 1.19209e-7 0 0 0 1</matrix>
                        <node id="node-Bone052" name="Bone052">
                          <matrix>0.9062542 -0.388685 0.1662163 0.05545181 0.271581 0.8366386 0.4756894 0 -0.323956 -0.3859543 0.8637664 0 0 0 0 1</matrix>
                          <node id="node-Bone053" name="Bone053">
                            <matrix>0.8183509 -0.4357322 -0.3747522 0.05517268 0.1430369 -0.4771262 0.8671163 -2.98023e-8 -0.5566341 -0.7632089 -0.3281313 0 0 0 0 1</matrix>
                            <node id="node-Bone054" name="Bone054">
                              <matrix>0.8138614 -0.1123602 -0.5700921 0.05649626 0.4602882 0.7234693 0.5145157 0 0.354633 -0.681151 0.6405218 5.96046e-8 0 0 0 1</matrix>
                            </node>
                          </node>
                        </node>
                      </node>
                    </node>
                    <node id="node-Bone044" name="Bone044">
                      <matrix>-0.09140615 -4.17233e-7 0.9958135 0.2017386 -0.9919919 0.08753212 -0.09105524 0.01348138 -0.08716563 -0.9961617 -0.008001357 -0.06964713 0 0 0 1</matrix>
                      <node id="node-Bone045" name="Bone045">
                        <matrix>0.7861626 0.1194515 0.6063656 0.07249832 -0.08783495 0.9927795 -0.08169395 2.38419e-7 -0.611746 0.01096472 0.7909784 -1.43051e-6 0 0 0 1</matrix>
                        <node id="node-Bone046" name="Bone046">
                          <matrix>0.9278778 -0.2364843 0.288303 0.06258804 0.1528028 0.9464127 0.2845247 -1.19209e-7 -0.3401393 -0.2199505 0.9142908 4.17233e-6 0 0 0 1</matrix>
                          <node id="node-Bone047" name="Bone047">
                            <matrix>0.9307665 -0.3523222 0.09768245 0.06108761 0.1767301 0.6674466 0.7233816 0 -0.3200612 -0.6560364 0.6835032 -1.19209e-7 0 0 0 1</matrix>
                            <node id="node-Bone048" name="Bone048">
                              <matrix>0.9457324 0.2373302 -0.221957 0.07517111 -0.2279812 -0.002116295 -0.9736634 2.98023e-8 -0.2315492 0.9714269 0.05210519 -1.19209e-7 0 0 0 1</matrix>
                              <node id="node-Bone049" name="Bone049">
                                <matrix>0.8586524 0.1722121 -0.4827632 0.08048499 -0.4657757 0.6552924 -0.5946814 -5.96046e-8 0.2139394 0.7354833 0.6428802 0 0 0 0 1</matrix>
                              </node>
                            </node>
                          </node>
                        </node>
                      </node>
                    </node>
                    <node id="node-Bone014" name="Bone014">
                      <matrix>-0.0286549 -2.68221e-7 0.9995888 0.2221857 -0.9993564 0.02160656 -0.02864821 0.004512787 -0.02159768 -0.9997667 -6.19441e-4 -0.05774581 0 0 0 1</matrix>
                      <node id="node-Bone015" name="Bone015">
                        <matrix>0.8968285 0.1569262 0.4136093 0.04459423 -0.1405922 0.9876003 -0.06985629 0 -0.419443 0.004498899 0.907771 -3.69549e-6 0 0 0 1</matrix>
                        <node id="node-Bone016" name="Bone016">
                          <matrix>0.8073792 0.3848706 0.4472286 0.05171201 -0.2289693 0.9029423 -0.3636864 1.19209e-7 -0.5437935 0.1912311 0.8171405 0 0 0 0 1</matrix>
                          <node id="node-Bone017" name="Bone017">
                            <matrix>0.9567487 0.1163465 0.2666372 0.06625271 -0.06016746 0.9758646 -0.209923 5.96046e-8 -0.2846259 0.1848008 0.9406573 -5.96046e-8 0 0 0 1</matrix>
                            <node id="node-Bone018" name="Bone018">
                              <matrix>0.9759616 -0.1837635 -0.1171753 0.07592642 0.2160517 0.7450927 0.6309979 2.38419e-7 -0.02864778 -0.641146 0.7668843 -4.52995e-6 0 0 0 1</matrix>
                              <node id="node-Bone019" name="Bone019">
                                <matrix>0.9469508 -0.1838324 -0.2636099 0.05424273 0.2948284 0.8233756 0.4849015 -5.96046e-8 0.1279092 -0.5368977 0.8338951 0 0 0 0 1</matrix>
                                <node id="node-Bone020" name="Bone020">
                                  <matrix>0.7088867 -0.5135252 -0.4834984 0.10705 0.4797027 -0.1515178 0.8642492 0 -0.5170728 -0.8445906 0.1389304 0 0 0 0 1</matrix>
                                </node>
                              </node>
                            </node>
                          </node>
                        </node>
                      </node>
                    </node>
                    <node id="node-Bone006" name="Bone006">
                      <matrix>0.196101 -5.96046e-8 0.9805839 0.2309458 -0.9789099 0.0584061 0.1957663 0.03429443 -0.05727209 -0.998293 0.01145348 -0.0269171 0 0 0 1</matrix>
                      <node id="node-Bone007" name="Bone007">
                        <matrix>0.9117424 -0.01410428 0.4105207 0.04605407 0.01401886 0.9998968 0.003218502 0 -0.4105236 0.002820581 0.9118455 1.19209e-7 0 0 0 1</matrix>
                        <node id="node-Bone008" name="Bone008">
                          <matrix>0.9392015 0.1158517 0.3232316 0.04755576 -0.1007923 0.9929103 -0.06300735 0 -0.3282396 0.0265975 0.9442205 0 0 0 0 1</matrix>
                          <node id="node-Bone009" name="Bone009">
                            <matrix>0.9081649 5.73456e-4 0.4186125 0.05169484 -3.70711e-4 0.9999999 -5.65737e-4 5.96046e-8 -0.4186129 3.58611e-4 0.9081649 -1.19209e-7 0 0 0 1</matrix>
                            <node id="node-Bone010" name="Bone010">
                              <matrix>0.9252816 -0.277404 0.2586523 0.06606346 0.1212467 0.8625092 0.4913011 -5.96046e-8 -0.3593791 -0.4232312 0.8316983 1.19209e-7 0 0 0 1</matrix>
                              <node id="node-Bone011" name="Bone011">
                                <matrix>0.9589166 -0.2158548 -0.1840783 0.0601083 0.2631018 0.4340236 0.8616266 1.19209e-7 -0.1060917 -0.87466 0.4729845 0 0 0 0 1</matrix>
                                <node id="node-Bone012" name="Bone012">
                                  <matrix>0.9669531 -0.1915677 -0.1682376 0.05975711 0.2547095 0.7547973 0.6044863 8.9407e-7 0.01118526 -0.6273614 0.7786477 -1.19209e-7 0 0 0 1</matrix>
                                  <node id="node-Bone013" name="Bone013">
                                    <matrix>0.8543546 -0.001355797 -0.5196888 0.05263519 0.002830297 0.9999942 0.002043962 -5.96046e-8 0.519683 -0.003217116 0.8543533 3.57628e-7 0 0 0 1</matrix>
                                  </node>
                                </node>
                              </node>
                            </node>
                          </node>
                        </node>
                      </node>
                    </node>
                    <node id="node-Bone021" name="Bone021">
                      <matrix>0.4470656 -1.78814e-7 0.894501 0.2271242 -0.8945011 6.33299e-6 0.4470656 0.0507583 -5.72205e-6 -0.9999999 2.68221e-6 1.19209e-7 0 0 0 1</matrix>
                      <node id="node-Bone022" name="Bone022">
                        <matrix>0.9064242 4.97699e-6 0.4223688 0.03557789 -5.64754e-6 1 2.38419e-7 0 -0.4223689 -2.5928e-6 0.9064242 0 0 0 0 1</matrix>
                        <node id="node-Bone023" name="Bone023">
                          <matrix>0.9613261 -9.46224e-7 0.2754122 0.04570854 9.16421e-7 0.9999999 2.68221e-7 5.96046e-8 -0.2754122 2.98023e-8 0.9613261 0 0 0 0 1</matrix>
                          <node id="node-Bone024" name="Bone024">
                            <matrix>0.8313265 -1.70618e-6 0.5557857 0.05609789 1.16229e-6 1 1.2219e-6 5.96046e-8 -0.5557857 -4.17233e-7 0.8313264 -2.14577e-6 0 0 0 1</matrix>
                            <node id="node-Bone025" name="Bone025">
                              <matrix>0.9055952 -2.98023e-8 0.4241419 0.06339753 0 1 -1.49012e-8 5.96046e-8 -0.4241419 0 0.9055953 5.96046e-7 0 0 0 1</matrix>
                              <node id="node-Bone026" name="Bone026">
                                <matrix>0.9644744 1.10269e-5 0.2641778 0.06756568 -9.83477e-7 1 -3.84971e-5 0 -0.2641779 3.68953e-5 0.9644743 9.53674e-7 0 0 0 1</matrix>
                                <node id="node-Bone027" name="Bone027">
                                  <matrix>0.9817942 -1.13249e-6 -0.1899465 0.07909274 9.83477e-6 1 4.48525e-5 0 0.1899465 -4.58732e-5 0.9817942 -4.76837e-7 0 0 0 1</matrix>
                                  <node id="node-Bone028" name="Bone028">
                                    <matrix>0.9998928 2.02656e-6 0.01466203 0.07343233 -1.87755e-6 1 -1.03563e-5 0 -0.01466209 1.03414e-5 0.9998928 0 0 0 0 1</matrix>
                                  </node>
                                </node>
                              </node>
                            </node>
                          </node>
                        </node>
                      </node>
                    </node>
                    <node id="node-Bone029" name="Bone029">
                      <matrix>0.1961011 -1.19209e-7 0.9805838 0.2309458 -0.9789099 -0.0583998 0.1957663 0.03429431 0.05726582 -0.9982932 -0.01145235 0.02691686 0 0 0 1</matrix>
                      <node id="node-Bone030" name="Bone030">
                        <matrix>0.9117723 0.01410467 0.4104535 0.04605377 -0.01401948 0.9998963 -0.003217578 -1.19209e-7 -0.4104564 -0.002820611 0.9118758 -3.93391e-6 0 0 0 1</matrix>
                        <node id="node-Bone031" name="Bone031">
                          <matrix>0.9391773 -0.1158523 0.3233028 0.04755457 0.1007911 0.992911 0.06300676 5.96046e-8 -0.3283099 -0.02658838 0.9441957 0 0 0 0 1</matrix>
                          <node id="node-Bone032" name="Bone032">
                            <matrix>0.903853 0.04105057 0.4258695 0.05169514 -0.02617581 0.9988272 -0.04072461 0 -0.4270421 0.02566162 0.903868 2.38419e-7 0 0 0 1</matrix>
                            <node id="node-Bone033" name="Bone033">
                              <matrix>0.9352223 0.2103267 0.2848186 0.06606305 -0.09208229 0.9212399 -0.3779384 0 -0.3418767 0.3272296 0.8809316 0 0 0 0 1</matrix>
                              <node id="node-Bone034" name="Bone034">
                                <matrix>0.9540268 0.2209557 -0.202513 0.06010938 -0.2726004 0.3588102 -0.8927174 0 -0.1245871 0.9068815 0.4025471 0 0 0 0 1</matrix>
                                <node id="node-Bone035" name="Bone035">
                                  <matrix>0.9640255 0.184163 -0.1916737 0.05975628 -0.2622839 0.7761135 -0.573458 0 0.04315062 0.603101 0.7964969 -4.47035e-8 0 0 0 1</matrix>
                                  <node id="node-Bone036" name="Bone036">
                                    <matrix>0.8694144 0.01521915 -0.4938493 0.05263567 -0.02966284 0.9993308 -0.02142408 -2.98023e-8 0.4931928 0.03327525 0.8692835 0 0 0 0 1</matrix>
                                  </node>
                                </node>
                              </node>
                            </node>
                          </node>
                        </node>
                      </node>
                    </node>
                    <node id="node-Bone037" name="Bone037">
                      <matrix>-0.03296208 1.49012e-7 0.9994565 0.2221859 -0.99898 -0.03087517 -0.03294634 0.004512429 0.03085839 -0.9995234 0.001017898 0.05774581 0 0 0 1</matrix>
                      <node id="node-Bone038" name="Bone038">
                        <matrix>0.8929765 -0.1232729 0.4328946 0.0445945 0.1165006 0.9922914 0.04225144 0 -0.434766 0.01270288 0.9004543 0 0 0 0 1</matrix>
                        <node id="node-Bone039" name="Bone039">
                          <matrix>0.8104645 -0.3801516 0.4456805 0.05171016 0.2161752 0.9012179 0.3755989 0 -0.54444 -0.2080643 0.8125846 -1.78814e-6 0 0 0 1</matrix>
                          <node id="node-Bone040" name="Bone040">
                            <matrix>0.9648311 -0.1429276 0.2206183 0.06625342 0.07894541 0.9580725 0.2754363 -5.96046e-8 -0.2507358 -0.2483327 0.9356614 0 0 0 0 1</matrix>
                            <node id="node-Bone041" name="Bone041">
                              <matrix>0.9759558 0.1838065 -0.1171585 0.07592773 -0.216068 0.7449556 -0.6311548 2.23517e-7 -0.02873254 0.6412932 0.7667581 0 0 0 0 1</matrix>
                              <node id="node-Bone042" name="Bone042">
                                <matrix>0.9450258 0.2399527 -0.2221448 0.05424094 -0.3174697 0.8360455 -0.4474816 0 0.07834876 0.4934064 0.8662628 3.57628e-7 0 0 0 1</matrix>
                                <node id="node-Bone043" name="Bone043">
                                  <matrix>0.7633407 0.438169 -0.4746784 0.1070515 -0.4467451 -0.1726973 -0.8778355 0 -0.4666158 0.8821476 0.06392267 0 0 0 0 1</matrix>
                                </node>
                              </node>
                            </node>
                          </node>
                        </node>
                      </node>
                    </node>
                    <node id="node-Bone055" name="Bone055">
                      <matrix>-0.0914057 1.78814e-7 0.9958142 0.2017386 -0.9919922 -0.08752595 -0.09105495 0.01348102 0.08715953 -0.9961623 0.008000523 0.06964701 0 0 0 1</matrix>
                      <node id="node-Bone056" name="Bone056">
                        <matrix>0.7861558 -0.1194354 0.6063781 0.07249784 0.0878219 0.9927818 0.08168428 2.98023e-7 -0.6117569 -0.01096341 0.7909698 -1.19209e-7 0 0 0 1</matrix>
                        <node id="node-Bone057" name="Bone057">
                          <matrix>0.9220535 0.282224 0.2648901 0.06258506 -0.1853493 0.9227367 -0.3379383 -2.98023e-7 -0.339798 0.2625 0.9031228 2.38419e-7 0 0 0 1</matrix>
                          <node id="node-Bone058" name="Bone058">
                            <matrix>0.9331158 0.3402687 0.1162442 0.06108952 -0.1721811 0.7066322 -0.6863127 5.96046e-8 -0.3156726 0.6203942 0.7179571 1.78814e-7 0 0 0 1</matrix>
                            <node id="node-Bone059" name="Bone059">
                              <matrix>0.9435688 -0.2433106 -0.2246736 0.07517004 0.2279499 -0.01498587 0.9735572 1.19209e-7 -0.2402438 -0.9698329 0.04132225 -1.49012e-8 0 0 0 1</matrix>
                              <node id="node-Bone060" name="Bone060">
                                <matrix>0.8586497 -0.1722087 -0.4827678 0.08048654 0.4657789 0.655285 0.5946857 2.98023e-8 0.2139404 -0.7354897 0.6428716 0 0 0 0 1</matrix>
                              </node>
                            </node>
                          </node>
                        </node>
                      </node>
                    </node>
                    <node id="node-Bone061" name="Bone061">
                      <matrix>-0.276553 5.66244e-7 0.9609984 0.1766737 -0.9376869 -0.2189246 -0.2698442 0.01386443 0.2103861 -0.975742 0.06054473 0.08004993 0 0 0 1</matrix>
                      <node id="node-Bone062" name="Bone062">
                        <matrix>0.8800435 0.03148921 0.4738474 0.06630631 -0.02342632 0.999463 -0.02291057 5.96046e-8 -0.4743145 0.009061724 0.8803087 -1.78814e-6 0 0 0 1</matrix>
                        <node id="node-Bone063" name="Bone063">
                          <matrix>0.8984271 0.4092896 0.1590954 0.05577612 -0.285667 0.8199127 -0.4961223 0 -0.3335019 0.4002814 0.8535522 0 0 0 0 1</matrix>
                          <node id="node-Bone064" name="Bone064">
                            <matrix>0.8136281 0.4382423 -0.3820378 0.05538917 -0.1488504 -0.4781921 -0.8655492 0 -0.562008 0.7611018 -0.323838 0 0 0 0 1</matrix>
                            <node id="node-Bone065" name="Bone065">
                              <matrix>0.8752897 0.08609429 -0.4758735 0.05682135 -0.3054109 0.8613694 -0.4059146 -5.96046e-8 0.374956 0.5006298 0.7802421 0 0 0 0 1</matrix>
                            </node>
                          </node>
                        </node>
                      </node>
                    </node>
                    <node id="node-Bone077" name="Bone077">
                      <matrix>-0.01158962 5.96046e-7 0.9999328 0.1375991 -0.8724389 -0.488619 -0.01011163 0.0314253 0.4885861 -0.8724975 0.005663425 0.0596832 0 0 0 1</matrix>
                      <node id="node-Bone078" name="Bone078">
                        <matrix>0.7043355 -0.4953952 0.5084244 0.06178032 0.3977997 0.868649 0.2953046 5.36442e-7 -0.5879346 -0.005742431 0.8088884 4.3869e-5 0 0 0 1</matrix>
                        <node id="node-Bone079" name="Bone079">
                          <matrix>0.7459559 -0.6548733 0.1212058 0.1102705 0.4237671 0.6071162 0.6721835 5.96046e-8 -0.5137811 -0.4500562 0.7303956 1.19209e-7 0 0 0 1</matrix>
                          <node id="node-Bone080" name="Bone080">
                            <matrix>0.8926533 0.2532578 0.372868 0.1663147 -0.1483835 0.9462288 -0.2874603 7.45058e-8 -0.4256198 0.2012751 0.8822339 1.19209e-7 0 0 0 1</matrix>
                            <node id="node-Bone081" name="Bone081">
                              <matrix>0.9320755 0.1246797 -0.340132 0.137991 -0.1721554 -0.6736668 -0.7187042 -1.49012e-8 -0.3187435 0.7284418 -0.6064443 0 0 0 0 1</matrix>
                            </node>
                          </node>
                        </node>
                      </node>
                    </node>
                    <node id="node-Bone066" name="Bone066">
                      <matrix>-0.2908011 -3.57628e-7 0.9567834 0.1378931 -0.9335831 0.2188804 -0.2837496 0.009998918 -0.2094211 -0.9757515 -0.06365094 -0.07983381 0 0 0 1</matrix>
                      <node id="node-Bone067" name="Bone067">
                        <matrix>0.7965989 0.4133026 0.4411481 0.081056 -0.3324227 0.9090158 -0.2513688 -5.96046e-8 -0.5049018 0.05359232 0.8615116 -3.21865e-6 0 0 0 1</matrix>
                        <node id="node-Bone068" name="Bone068">
                          <matrix>0.9018515 0.4028898 0.1560252 0.064134 -0.2337512 0.7587149 -0.6080389 -2.38419e-7 -0.3633519 0.51189 0.7784243 3.57628e-7 0 0 0 1</matrix>
                          <node id="node-Bone069" name="Bone069">
                            <matrix>0.999895 0.01424572 0.002566934 0.08350706 -0.01418537 0.9996532 -0.02217143 -5.96046e-8 -0.002882034 0.02213275 0.9997507 0 0 0 0 1</matrix>
                            <node id="node-Bone070" name="Bone070">
                              <matrix>0.9643175 -0.1502271 0.2179987 0.08289564 0.09696245 0.9666111 0.237196 0 -0.2463528 -0.207595 0.946686 0 0 0 0 1</matrix>
                              <node id="node-Bone071" name="Bone071">
                                <matrix>0.9585639 -0.1121206 0.2618872 0.06400168 0.03549379 0.9591345 0.2807153 0 -0.2826594 -0.2597879 0.9233712 -2.98023e-8 0 0 0 1</matrix>
                                <node id="node-Bone072" name="Bone072">
                                  <matrix>0.9640761 -0.03288305 -0.2635827 0.07497597 0.2330034 -0.3717678 0.8986086 -5.96046e-8 -0.1275404 -0.927743 -0.3507508 2.98023e-8 0 0 0 1</matrix>
                                </node>
                              </node>
                            </node>
                          </node>
                        </node>
                      </node>
                    </node>
                    <node id="node-Bone073" name="Bone073">
                      <matrix>-0.2925556 1.19209e-7 0.9562486 0.0924896 -0.9547039 0.0568094 -0.2920833 -0.0307889 -0.05432393 -0.9983848 -0.0166198 -0.0700615 0 0 0 1</matrix>
                      <node id="node-Bone074" name="Bone074">
                        <matrix>0.6387706 0.4660809 0.6121607 0.0586165 -0.2161334 0.8722983 -0.4386137 0 -0.7384158 0.1478651 0.6579339 0 0 0 0 1</matrix>
                        <node id="node-Bone075" name="Bone075">
                          <matrix>0.9669389 -0.2549824 -0.003659844 0.08270752 0.2245849 0.8446919 0.4858575 0 -0.1207937 -0.470616 0.8740307 -1.19209e-7 0 0 0 1</matrix>
                          <node id="node-Bone076" name="Bone076">
                            <matrix>0.9027888 -0.3799327 -0.201553 0.1038884 0.1286856 -0.2085411 0.9695106 0 -0.4103809 -0.9012001 -0.1393765 -1.19209e-7 0 0 0 1</matrix>
                          </node>
                        </node>
                      </node>
                    </node>
                    <node id="node-Bone082" name="Bone082">
                      <matrix>-0.3110903 2.68221e-7 0.9503803 0.09530377 -0.9488454 -0.05680678 -0.310588 -0.03142172 0.05398793 -0.9983854 0.01767233 0.06847602 0 0 0 1</matrix>
                      <node id="node-Bone083" name="Bone083">
                        <matrix>0.6710567 -0.4341136 0.6010227 0.05861519 0.1827009 0.8824794 0.4334169 2.38419e-7 -0.7185423 -0.1810399 0.6715066 4.64916e-6 0 0 0 1</matrix>
                        <node id="node-Bone084" name="Bone084">
                          <matrix>0.9794419 0.1983212 0.03691369 0.08271176 -0.154823 0.8563237 -0.492687 5.96046e-8 -0.1293203 0.4768434 0.869424 2.38419e-7 0 0 0 1</matrix>
                          <node id="node-Bone085" name="Bone085">
                            <matrix>0.9224286 0.3760584 -0.08778431 0.1038884 -0.1378097 0.1082106 -0.9845294 -1.78814e-7 -0.3607414 0.9202557 0.1516411 -1.19209e-7 0 0 0 1</matrix>
                            <node id="node-Bone086" name="Bone086">
                              <matrix>0.9832616 0.04322942 -0.1769952 0.1096958 -0.123718 0.8715612 -0.4744205 2.38419e-7 0.1337534 0.4883772 0.8623212 5.96046e-8 0 0 0 1</matrix>
                            </node>
                          </node>
                        </node>
                      </node>
                    </node>
                  </node>
                </node>
                <node id="node-Bip001_backpack_01" name="Bip001_backpack_01">
                  <matrix>-0.9792179 0.202802 -0.001978815 0.2016007 -0.2027961 -0.9792171 -0.002801862 -0.08787811 -0.002505898 -0.002342395 0.9999942 3.8743e-7 0 0 0 1</matrix>
                  <node id="node-Bip001_rope_01" name="Bip001_rope_01">
                    <matrix>0.9500331 -0.3097464 -0.03864783 0.4241186 -0.2955908 -0.9325069 0.2075002 0.0879336 -0.1003119 -0.1857082 -0.977471 0.09922145 0 0 0 1</matrix>
                    <node id="node-Bip001_rope_02" name="Bip001_rope_02">
                      <matrix>0.997865 0.06031725 -0.02504104 0.09589291 0.06092104 -0.9978517 0.02409239 8.33273e-5 -0.02353406 -0.02556646 -0.9993961 2.20537e-6 0 0 0 1</matrix>
                      <node id="node-Bip001_rope_03" name="Bip001_rope_03">
                        <matrix>0.9781298 0.01892783 -0.2071326 0.1048669 -0.0516769 0.9867401 -0.1538622 -1.02341e-4 0.2014737 0.1612012 0.9661381 -0.001042753 0 0 0 1</matrix>
                      </node>
                    </node>
                  </node>
                  <node id="node-Bip001_Xtra17" name="Bip001_Xtra17">
                    <matrix>-0.04419932 -0.7063961 -0.7064353 0.1551487 0.9990227 -0.03164938 -0.03085794 0.1124571 -5.60261e-4 -0.7071089 0.7071046 6.88732e-5 0 0 0 1</matrix>
                    <node id="node-Bip001_Xtra18" name="Bip001_Xtra18">
                      <matrix>1 -2.98023e-8 1.49012e-8 0.02474701 -2.98023e-8 0.9999999 2.68221e-7 -2.24113e-5 5.96046e-8 -3.27826e-7 0.9999999 0 0 0 0 1</matrix>
                    </node>
                    <node id="node-Bip001_Xtra19" name="Bip001_Xtra19">
                      <matrix>0.9999993 -7.96318e-4 7.98777e-4 0.02904582 -7.96407e-4 -0.9999998 -1.46031e-6 0.02995086 7.98866e-4 8.9407e-7 -0.9999998 -7.4923e-5 0 0 0 1</matrix>
                    </node>
                    <node id="node-Bip001_Xtra20" name="Bip001_Xtra20">
                      <matrix>0.9999918 -0.003981113 7.89151e-4 0.02889752 0.003981024 0.9999921 6.25849e-6 -0.03234422 -7.89091e-4 -3.18885e-6 0.9999996 -7.51019e-5 0 0 0 1</matrix>
                    </node>
                  </node>
                  <node id="node-Bip001_Xtra01" name="Bip001_Xtra01">
                    <matrix>0.998105 -0.06068915 0.01014836 0.2139944 0.06067666 0.9981564 0.001537569 0.05374008 -0.01022293 -9.18925e-4 0.9999473 0.1710362 0 0 0 1</matrix>
                  </node>
                  <node id="node-Bip001_Xtra01Opp" name="Bip001_Xtra01Opp">
                    <matrix>0.9984868 -0.05466181 0.006013259 0.2139939 0.05465662 0.9985048 0.001041114 0.05373991 -0.006061226 -7.108e-4 0.9999814 -0.1722647 0 0 0 1</matrix>
                  </node>
                </node>
                <node id="node-Bip001_L_Clavicle" name="Bip001_L_Clavicle">
                  <matrix>-0.1311724 -7.45058e-4 0.9913593 0.1406267 -0.3498612 -0.9356222 -0.04699527 0.02467191 0.9275727 -0.3530026 0.1224671 0.05035806 0 0 0 1</matrix>
                  <node id="node-Bip001_L_UpperArm" name="Bip001_L_UpperArm">
                    <matrix sid="matrix">0.8110824 0.4882541 0.3221077 0.17644 -0.3900757 0.8618382 -0.3241542 0 -0.4358743 0.1372693 0.8894777 0 0 0 0 1</matrix>
                    <node id="node-Bip001_L_Forearm" name="Bip001_L_Forearm">
                      <matrix sid="matrix">-0.2881415 0.9575878 0 0.302225 -0.9575877 -0.2881416 0 0 -1.19209e-7 -5.96046e-8 1 0 0 0 0 1</matrix>
                      <node id="node-Bip001_L_Hand" name="Bip001_L_Hand">
                        <matrix sid="matrix">0.7203011 -0.01615788 -0.6934733 0.3035221 0.5556915 -0.5849282 0.590818 5.96046e-8 -0.4151785 -0.8109241 -0.4123456 0 0 0 0 1</matrix>
                        <node id="node-Bip001_L_Finger0" name="Bip001_L_Finger0">
                          <matrix>0.5808381 0.5421396 0.6072159 0.01779103 0.8047186 -0.2699831 -0.5287123 0.01367193 -0.1226984 0.7957338 -0.5930868 -0.02770388 0 0 0 1</matrix>
                          <node id="node-Bip001_L_Finger01" name="Bip001_L_Finger01">
                            <matrix>0.4970008 -0.8186637 0.2877153 0.05085599 0.7099069 0.5742711 0.4077316 -1.19209e-7 -0.4990215 0.001608231 0.8665881 -7.45058e-9 0 0 0 1</matrix>
                            <node id="node-Bip001_L_Finger02" name="Bip001_L_Finger02">
                              <matrix>0.3904718 -0.8907107 0.2327362 0.03437006 0.7773173 0.4544366 0.4350464 -2.98023e-8 -0.4932644 0.01103657 0.8698094 0 0 0 0 1</matrix>
                            </node>
                          </node>
                        </node>
                        <node id="node-Bip001_L_Finger1" name="Bip001_L_Finger1">
                          <matrix>0.3954949 -0.8931078 0.2143403 0.08567595 0.9045557 0.3382842 -0.2595046 -0.005999684 0.1592573 0.2965155 0.9416556 -0.02973521 0 0 0 1</matrix>
                          <node id="node-Bip001_L_Finger11" name="Bip001_L_Finger11">
                            <matrix>0.2243399 -0.974511 0 0.05795395 0.9745111 0.2243401 0 -2.98023e-8 -2.98023e-8 -2.98023e-8 1 -5.96046e-8 0 0 0 1</matrix>
                            <node id="node-Bip001_L_Finger12" name="Bip001_L_Finger12">
                              <matrix>0.309606 -0.950865 -1.49012e-8 0.03285104 0.950865 0.309606 2.98023e-8 5.96046e-8 5.96046e-8 0 1 -5.96046e-8 0 0 0 1</matrix>
                            </node>
                          </node>
                        </node>
                        <node id="node-Bip001_L_Finger2" name="Bip001_L_Finger2">
                          <matrix>0.2741871 -0.961114 0.03289017 0.09032297 0.9442278 0.2625679 -0.1987265 -0.01052219 0.1823621 0.08554408 0.979503 -0.005256653 0 0 0 1</matrix>
                          <node id="node-Bip001_L_Finger21" name="Bip001_L_Finger21">
                            <matrix>0.1319184 -0.9909085 -0.02642033 0.05795401 0.9875376 0.1336839 -0.08305484 1.19209e-7 0.08583179 -0.01513451 0.9961947 -5.96046e-8 0 0 0 1</matrix>
                            <node id="node-Bip001_L_Finger22" name="Bip001_L_Finger22">
                              <matrix>0.2822684 -0.9585472 -0.03888279 0.04148096 0.955488 0.2845316 -0.07800183 -5.96046e-8 0.08583173 -0.01513457 0.9961947 0 0 0 0 1</matrix>
                            </node>
                          </node>
                        </node>
                        <node id="node-Bip001_L_Finger3" name="Bip001_L_Finger3">
                          <matrix>0.2541556 -0.9456 -0.2030886 0.08558685 0.9378443 0.2922675 -0.1871591 -0.009840488 0.2363334 -0.1428977 0.9611071 0.02070272 0 0 0 1</matrix>
                          <node id="node-Bip001_L_Finger31" name="Bip001_L_Finger31">
                            <matrix>0.1206539 -0.9605652 -0.2505139 0.05795407 0.9738482 0.1634726 -0.1577853 -1.78814e-7 0.1925151 -0.224925 0.9551686 5.96046e-8 0 0 0 1</matrix>
                            <node id="node-Bip001_L_Finger32" name="Bip001_L_Finger32">
                              <matrix>0.121489 -0.9641006 -0.2361154 0.03192711 0.9698228 0.1659541 -0.1786143 5.96046e-8 0.2113865 -0.2072905 0.9551684 -8.9407e-8 0 0 0 1</matrix>
                            </node>
                          </node>
                        </node>
                        <node id="node-Bip001_L_Finger4" name="Bip001_L_Finger4">
                          <matrix>0.4513885 -0.8885983 -0.08149827 0.08973408 0.8801082 0.4584099 -0.1235707 -0.004826814 0.1471647 -0.01594812 0.9889838 0.04668492 0 0 0 1</matrix>
                          <node id="node-Bip001_L_Finger41" name="Bip001_L_Finger41">
                            <matrix>0.5462266 -0.8376375 2.98023e-8 0.03496802 0.8376376 0.5462266 -2.98023e-8 5.96046e-8 2.98023e-8 -1.19209e-7 1 -5.96046e-8 0 0 0 1</matrix>
                            <node id="node-Bip001_L_Finger42" name="Bip001_L_Finger42">
                              <matrix>0.6380668 -0.7699808 0 0.02204996 0.7699809 0.6380669 0 -1.19209e-7 5.96046e-8 5.96046e-8 1 1.19209e-7 0 0 0 1</matrix>
                            </node>
                          </node>
                        </node>
                      </node>
                    </node>
                    <node id="node-Bip001_L_ForeTwist" name="Bip001_L_ForeTwist">
                      <matrix sid="matrix">-0.2881415 0.9464988 0.1453084 0.302225 -0.9575877 -0.2848048 -0.04372383 0 -1.19209e-7 -0.1517443 0.9884198 0 0 0 0 1</matrix>
                      <node id="node-Bip001_L_ForeTwist1" name="Bip001_L_ForeTwist1">
                        <matrix sid="matrix">1 -1.53668e-8 -3.56231e-8 0.1011741 6.98492e-9 0.9884198 0.1517442 5.96046e-8 -3.0268e-9 -0.1517442 0.9884199 0 0 0 0 1</matrix>
                        <node id="node-Bip001_L_ForeTwist2" name="Bip001_L_ForeTwist2">
                          <matrix sid="matrix">1 -2.79397e-9 -8.61473e-9 0.101174 -4.19095e-9 0.9884197 0.1517442 -5.96046e-8 4.33065e-8 -0.1517442 0.9884198 0 0 0 0 1</matrix>
                        </node>
                      </node>
                    </node>
                  </node>
                  <node id="node-Bip001_LUpArmTwist" name="Bip001_LUpArmTwist">
                    <matrix sid="matrix">0.8110824 0.4882541 0.3221077 0.17644 -0.3900757 0.8618382 -0.3241542 0 -0.4358743 0.1372693 0.8894777 0 0 0 0 1</matrix>
                    <node id="node-Bip001_LUpArmTwist1" name="Bip001_LUpArmTwist1">
                      <matrix>1 -1.49012e-8 0 0.1007417 0 1 0 0 0 2.98023e-8 1 0 0 0 0 1</matrix>
                      <node id="node-Bip001_LUpArmTwist2" name="Bip001_LUpArmTwist2">
