<?xml version="1.0" encoding="utf-8"?>
<COLLADA xmlns="http://www.collada.org/2005/11/COLLADASchema" version="1.4.1">
  <asset>
    <contributor>
      <author>Setsu</author>
      <authoring_tool>OpenCOLLADA for 3ds Max;  Version: 1.3.1;  Revision: 847M;  Platform: x64;  Configuration: Release_Max2012_static</authoring_tool>
      <source_data>file:///D:/_Work/webgl/models/man/animation/harpoon/wpn_harpoon_attack9.max</source_data>
    </contributor>
    <created>2012-09-04T14:33:34</created>
    <modified>2012-09-04T14:33:34</modified>
    <unit name="meter" meter="1"/>
    <up_axis>Z_UP</up_axis>
  </asset>
  <library_geometries>
    <geometry id="geom-Line001" name="Line001">
      <spline closed="0">
        <source id="geom-Line001-positions">
          <float_array id="geom-Line001-positions-array" count="21">1.155697 0.8408581 1.536583 0.2190984 1.207732 1.902505 -1.315959 0.6135856 2.095799 -0.9327776 -2.059208 1.887435 0.5811684 -2.793642 1.419947 2.406688 -1.636757 0.7770734 0.7576126 0.3800927 0.6596484</float_array>
          <technique_common>
            <accessor source="#geom-Line001-positions-array" count="7" stride="3">
              <param name="X" type="float"/>
              <param name="Y" type="float"/>
              <param name="Z" type="float"/>
            </accessor>
          </technique_common>
        </source>
        <source id="geom-Line001-intangents">
          <float_array id="geom-Line001-intangents-array" count="21">1.155697 0.8408581 1.536583 0.4371298 1.221884 1.809302 -1.149276 1.044499 2.07236 -2.125449 -0.9097269 2.145405 0.1601566 -2.758919 1.588991 2.200107 -2.476642 0.8960071 1.842947 -0.09230095 0.6187629</float_array>
          <technique_common>
            <accessor source="#geom-Line001-intangents-array" count="7" stride="3">
              <param name="X" type="float"/>
              <param name="Y" type="float"/>
              <param name="Z" type="float"/>
            </accessor>
          </technique_common>
        </source>
        <source id="geom-Line001-outtangents">
          <float_array id="geom-Line001-outtangents-array" count="21">0.8772378 1.051357 1.687328 -0.2048301 1.448933 1.995707 -1.454328 0.2312519 2.108445 -0.3473873 -2.576675 1.748722 1.304366 -2.844623 1.188982 2.535203 -0.7846318 0.6579046 0.7576126 0.3800927 0.6596484</float_array>
          <technique_common>
            <accessor source="#geom-Line001-outtangents-array" count="7" stride="3">
              <param name="X" type="float"/>
              <param name="Y" type="float"/>
              <param name="Z" type="float"/>
            </accessor>
          </technique_common>
        </source>
        <source id="geom-Line001-interpolations">
          <Name_array id="geom-Line001-interpolations-array" count="7">BEZIER BEZIER BEZIER BEZIER BEZIER BEZIER BEZIER</Name_array>
          <technique_common>
            <accessor source="#geom-Line001-interpolations-array" count="7" stride="1">
              <param name="INTERPOLATION" type="name"/>
            </accessor>
          </technique_common>
        </source>
        <control_vertices>
          <input semantic="POSITION" source="#geom-Line001-positions"/>
          <input semantic="IN_TANGENT" source="#geom-Line001-intangents"/>
          <input semantic="OUT_TANGENT" source="#geom-Line001-outtangents"/>
          <input semantic="INTERPOLATION" source="#geom-Line001-interpolations"/>
        </control_vertices>
      </spline>
    </geometry>
  </library_geometries>
  <library_lights>
    <light id="EnvironmentAmbientLight" name="EnvironmentAmbientLight">
      <technique_common>
        <ambient>
          <color>0.019608 0.019608 0.019608</color>
        </ambient>
      </technique_common>
    </light>
  </library_lights>
  <library_visual_scenes>
    <visual_scene id="MaxScene">
      <node name="EnvironmentAmbientLight">
        <instance_light url="#EnvironmentAmbientLight"/>
      </node>
      <node id="node-Bip001" name="Bip001">
        <matrix>0.9855413 -0.1694272 -0.001657002 -0.198649 0.1693718 0.9853923 -0.01775331 0.08659528 0.004640691 0.01721597 0.999841 0.8907853 0 0 0 1</matrix>
        <node id="node-Bip001_Pelvis" name="Bip001_Pelvis">
          <matrix sid="matrix">-0.008545593 0.9658884 0.2588176 0.01959415 0.03595763 -0.2583629 0.9653785 0.01982215 0.9993168 0.0175562 -0.0325232 -2.46763e-5 0 0 0 1</matrix>
          <node id="node-Bip001_Spine" name="Bip001_Spine">
            <matrix sid="matrix">0.947997 0.05141107 -0.3140995 0.1060756 -0.09944424 0.9853057 -0.1388643 0.01744714 0.3023449 0.1628783 0.9391795 7.31222e-4 0 0 0 1</matrix>
            <node id="node-Bip001_Spine1" name="Bip001_Spine1">
              <matrix sid="matrix">0.9929454 -0.1155039 -0.02680343 0.1646491 0.1185627 0.9701547 0.2115258 -1.27196e-4 0.001571447 -0.2132114 0.9770049 2.79844e-5 0 0 0 1</matrix>
              <node id="node-Bip001_Spine2" name="Bip001_Spine2">
                <matrix sid="matrix">0.9503045 -0.3099631 -0.02905437 0.1646745 0.2946232 0.8652528 0.4056285 -1.13457e-4 -0.1005906 -0.3940308 0.9135761 5.1707e-5 0 0 0 1</matrix>
                <node id="node-Bip001_Neck" name="Bip001_Neck">
                  <matrix sid="matrix">0.9727364 -0.2246003 0.05778003 0.1743758 0.2292957 0.9687569 -0.09451666 -0.007501364 -0.03474638 0.1051885 0.9938449 -6.4373e-6 0 0 0 1</matrix>
                  <node id="node-Bip001_Head" name="Bip001_Head">
                    <matrix sid="matrix">0.9886111 -0.1435045 0.04532638 0.08447993 0.04931405 0.5934672 0.803346 0.03011233 -0.1421835 -0.7919616 0.593785 8.9407e-8 0 0 0 1</matrix>
                    <node id="node-Bip001_AngryBrowR" name="Bip001_AngryBrowR">
                      <matrix>0.001812056 -0.9852681 0.1710073 0.1354002 0.9995394 -0.003395736 -0.03015608 0.1043412 0.0302925 0.1709832 0.9848081 -0.01978302 0 0 0 1</matrix>
                    </node>
                    <node id="node-Bip001_SillyBrowL" name="Bip001_SillyBrowL">
                      <matrix>-0.004057229 -0.9597188 -0.280933 0.134617 0.7867898 0.1703331 -0.5932522 0.08548474 0.6172076 -0.2234423 0.754406 0.05988091 0 0 0 1</matrix>
                    </node>
                    <node id="node-Bip001_SillyBrowR" name="Bip001_SillyBrowR">
                      <matrix>-0.004056901 -0.9597203 0.2809277 0.134617 0.7867936 0.1703287 0.5932484 0.08548504 -0.6172028 0.2234389 0.754411 -0.0598805 0 0 0 1</matrix>
                    </node>
                    <node id="node-Bip001_jaw" name="Bip001_jaw">
                      <matrix>0.3710407 -0.9275406 -0.04469161 0.0739423 0.8026185 0.3445303 -0.4869316 0.01053736 0.4670464 0.1448011 0.872296 -1.21593e-5 0 0 0 1</matrix>
                      <node id="node-Bip001_lowerLipL" name="Bip001_lowerLipL">
                        <matrix>-0.8336916 -0.3554321 -0.4226422 0.107451 0.3746175 -0.9263141 0.04004893 -0.03483582 -0.4057342 -0.1249407 0.9054112 0.009654552 0 0 0 1</matrix>
                      </node>
                      <node id="node-Bip001_lowerLipR" name="Bip001_lowerLipR">
                        <matrix>0.7819585 1.76486e-6 -0.6233306 0.1074492 -0.6233305 -3.96371e-6 -0.7819585 -0.03484023 -3.8445e-6 1 -1.98185e-6 -0.009658962 0 0 0 1</matrix>
                      </node>
                    </node>
                    <node id="node-Bip001_upperLipL" name="Bip001_upperLipL">
                      <matrix>-8.04663e-7 -6.19888e-6 -1 0.04530871 1 2.86847e-6 -7.30157e-7 0.116103 2.89828e-6 -1 6.16908e-6 0.009555161 0 0 0 1</matrix>
                    </node>
                    <node id="node-Bip001_upperLipR" name="Bip001_upperLipR">
                      <matrix>-8.04663e-7 -1.18017e-5 1 0.04530883 0.9999999 -2.67476e-6 7.30157e-7 0.1161031 2.63005e-6 1 1.17123e-5 -0.009554625 0 0 0 1</matrix>
                    </node>
                    <node id="node-Bip001_AngryBrowL" name="Bip001_AngryBrowL">
                      <matrix>0.001812078 -0.9852672 -0.1710128 0.1354001 0.9995396 -0.003394909 0.03015058 0.1043411 -0.03028698 -0.1709886 0.9848074 0.01978356 0 0 0 1</matrix>
                    </node>
                    <node id="node-Bone050" name="Bone050">
                      <matrix>-0.2718078 -3.8743e-7 0.9623519 0.1766739 -0.9409112 0.2099089 -0.2657521 0.01386485 -0.2020061 -0.9777211 -0.05705523 -0.080042 0 0 0 1</matrix>
                      <node id="node-Bone051" name="Bone051">
                        <matrix>0.8727055 -0.06772885 0.4835261 0.06664179 0.04994029 0.9975203 0.04958951 0 -0.4856858 -0.01912963 0.8739238 2.38419e-7 0 0 0 1</matrix>
                        <node id="node-Bone052" name="Bone052">
                          <matrix>0.9062541 -0.3886848 0.1662163 0.05545187 0.271581 0.8366386 0.4756894 5.96046e-8 -0.3239559 -0.3859543 0.8637664 0 0 0 0 1</matrix>
                          <node id="node-Bone053" name="Bone053">
                            <matrix>0.8183509 -0.4357321 -0.3747522 0.05517268 0.1430369 -0.4771264 0.8671166 -4.47035e-8 -0.5566344 -0.763209 -0.3281313 -1.19209e-7 0 0 0 1</matrix>
                            <node id="node-Bone054" name="Bone054">
                              <matrix>0.8138614 -0.1123603 -0.5700921 0.05649626 0.4602882 0.7234693 0.5145156 -5.96046e-8 0.354633 -0.6811511 0.6405219 2.98023e-8 0 0 0 1</matrix>
                            </node>
                          </node>
                        </node>
                      </node>
                    </node>
                    <node id="node-Bone044" name="Bone044">
                      <matrix>-0.09140613 -3.57628e-7 0.9958137 0.2017385 -0.9919917 0.08753213 -0.09105527 0.01348138 -0.08716562 -0.9961616 -0.008001387 -0.06964713 0 0 0 1</matrix>
                      <node id="node-Bone045" name="Bone045">
                        <matrix>0.7861626 0.1194515 0.6063656 0.07249829 -0.08783489 0.9927796 -0.08169398 2.98023e-7 -0.611746 0.01096466 0.7909783 -1.43051e-6 0 0 0 1</matrix>
                        <node id="node-Bone046" name="Bone046">
                          <matrix>0.9278777 -0.2364842 0.288303 0.06258804 0.1528028 0.9464127 0.2845247 -5.96046e-8 -0.3401393 -0.2199506 0.9142908 4.05312e-6 0 0 0 1</matrix>
                          <node id="node-Bone047" name="Bone047">
                            <matrix>0.9307665 -0.3523222 0.09768251 0.06108749 0.1767301 0.6674465 0.7233816 1.19209e-7 -0.3200613 -0.6560363 0.6835029 0 0 0 0 1</matrix>
                            <node id="node-Bone048" name="Bone048">
                              <matrix>0.9457325 0.23733 -0.221957 0.07517123 -0.2279812 -0.002116336 -0.9736636 -1.49012e-8 -0.2315492 0.9714271 0.05210524 0 0 0 0 1</matrix>
                              <node id="node-Bone049" name="Bone049">
                                <matrix>0.8586521 0.1722122 -0.482763 0.08048499 -0.4657755 0.6552922 -0.594681 -1.19209e-7 0.2139394 0.7354832 0.64288 0 0 0 0 1</matrix>
                              </node>
                            </node>
                          </node>
                        </node>
                      </node>
                    </node>
                    <node id="node-Bone014" name="Bone014">
                      <matrix>-0.02865492 -2.68221e-7 0.9995891 0.2221856 -0.9993563 0.02160656 -0.02864823 0.004512727 -0.02159768 -0.9997667 -6.19382e-4 -0.05774587 0 0 0 1</matrix>
                      <node id="node-Bone015" name="Bone015">
                        <matrix>0.8968284 0.1569262 0.4136093 0.04459423 -0.1405922 0.9876001 -0.06985626 5.96046e-8 -0.4194428 0.00449881 0.9077708 -3.93391e-6 0 0 0 1</matrix>
                        <node id="node-Bone016" name="Bone016">
                          <matrix>0.8073794 0.3848707 0.4472287 0.05171207 -0.2289694 0.9029424 -0.3636864 1.78814e-7 -0.5437937 0.1912311 0.8171407 1.19209e-7 0 0 0 1</matrix>
                          <node id="node-Bone017" name="Bone017">
                            <matrix>0.9567487 0.1163466 0.2666372 0.06625271 -0.06016743 0.9758648 -0.209923 5.96046e-8 -0.2846259 0.1848008 0.9406572 5.96046e-8 0 0 0 1</matrix>
                            <node id="node-Bone018" name="Bone018">
                              <matrix>0.9759617 -0.1837634 -0.1171753 0.07592654 0.2160517 0.7450928 0.630998 1.19209e-7 -0.02864777 -0.6411461 0.7668844 -4.52995e-6 0 0 0 1</matrix>
                              <node id="node-Bone019" name="Bone019">
                                <matrix>0.9469509 -0.1838325 -0.2636099 0.05424261 0.2948284 0.8233756 0.4849015 0 0.1279093 -0.5368977 0.8338951 5.96046e-8 0 0 0 1</matrix>
                                <node id="node-Bone020" name="Bone020">
                                  <matrix>0.7088867 -0.5135252 -0.4834985 0.1070501 0.4797028 -0.1515178 0.8642493 -2.98023e-8 -0.5170728 -0.8445907 0.1389304 0 0 0 0 1</matrix>
                                </node>
                              </node>
                            </node>
                          </node>
                        </node>
                      </node>
                    </node>
                    <node id="node-Bone006" name="Bone006">
                      <matrix>0.196101 -2.98023e-8 0.980584 0.2309457 -0.9789099 0.0584061 0.1957662 0.03429443 -0.05727206 -0.998293 0.01145345 -0.0269171 0 0 0 1</matrix>
                      <node id="node-Bone007" name="Bone007">
                        <matrix>0.9117422 -0.01410429 0.4105206 0.04605407 0.01401885 0.9998967 0.003218561 -5.96046e-8 -0.4105236 0.002820522 0.9118454 -1.19209e-7 0 0 0 1</matrix>
                        <node id="node-Bone008" name="Bone008">
                          <matrix>0.9392017 0.1158516 0.3232316 0.04755576 -0.1007923 0.9929103 -0.06300741 -5.96046e-8 -0.3282396 0.02659747 0.9442204 0 0 0 0 1</matrix>
                          <node id="node-Bone009" name="Bone009">
                            <matrix>0.9081647 5.73471e-4 0.4186126 0.05169481 -3.70681e-4 0.9999998 -5.65737e-4 5.96046e-8 -0.4186129 3.58671e-4 0.9081649 0 0 0 0 1</matrix>
                            <node id="node-Bone010" name="Bone010">
                              <matrix>0.9252816 -0.277404 0.2586524 0.06606334 0.1212467 0.8625091 0.4913011 -5.96046e-8 -0.3593791 -0.4232311 0.8316981 1.19209e-7 0 0 0 1</matrix>
                              <node id="node-Bone011" name="Bone011">
                                <matrix>0.9589168 -0.2158548 -0.1840783 0.06010854 0.2631018 0.4340237 0.8616269 5.96046e-8 -0.1060918 -0.8746601 0.4729846 0 0 0 0 1</matrix>
                                <node id="node-Bone012" name="Bone012">
                                  <matrix>0.9669532 -0.1915676 -0.1682376 0.05975711 0.2547095 0.7547973 0.6044863 8.9407e-7 0.01118544 -0.6273614 0.7786477 -1.19209e-7 0 0 0 1</matrix>
                                  <node id="node-Bone013" name="Bone013">
                                    <matrix>0.8543546 -0.001355797 -0.5196889 0.05263495 0.002830356 0.999994 0.002043873 -1.19209e-7 0.5196829 -0.003217191 0.8543533 4.17233e-7 0 0 0 1</matrix>
                                  </node>
                                </node>
                              </node>
                            </node>
                          </node>
                        </node>
                      </node>
                    </node>
                    <node id="node-Bone021" name="Bone021">
                      <matrix>0.4470657 -1.49012e-7 0.8945011 0.2271243 -0.8945011 6.33299e-6 0.4470657 0.0507583 -5.73695e-6 -1 2.68221e-6 5.96046e-8 0 0 0 1</matrix>
                      <node id="node-Bone022" name="Bone022">
                        <matrix>0.9064242 4.99189e-6 0.4223689 0.03557789 -5.64009e-6 1 2.98023e-7 0 -0.4223689 -2.5928e-6 0.906424 0 0 0 0 1</matrix>
                        <node id="node-Bone023" name="Bone023">
                          <matrix>0.961326 -9.61125e-7 0.2754121 0.04570848 9.16421e-7 0.9999999 2.38419e-7 5.96046e-8 -0.2754121 -2.98023e-8 0.9613259 1.19209e-7 0 0 0 1</matrix>
                          <node id="node-Bone024" name="Bone024">
                            <matrix>0.8313264 -1.69128e-6 0.5557857 0.05609785 1.16229e-6 1 1.2219e-6 5.96046e-8 -0.5557857 -4.17233e-7 0.8313264 -2.26498e-6 0 0 0 1</matrix>
                            <node id="node-Bone025" name="Bone025">
                              <matrix>0.9055952 1.49012e-8 0.4241419 0.06339753 2.98023e-8 1 0 5.96046e-8 -0.424142 0 0.9055953 7.15256e-7 0 0 0 1</matrix>
                              <node id="node-Bone026" name="Bone026">
                                <matrix>0.9644742 1.10567e-5 0.2641777 0.06756556 -9.23872e-7 0.9999999 -3.84971e-5 -5.96046e-8 -0.2641778 3.68804e-5 0.9644742 8.9407e-7 0 0 0 1</matrix>
                                <node id="node-Bone027" name="Bone027">
                                  <matrix>0.9817942 -1.13249e-6 -0.1899465 0.07909274 9.83477e-6 0.9999999 4.48078e-5 0 0.1899465 -4.58807e-5 0.9817942 -5.36442e-7 0 0 0 1</matrix>
                                  <node id="node-Bone028" name="Bone028">
                                    <matrix>0.9998926 2.05636e-6 0.01466203 0.07343221 -1.87755e-6 0.9999999 -1.03861e-5 0 -0.01466206 1.03563e-5 0.9998926 1.19209e-7 0 0 0 1</matrix>
                                  </node>
                                </node>
                              </node>
                            </node>
                          </node>
                        </node>
                      </node>
                    </node>
                    <node id="node-Bone029" name="Bone029">
                      <matrix>0.1961011 -5.96046e-8 0.9805839 0.2309458 -0.9789099 -0.05839982 0.1957663 0.03429428 0.05726588 -0.9982933 -0.01145241 0.0269168 0 0 0 1</matrix>
                      <node id="node-Bone030" name="Bone030">
                        <matrix>0.9117724 0.01410466 0.4104536 0.04605371 -0.01401941 0.9998965 -0.003217518 -1.19209e-7 -0.4104564 -0.002820611 0.9118759 -3.93391e-6 0 0 0 1</matrix>
                        <node id="node-Bone031" name="Bone031">
                          <matrix>0.9391772 -0.1158523 0.3233027 0.04755455 0.1007911 0.9929109 0.06300682 0 -0.3283099 -0.02658847 0.9441956 1.19209e-7 0 0 0 1</matrix>
                          <node id="node-Bone032" name="Bone032">
                            <matrix>0.9038533 0.04105057 0.4258697 0.05169514 -0.0261758 0.9988274 -0.04072461 -5.96046e-8 -0.4270421 0.02566156 0.903868 1.19209e-7 0 0 0 1</matrix>
                            <node id="node-Bone033" name="Bone033">
                              <matrix>0.9352224 0.2103267 0.2848186 0.06606328 -0.09208226 0.92124 -0.3779384 0 -0.3418766 0.3272297 0.8809317 -1.19209e-7 0 0 0 1</matrix>
                              <node id="node-Bone034" name="Bone034">
                                <matrix>0.9540268 0.2209558 -0.2025129 0.0601095 -0.2726004 0.3588102 -0.8927174 0 -0.1245871 0.9068816 0.4025472 0 0 0 0 1</matrix>
                                <node id="node-Bone035" name="Bone035">
                                  <matrix>0.9640255 0.184163 -0.1916736 0.05975628 -0.2622839 0.7761135 -0.573458 -5.96046e-8 0.0431506 0.603101 0.7964969 -7.45058e-8 0 0 0 1</matrix>
                                  <node id="node-Bone036" name="Bone036">
                                    <matrix>0.8694143 0.01521917 -0.4938493 0.05263555 -0.02966283 0.9993309 -0.02142414 -5.96046e-8 0.4931928 0.03327522 0.8692834 -1.49012e-8 0 0 0 1</matrix>
                                  </node>
                                </node>
                              </node>
                            </node>
                          </node>
                        </node>
                      </node>
                    </node>
                    <node id="node-Bone037" name="Bone037">
                      <matrix>-0.03296205 1.19209e-7 0.9994565 0.2221859 -0.9989799 -0.03087516 -0.03294636 0.004512429 0.03085839 -0.9995235 0.001017928 0.05774575 0 0 0 1</matrix>
                      <node id="node-Bone038" name="Bone038">
                        <matrix>0.8929767 -0.1232729 0.4328946 0.0445945 0.1165006 0.9922915 0.04225144 5.96046e-8 -0.4347661 0.01270294 0.9004543 1.19209e-7 0 0 0 1</matrix>
                        <node id="node-Bone039" name="Bone039">
                          <matrix>0.8104644 -0.3801516 0.4456805 0.05171022 0.2161753 0.9012179 0.3755989 0 -0.54444 -0.2080643 0.8125845 -1.66893e-6 0 0 0 1</matrix>
                          <node id="node-Bone040" name="Bone040">
                            <matrix>0.9648311 -0.1429275 0.2206182 0.06625342 0.07894544 0.9580724 0.2754363 -2.98023e-8 -0.2507358 -0.2483327 0.9356616 0 0 0 0 1</matrix>
                            <node id="node-Bone041" name="Bone041">
                              <matrix>0.9759559 0.1838065 -0.1171584 0.07592785 -0.2160679 0.7449556 -0.6311548 2.68221e-7 -0.02873242 0.6412933 0.766758 0 0 0 0 1</matrix>
                              <node id="node-Bone042" name="Bone042">
                                <matrix>0.9450259 0.2399527 -0.2221448 0.05424094 -0.3174697 0.8360454 -0.4474815 5.96046e-8 0.07834882 0.4934064 0.8662627 3.57628e-7 0 0 0 1</matrix>
                                <node id="node-Bone043" name="Bone043">
                                  <matrix>0.7633408 0.4381691 -0.4746784 0.1070514 -0.4467452 -0.1726973 -0.8778355 0 -0.4666158 0.8821476 0.06392273 5.96046e-8 0 0 0 1</matrix>
                                </node>
                              </node>
                            </node>
                          </node>
                        </node>
                      </node>
                    </node>
                    <node id="node-Bone055" name="Bone055">
                      <matrix>-0.0914057 1.78814e-7 0.9958144 0.2017385 -0.9919921 -0.08752593 -0.09105495 0.01348096 0.08715953 -0.9961624 0.008000582 0.06964707 0 0 0 1</matrix>
                      <node id="node-Bone056" name="Bone056">
                        <matrix>0.7861557 -0.1194354 0.6063781 0.07249784 0.08782189 0.9927815 0.08168431 2.98023e-7 -0.6117567 -0.01096332 0.7909697 0 0 0 0 1</matrix>
                        <node id="node-Bone057" name="Bone057">
                          <matrix>0.9220538 0.2822241 0.2648902 0.062585 -0.1853494 0.9227366 -0.3379383 -2.38419e-7 -0.339798 0.2625 0.9031229 1.19209e-7 0 0 0 1</matrix>
                          <node id="node-Bone058" name="Bone058">
                            <matrix>0.9331156 0.3402687 0.1162442 0.06108952 -0.172181 0.7066321 -0.6863126 0 -0.3156725 0.6203942 0.7179569 1.19209e-7 0 0 0 1</matrix>
                            <node id="node-Bone059" name="Bone059">
                              <matrix>0.9435688 -0.2433106 -0.2246736 0.07516992 0.2279499 -0.01498592 0.9735574 0 -0.2402438 -0.9698328 0.04132228 0 0 0 0 1</matrix>
                              <node id="node-Bone060" name="Bone060">
                                <matrix>0.8586497 -0.1722088 -0.4827677 0.08048642 0.465779 0.6552851 0.5946857 5.96046e-8 0.2139403 -0.7354898 0.6428716 -1.19209e-7 0 0 0 1</matrix>
                              </node>
                            </node>
                          </node>
                        </node>
                      </node>
                    </node>
                    <node id="node-Bone061" name="Bone061">
                      <matrix>-0.2765531 6.25849e-7 0.9609985 0.1766737 -0.9376869 -0.2189246 -0.2698442 0.0138644 0.2103862 -0.975742 0.06054479 0.08004993 0 0 0 1</matrix>
                      <node id="node-Bone062" name="Bone062">
                        <matrix>0.8800434 0.03148919 0.4738474 0.06630631 -0.02342632 0.999463 -0.02291051 5.96046e-8 -0.4743145 0.009061754 0.8803088 -1.90735e-6 0 0 0 1</matrix>
                        <node id="node-Bone063" name="Bone063">
                          <matrix>0.8984271 0.4092897 0.1590955 0.05577612 -0.2856669 0.8199127 -0.4961224 0 -0.333502 0.4002815 0.8535522 0 0 0 0 1</matrix>
                          <node id="node-Bone064" name="Bone064">
                            <matrix>0.813628 0.4382423 -0.3820377 0.05538893 -0.1488502 -0.478192 -0.8655491 -5.96046e-8 -0.562008 0.7611016 -0.3238379 0 0 0 0 1</matrix>
                            <node id="node-Bone065" name="Bone065">
                              <matrix>0.8752897 0.0860942 -0.4758735 0.05682135 -0.3054109 0.8613695 -0.4059146 2.98023e-8 0.3749561 0.5006298 0.7802421 5.96046e-8 0 0 0 1</matrix>
                            </node>
                          </node>
                        </node>
                      </node>
                    </node>
                    <node id="node-Bone077" name="Bone077">
                      <matrix>-0.01158964 6.25849e-7 0.9999328 0.137599 -0.8724388 -0.488619 -0.01011163 0.0314253 0.4885861 -0.8724976 0.005663484 0.05968314 0 0 0 1</matrix>
                      <node id="node-Bone078" name="Bone078">
                        <matrix>0.7043356 -0.4953952 0.5084243 0.06178032 0.3977997 0.868649 0.2953045 4.17233e-7 -0.5879346 -0.005742401 0.8088884 4.3869e-5 0 0 0 1</matrix>
                        <node id="node-Bone079" name="Bone079">
                          <matrix>0.7459559 -0.6548733 0.1212058 0.1102706 0.4237671 0.6071162 0.6721835 0 -0.5137812 -0.4500562 0.7303956 2.38419e-7 0 0 0 1</matrix>
                          <node id="node-Bone080" name="Bone080">
                            <matrix>0.8926535 0.2532578 0.3728679 0.1663147 -0.1483836 0.9462287 -0.2874603 1.49012e-8 -0.42562 0.201275 0.8822339 0 0 0 0 1</matrix>
                            <node id="node-Bone081" name="Bone081">
                              <matrix>0.9320754 0.1246797 -0.3401321 0.1379909 -0.1721554 -0.673667 -0.7187042 0 -0.3187435 0.7284418 -0.6064444 -1.19209e-7 0 0 0 1</matrix>
                            </node>
                          </node>
                        </node>
                      </node>
                    </node>
                    <node id="node-Bone066" name="Bone066">
                      <matrix>-0.2908011 -2.68221e-7 0.9567835 0.137893 -0.933583 0.2188804 -0.2837496 0.009998918 -0.2094211 -0.9757516 -0.06365094 -0.07983375 0 0 0 1</matrix>
                      <node id="node-Bone067" name="Bone067">
                        <matrix>0.7965989 0.4133026 0.4411483 0.08105603 -0.3324227 0.9090159 -0.2513689 0 -0.5049019 0.05359241 0.8615118 -3.09944e-6 0 0 0 1</matrix>
                        <node id="node-Bone068" name="Bone068">
                          <matrix>0.9018514 0.4028899 0.1560253 0.06413406 -0.2337511 0.758715 -0.6080388 -2.38419e-7 -0.3633517 0.5118901 0.7784243 2.38419e-7 0 0 0 1</matrix>
                          <node id="node-Bone069" name="Bone069">
                            <matrix>0.999895 0.01424581 0.002566919 0.08350694 -0.01418528 0.9996532 -0.02217151 0 -0.002881989 0.02213269 0.9997508 2.98023e-8 0 0 0 1</matrix>
                            <node id="node-Bone070" name="Bone070">
                              <matrix>0.9643174 -0.150227 0.2179988 0.08289564 0.09696236 0.966611 0.2371961 1.19209e-7 -0.2463528 -0.2075951 0.946686 0 0 0 0 1</matrix>
                              <node id="node-Bone071" name="Bone071">
                                <matrix>0.9585637 -0.1121205 0.2618872 0.06400192 0.03549373 0.9591345 0.2807152 -1.19209e-7 -0.2826593 -0.2597879 0.9233709 -2.98023e-8 0 0 0 1</matrix>
                                <node id="node-Bone072" name="Bone072">
                                  <matrix>0.9640762 -0.03288299 -0.2635827 0.07497585 0.2330033 -0.3717678 0.8986087 5.96046e-8 -0.1275405 -0.9277431 -0.3507507 2.98023e-8 0 0 0 1</matrix>
                                </node>
                              </node>
                            </node>
                          </node>
                        </node>
                      </node>
                    </node>
                    <node id="node-Bone073" name="Bone073">
                      <matrix>-0.2925557 2.08616e-7 0.9562489 0.09248948 -0.9547039 0.05680938 -0.2920833 -0.0307889 -0.05432393 -0.998385 -0.01661977 -0.0700615 0 0 0 1</matrix>
                      <node id="node-Bone074" name="Bone074">
                        <matrix>0.6387706 0.4660809 0.6121608 0.05861653 -0.2161334 0.8722984 -0.4386137 5.96046e-8 -0.7384158 0.147865 0.6579341 1.19209e-7 0 0 0 1</matrix>
                        <node id="node-Bone075" name="Bone075">
                          <matrix>0.9669391 -0.2549824 -0.003659934 0.08270776 0.2245848 0.8446921 0.4858575 -5.96046e-8 -0.1207938 -0.4706162 0.8740308 -5.96046e-8 0 0 0 1</matrix>
                          <node id="node-Bone076" name="Bone076">
                            <matrix>0.9027886 -0.3799327 -0.201553 0.1038885 0.1286855 -0.2085411 0.9695106 0 -0.4103808 -0.9012001 -0.1393766 -2.38419e-7 0 0 0 1</matrix>
                          </node>
                        </node>
                      </node>
                    </node>
                    <node id="node-Bone082" name="Bone082">
                      <matrix>-0.3110904 3.27826e-7 0.9503804 0.09530377 -0.9488454 -0.05680678 -0.310588 -0.03142172 0.05398793 -0.9983853 0.01767239 0.06847608 0 0 0 1</matrix>
                      <node id="node-Bone083" name="Bone083">
                        <matrix>0.6710567 -0.4341135 0.6010228 0.05861518 0.182701 0.8824794 0.4334169 1.78814e-7 -0.7185424 -0.18104 0.6715065 4.76837e-6 0 0 0 1</matrix>
                        <node id="node-Bone084" name="Bone084">
                          <matrix>0.9794419 0.1983213 0.03691366 0.08271182 -0.1548231 0.8563237 -0.4926871 5.96046e-8 -0.1293204 0.4768434 0.8694239 2.38419e-7 0 0 0 1</matrix>
                          <node id="node-Bone085" name="Bone085">
                            <matrix>0.9224286 0.3760583 -0.08778416 0.1038885 -0.1378097 0.1082106 -0.9845294 -1.78814e-7 -0.3607414 0.9202556 0.151641 -1.19209e-7 0 0 0 1</matrix>
                            <node id="node-Bone086" name="Bone086">
                              <matrix>0.9832616 0.04322937 -0.1769952 0.1096958 -0.123718 0.8715611 -0.4744205 2.38419e-7 0.1337534 0.4883772 0.8623211 5.96046e-8 0 0 0 1</matrix>
                            </node>
                          </node>
                        </node>
                      </node>
                    </node>
                  </node>
                </node>
                <node id="node-Bip001_backpack_01" name="Bip001_backpack_01">
                  <matrix>-0.9792178 0.2028019 -0.001978785 0.2016006 -0.2027961 -0.9792171 -0.002801992 -0.08787808 -0.002505928 -0.002342477 0.999994 4.47035e-7 0 0 0 1</matrix>
                  <node id="node-Bip001_rope_01" name="Bip001_rope_01">
                    <matrix>0.9500332 -0.3097464 -0.0386478 0.4241188 -0.2955909 -0.9325068 0.2075002 0.08793348 -0.1003119 -0.185708 -0.9774711 0.09922147 0 0 0 1</matrix>
                    <node id="node-Bip001_rope_02" name="Bip001_rope_02">
                      <matrix>0.9978651 0.06031723 -0.02504098 0.09589297 0.06092099 -0.9978518 0.02409249 8.32677e-5 -0.02353406 -0.02556655 -0.9993961 2.14577e-6 0 0 0 1</matrix>
                      <node id="node-Bip001_rope_03" name="Bip001_rope_03">
                        <matrix>0.9781297 0.01892778 -0.2071326 0.1048671 -0.05167688 0.9867401 -0.1538622 -1.02341e-4 0.2014737 0.1612012 0.9661379 -0.001042634 0 0 0 1</matrix>
                      </node>
                    </node>
                  </node>
                  <node id="node-Bip001_Xtra17" name="Bip001_Xtra17">
                    <matrix>-0.04419929 -0.7063961 -0.7064354 0.155149 0.9990226 -0.03164935 -0.030858 0.112457 -5.60313e-4 -0.7071089 0.7071046 6.88136e-5 0 0 0 1</matrix>
                    <node id="node-Bip001_Xtra18" name="Bip001_Xtra18">
                      <matrix>1 0 0 0.02474701 0 1 2.98023e-7 -2.24113e-5 -2.98023e-8 -3.57628e-7 1 5.96046e-8 0 0 0 1</matrix>
                    </node>
                    <node id="node-Bip001_Xtra19" name="Bip001_Xtra19">
                      <matrix>0.9999994 -7.96378e-4 7.98807e-4 0.02904594 -7.96318e-4 -0.9999999 -1.49012e-6 0.02995098 7.98762e-4 8.9407e-7 -0.9999998 -7.48634e-5 0 0 0 1</matrix>
                    </node>
                    <node id="node-Bip001_Xtra20" name="Bip001_Xtra20">
                      <matrix>0.9999917 -0.003981113 7.8918e-4 0.02889752 0.003981054 0.9999921 6.25849e-6 -0.03234434 -7.8921e-4 -3.24845e-6 0.9999998 -7.51019e-5 0 0 0 1</matrix>
                    </node>
                  </node>
                  <node id="node-Bip001_Xtra01" name="Bip001_Xtra01">
                    <matrix>0.9981053 -0.06068921 0.01014835 0.2139945 0.06067663 0.9981563 0.001537584 0.05373996 -0.01022297 -9.1888e-4 0.9999473 0.1710362 0 0 0 1</matrix>
                  </node>
                  <node id="node-Bip001_Xtra01Opp" name="Bip001_Xtra01Opp">
                    <matrix>0.9984868 -0.05466181 0.006013215 0.213994 0.05465651 0.9985047 0.001040965 0.05373991 -0.006061196 -7.10882e-4 0.9999815 -0.1722648 0 0 0 1</matrix>
                  </node>
                </node>
                <node id="node-Bip001_L_Clavicle" name="Bip001_L_Clavicle">
                  <matrix>-0.1311723 -7.45043e-4 0.9913592 0.1406267 -0.3498611 -0.935622 -0.04699527 0.024672 0.9275725 -0.3530026 0.122467 0.05035806 0 0 0 1</matrix>
                  <node id="node-Bip001_L_UpperArm" name="Bip001_L_UpperArm">
                    <matrix sid="matrix">0.9131347 0.2927232 0.2837225 0.17644 -0.2554684 0.9532663 -0.1613056 -5.96046e-8 -0.3176809 0.07481168 0.9452419 0 0 0 0 1</matrix>
                    <node id="node-Bip001_L_Forearm" name="Bip001_L_Forearm">
                      <matrix sid="matrix">-0.3290186 0.9443235 2.98023e-8 0.302225 -0.9443234 -0.3290186 1.49012e-8 -5.96046e-8 2.6077e-8 0 1 0 0 0 0 1</matrix>
                      <node id="node-Bip001_L_Hand" name="Bip001_L_Hand">
                        <matrix sid="matrix">0.6424177 -0.2868606 -0.7106408 0.303522 0.2034945 -0.8301582 0.5190639 0 -0.7388434 -0.4780673 -0.4749339 1.19209e-7 0 0 0 1</matrix>
                        <node id="node-Bip001_L_Finger0" name="Bip001_L_Finger0">
                          <matrix>0.580838 0.5421394 0.6072158 0.01779103 0.8047186 -0.2699831 -0.5287122 0.01367196 -0.1226985 0.7957336 -0.5930868 -0.027704 0 0 0 1</matrix>
                          <node id="node-Bip001_L_Finger01" name="Bip001_L_Finger01">
                            <matrix>0.4970008 -0.8186638 0.2877154 0.05085599 0.7099069 0.5742711 0.4077316 0 -0.4990215 0.001608294 0.8665881 1.49012e-8 0 0 0 1</matrix>
                            <node id="node-Bip001_L_Finger02" name="Bip001_L_Finger02">
                              <matrix>0.3904718 -0.8907107 0.2327362 0.03437001 0.7773171 0.4544366 0.4350466 -2.98023e-8 -0.4932643 0.01103656 0.8698096 0 0 0 0 1</matrix>
                            </node>
                          </node>
                        </node>
                        <node id="node-Bip001_L_Finger1" name="Bip001_L_Finger1">
                          <matrix>0.3954949 -0.8931077 0.2143403 0.08567607 0.9045556 0.3382841 -0.2595046 -0.005999684 0.1592572 0.2965156 0.9416555 -0.02973521 0 0 0 1</matrix>
                          <node id="node-Bip001_L_Finger11" name="Bip001_L_Finger11">
                            <matrix>0.22434 -0.9745109 0 0.05795389 0.9745109 0.22434 0 1.19209e-7 0 1.49012e-8 1 0 0 0 0 1</matrix>
                            <node id="node-Bip001_L_Finger12" name="Bip001_L_Finger12">
                              <matrix>0.309606 -0.9508651 2.98023e-8 0.03285098 0.950865 0.309606 -4.47035e-8 -1.19209e-7 0 0 1 5.96046e-8 0 0 0 1</matrix>
                            </node>
                          </node>
                        </node>
                        <node id="node-Bip001_L_Finger2" name="Bip001_L_Finger2">
                          <matrix>0.2741871 -0.9611138 0.03289023 0.09032297 0.9442277 0.2625678 -0.1987265 -0.01052219 0.182362 0.0855442 0.979503 -0.005256653 0 0 0 1</matrix>
                          <node id="node-Bip001_L_Finger21" name="Bip001_L_Finger21">
                            <matrix>0.1319184 -0.9909086 -0.02642027 0.05795401 0.9875376 0.133684 -0.08305484 5.96046e-8 0.0858317 -0.01513448 0.9961948 0 0 0 0 1</matrix>
                            <node id="node-Bip001_L_Finger22" name="Bip001_L_Finger22">
                              <matrix>0.2822683 -0.9585471 -0.03888285 0.04148102 0.9554881 0.2845316 -0.07800175 5.96046e-8 0.08583176 -0.01513454 0.9961947 -5.96046e-8 0 0 0 1</matrix>
                            </node>
                          </node>
                        </node>
                        <node id="node-Bip001_L_Finger3" name="Bip001_L_Finger3">
                          <matrix>0.2541556 -0.9455997 -0.2030885 0.08558702 0.9378442 0.2922675 -0.1871591 -0.009840459 0.2363333 -0.1428977 0.9611072 0.02070284 0 0 0 1</matrix>
                          <node id="node-Bip001_L_Finger31" name="Bip001_L_Finger31">
                            <matrix>0.1206538 -0.9605653 -0.2505138 0.05795404 0.9738483 0.1634725 -0.1577853 -5.96046e-8 0.1925152 -0.224925 0.9551685 8.9407e-8 0 0 0 1</matrix>
                            <node id="node-Bip001_L_Finger32" name="Bip001_L_Finger32">
                              <matrix>0.1214891 -0.9641007 -0.2361155 0.03192699 0.9698228 0.1659541 -0.1786142 0 0.2113864 -0.2072904 0.9551684 0 0 0 0 1</matrix>
                            </node>
                          </node>
                        </node>
                        <node id="node-Bip001_L_Finger4" name="Bip001_L_Finger4">
                          <matrix>0.4513884 -0.8885982 -0.08149824 0.08973402 0.8801081 0.4584098 -0.1235708 -0.004826814 0.1471646 -0.01594815 0.9889838 0.0466848 0 0 0 1</matrix>
                          <node id="node-Bip001_L_Finger41" name="Bip001_L_Finger41">
                            <matrix>0.5462264 -0.8376375 2.98023e-8 0.03496796 0.8376375 0.5462266 -2.98023e-8 0 5.96046e-8 -2.98023e-8 0.9999999 5.96046e-8 0 0 0 1</matrix>
                            <node id="node-Bip001_L_Finger42" name="Bip001_L_Finger42">
                              <matrix>0.6380669 -0.769981 0 0.02204999 0.7699808 0.6380669 2.98023e-8 0 -5.96046e-8 3.1665e-8 1 1.19209e-7 0 0 0 1</matrix>
                            </node>
                          </node>
                        </node>
                      </node>
                    </node>
                    <node id="node-Bip001_L_ForeTwist" name="Bip001_L_ForeTwist">
                      <matrix sid="matrix">-0.3290186 0.9281651 0.1739443 0.302225 -0.9443234 -0.3233887 -0.06060515 -5.96046e-8 2.6077e-8 -0.1841999 0.9828889 0 0 0 0 1</matrix>
                      <node id="node-Bip001_L_ForeTwist1" name="Bip001_L_ForeTwist1">
                        <matrix sid="matrix">0.9999999 1.86265e-8 5.58794e-9 0.101174 -2.23517e-8 0.9828887 0.1841999 -5.96046e-8 7.63685e-8 -0.1841998 0.9828889 0 0 0 0 1</matrix>
                        <node id="node-Bip001_L_ForeTwist2" name="Bip001_L_ForeTwist2">
                          <matrix sid="matrix">0.9999999 7.45058e-9 -5.02914e-8 0.101174 7.45058e-9 0.9828889 0.1841998 0 3.53903e-8 -0.1841998 0.9828888 0 0 0 0 1</matrix>
                        </node>
                      </node>
                    </node>
                  </node>
                  <node id="node-Bip001_LUpArmTwist" name="Bip001_LUpArmTwist">
                    <matrix sid="matrix">0.9131347 0.2927232 0.2837225 0.17644 -0.2554684 0.9532663 -0.1613056 -5.96046e-8 -0.3176809 0.07481168 0.9452419 0 0 0 0 1</matrix>
                    <node id="node-Bip001_LUpArmTwist1" name="Bip001_LUpArmTwist1">
                      <matrix>1 0 2.98023e-8 0.1007417 1.49012e-8 1 1.49012e-8 0 0 0 1 0 0 0 0 1</matrix>
