<?xml version="1.0" encoding="utf-8"?>
<COLLADA xmlns="http://www.collada.org/2005/11/COLLADASchema" version="1.4.1">
  <asset>
    <contributor>
      <author>Setsu</author>
      <authoring_tool>OpenCOLLADA for 3ds Max;  Version: 1.3.1;  Revision: 847M;  Platform: x64;  Configuration: Release_Max2012_static</authoring_tool>
      <source_data>file:///D:/_Work/webgl/models/man/animation/harpoon/wpn_harpoon_attack9.max</source_data>
    </contributor>
    <created>2012-09-04T14:26:37</created>
    <modified>2012-09-04T14:26:37</modified>
    <unit name="meter" meter="1"/>
    <up_axis>Z_UP</up_axis>
  </asset>
  <library_geometries>
    <geometry id="geom-Line001" name="Line001">
      <spline closed="0">
        <source id="geom-Line001-positions">
          <float_array id="geom-Line001-positions-array" count="21">1.155697 0.8408581 1.536583 0.2190984 1.207732 1.902505 -1.315959 0.6135856 2.095799 -0.9327776 -2.059208 1.887435 0.5811684 -2.793642 1.419947 2.406688 -1.636757 0.7770734 0.7576126 0.3800927 0.6596484</float_array>
          <technique_common>
            <accessor source="#geom-Line001-positions-array" count="7" stride="3">
              <param name="X" type="float"/>
              <param name="Y" type="float"/>
              <param name="Z" type="float"/>
            </accessor>
          </technique_common>
        </source>
        <source id="geom-Line001-intangents">
          <float_array id="geom-Line001-intangents-array" count="21">1.155697 0.8408581 1.536583 0.4371298 1.221884 1.809302 -1.149276 1.044499 2.07236 -2.125449 -0.9097269 2.145405 0.1601566 -2.758919 1.588991 2.200107 -2.476642 0.8960071 1.842947 -0.09230095 0.6187629</float_array>
          <technique_common>
            <accessor source="#geom-Line001-intangents-array" count="7" stride="3">
              <param name="X" type="float"/>
              <param name="Y" type="float"/>
              <param name="Z" type="float"/>
            </accessor>
          </technique_common>
        </source>
        <source id="geom-Line001-outtangents">
          <float_array id="geom-Line001-outtangents-array" count="21">0.8772378 1.051357 1.687328 -0.2048301 1.448933 1.995707 -1.454328 0.2312519 2.108445 -0.3473873 -2.576675 1.748722 1.304366 -2.844623 1.188982 2.535203 -0.7846318 0.6579046 0.7576126 0.3800927 0.6596484</float_array>
          <technique_common>
            <accessor source="#geom-Line001-outtangents-array" count="7" stride="3">
              <param name="X" type="float"/>
              <param name="Y" type="float"/>
              <param name="Z" type="float"/>
            </accessor>
          </technique_common>
        </source>
        <source id="geom-Line001-interpolations">
          <Name_array id="geom-Line001-interpolations-array" count="7">BEZIER BEZIER BEZIER BEZIER BEZIER BEZIER BEZIER</Name_array>
          <technique_common>
            <accessor source="#geom-Line001-interpolations-array" count="7" stride="1">
              <param name="INTERPOLATION" type="name"/>
            </accessor>
          </technique_common>
        </source>
        <control_vertices>
          <input semantic="POSITION" source="#geom-Line001-positions"/>
          <input semantic="IN_TANGENT" source="#geom-Line001-intangents"/>
          <input semantic="OUT_TANGENT" source="#geom-Line001-outtangents"/>
          <input semantic="INTERPOLATION" source="#geom-Line001-interpolations"/>
        </control_vertices>
      </spline>
    </geometry>
  </library_geometries>
  <library_lights>
    <light id="EnvironmentAmbientLight" name="EnvironmentAmbientLight">
      <technique_common>
        <ambient>
          <color>0.019608 0.019608 0.019608</color>
        </ambient>
      </technique_common>
    </light>
  </library_lights>
  <library_visual_scenes>
    <visual_scene id="MaxScene">
      <node name="EnvironmentAmbientLight">
        <instance_light url="#EnvironmentAmbientLight"/>
      </node>
      <node id="node-Bip001" name="Bip001">
        <matrix sid="matrix">-0.5723473 0.8200113 -3.72529e-9 -0.10543 -0.8198809 -0.5722563 -0.01783047 -0.009821609 -0.01462119 -0.01020522 0.999841 0.961857 0 0 0 1</matrix>
        <node id="node-Bip001_Pelvis" name="Bip001_Pelvis">
          <matrix sid="matrix">-0.04494381 0.9659262 0.2548856 -0.027872 -0.1344771 -0.2586709 0.9565591 0 0.9898969 0.008715136 0.1415206 0 0 0 0 1</matrix>
          <node id="node-Bip001_Spine" name="Bip001_Spine">
            <matrix sid="matrix">0.9955621 0.06586146 -0.06721959 0.1044804 -0.07480726 0.987228 -0.1406585 0.01650777 0.05709708 0.1450626 0.9877735 0.01916951 0 0 0 1</matrix>
            <node id="node-Bip001_Spine1" name="Bip001_Spine1">
              <matrix sid="matrix">0.9963388 0.06909449 -0.05034755 0.1646249 -0.07047158 0.997172 -0.02610766 -1.30713e-4 0.04840125 0.02956025 0.9983905 -3.8743e-6 0 0 0 1</matrix>
              <node id="node-Bip001_Spine2" name="Bip001_Spine2">
                <matrix sid="matrix">0.9560514 -0.293137 0.006052823 0.1646723 0.2931989 0.9558039 -0.02176088 -1.25334e-4 5.93618e-4 0.02257925 0.999745 -2.96533e-6 0 0 0 1</matrix>
                <node id="node-Bip001_Neck" name="Bip001_Neck">
                  <matrix sid="matrix">0.9802767 -0.1871359 0.06354125 0.1743731 0.1933143 0.97478 -0.1115062 -0.007501706 -0.04107192 0.1215903 0.9917302 -7.36862e-6 0 0 0 1</matrix>
                  <node id="node-Bip001_Head" name="Bip001_Head">
                    <matrix sid="matrix">0.9662036 0.1372397 -0.2182108 0.08448005 -0.2314949 0.8343455 -0.5002776 0.03011218 0.1134053 0.5338848 0.8379178 8.19564e-8 0 0 0 1</matrix>
                    <node id="node-Bip001_AngryBrowR" name="Bip001_AngryBrowR">
                      <matrix>0.001812056 -0.9852681 0.1710073 0.1354002 0.9995394 -0.003395714 -0.03015608 0.1043413 0.03029251 0.1709832 0.9848082 -0.01978298 0 0 0 1</matrix>
                    </node>
                    <node id="node-Bip001_SillyBrowL" name="Bip001_SillyBrowL">
                      <matrix>-0.004057247 -0.9597188 -0.280933 0.1346172 0.7867899 0.1703331 -0.5932522 0.08548473 0.6172076 -0.2234423 0.7544061 0.05988094 0 0 0 1</matrix>
                    </node>
                    <node id="node-Bip001_SillyBrowR" name="Bip001_SillyBrowR">
                      <matrix>-0.004056893 -0.9597204 0.2809277 0.134617 0.7867938 0.1703287 0.5932484 0.08548508 -0.6172028 0.2234389 0.754411 -0.05988045 0 0 0 1</matrix>
                    </node>
                    <node id="node-Bip001_jaw" name="Bip001_jaw">
                      <matrix>0.3710407 -0.9275406 -0.04469161 0.0739423 0.8026186 0.3445303 -0.4869316 0.01053737 0.4670464 0.1448011 0.8722961 -1.20327e-5 0 0 0 1</matrix>
                      <node id="node-Bip001_lowerLipL" name="Bip001_lowerLipL">
                        <matrix>-0.8336916 -0.3554322 -0.4226422 0.107451 0.3746175 -0.9263141 0.04004891 -0.03483593 -0.4057342 -0.1249408 0.9054113 0.009654522 0 0 0 1</matrix>
                      </node>
                      <node id="node-Bip001_lowerLipR" name="Bip001_lowerLipR">
                        <matrix>0.7819586 1.86451e-6 -0.6233305 0.1074492 -0.6233305 -4.014e-6 -0.7819586 -0.03484023 -3.89852e-6 1 -2.06009e-6 -0.009658948 0 0 0 1</matrix>
                      </node>
                    </node>
                    <node id="node-Bip001_upperLipL" name="Bip001_upperLipL">
                      <matrix>-7.89762e-7 -6.22496e-6 -1 0.04530871 1 2.87802e-6 -7.30157e-7 0.116103 2.90642e-6 -1 6.17281e-6 0.009555265 0 0 0 1</matrix>
                    </node>
                    <node id="node-Bip001_upperLipR" name="Bip001_upperLipR">
                      <matrix>-7.82311e-7 -1.17794e-5 1 0.04530895 1 -2.6701e-6 7.30157e-7 0.1161031 2.64077e-6 1 1.1716e-5 -0.00955461 0 0 0 1</matrix>
                    </node>
                    <node id="node-Bip001_AngryBrowL" name="Bip001_AngryBrowL">
                      <matrix>0.001812078 -0.9852672 -0.1710128 0.1354002 0.9995397 -0.003394939 0.03015059 0.1043411 -0.03028697 -0.1709887 0.9848076 0.01978357 0 0 0 1</matrix>
                    </node>
                    <node id="node-Bone050" name="Bone050">
                      <matrix>-0.2718078 -3.8743e-7 0.9623519 0.176674 -0.9409113 0.2099089 -0.2657521 0.01386483 -0.2020061 -0.9777212 -0.0570552 -0.08004202 0 0 0 1</matrix>
                      <node id="node-Bone051" name="Bone051">
                        <matrix>0.8727055 -0.06772889 0.4835261 0.06664181 0.0499402 0.9975201 0.04958951 2.98023e-8 -0.4856858 -0.01912966 0.8739239 1.19209e-7 0 0 0 1</matrix>
                        <node id="node-Bone052" name="Bone052">
                          <matrix>0.9062542 -0.3886849 0.1662162 0.05545199 0.2715809 0.8366386 0.4756894 0 -0.3239559 -0.3859543 0.8637663 -1.19209e-7 0 0 0 1</matrix>
                          <node id="node-Bone053" name="Bone053">
                            <matrix>0.818351 -0.435732 -0.3747522 0.05517268 0.1430369 -0.4771263 0.8671163 -7.45058e-9 -0.5566343 -0.7632088 -0.3281313 0 0 0 0 1</matrix>
                            <node id="node-Bone054" name="Bone054">
                              <matrix>0.8138615 -0.1123603 -0.5700921 0.05649614 0.4602882 0.7234694 0.5145158 -1.49012e-8 0.3546331 -0.6811511 0.6405219 2.98023e-8 0 0 0 1</matrix>
                            </node>
                          </node>
                        </node>
                      </node>
                    </node>
                    <node id="node-Bone044" name="Bone044">
                      <matrix>-0.09140615 -3.7998e-7 0.9958137 0.2017386 -0.9919919 0.08753213 -0.09105527 0.01348137 -0.08716565 -0.9961616 -0.008001354 -0.06964706 0 0 0 1</matrix>
                      <node id="node-Bone045" name="Bone045">
                        <matrix>0.7861626 0.1194515 0.6063654 0.0724983 -0.08783491 0.9927796 -0.08169392 2.5332e-7 -0.611746 0.01096465 0.7909784 -1.43051e-6 0 0 0 1</matrix>
                        <node id="node-Bone046" name="Bone046">
                          <matrix>0.9278778 -0.2364843 0.2883031 0.0625881 0.1528029 0.9464127 0.2845247 -1.04308e-7 -0.3401393 -0.2199506 0.9142909 4.05312e-6 0 0 0 1</matrix>
                          <node id="node-Bone047" name="Bone047">
                            <matrix>0.9307665 -0.3523221 0.09768257 0.06108773 0.17673 0.6674464 0.7233816 4.47035e-8 -0.3200613 -0.6560363 0.683503 0 0 0 0 1</matrix>
                            <node id="node-Bone048" name="Bone048">
                              <matrix>0.9457324 0.2373301 -0.2219569 0.07517135 -0.2279812 -0.002116294 -0.9736634 1.49012e-8 -0.2315492 0.9714269 0.0521053 -5.96046e-8 0 0 0 1</matrix>
                              <node id="node-Bone049" name="Bone049">
                                <matrix>0.8586522 0.1722122 -0.4827632 0.08048499 -0.4657756 0.6552922 -0.5946811 -1.19209e-7 0.2139394 0.7354833 0.6428801 5.96046e-8 0 0 0 1</matrix>
                              </node>
                            </node>
                          </node>
                        </node>
                      </node>
                    </node>
                    <node id="node-Bone014" name="Bone014">
                      <matrix>-0.02865493 -3.01749e-7 0.999589 0.2221859 -0.9993564 0.02160657 -0.02864823 0.004512727 -0.02159768 -0.9997667 -6.19438e-4 -0.0577458 0 0 0 1</matrix>
                      <node id="node-Bone015" name="Bone015">
                        <matrix>0.8968285 0.1569263 0.4136093 0.04459424 -0.1405922 0.9876001 -0.06985627 -1.49012e-8 -0.4194429 0.004498854 0.9077709 -3.8147e-6 0 0 0 1</matrix>
                        <node id="node-Bone016" name="Bone016">
                          <matrix>0.8073795 0.3848707 0.4472287 0.05171204 -0.2289694 0.9029423 -0.3636864 1.3411e-7 -0.5437936 0.1912311 0.8171406 1.19209e-7 0 0 0 1</matrix>
                          <node id="node-Bone017" name="Bone017">
                            <matrix>0.9567487 0.1163465 0.2666372 0.06625259 -0.06016745 0.9758648 -0.2099231 0 -0.2846259 0.1848008 0.9406571 0 0 0 0 1</matrix>
                            <node id="node-Bone018" name="Bone018">
                              <matrix>0.9759616 -0.1837634 -0.1171753 0.07592642 0.2160518 0.7450927 0.6309979 1.19209e-7 -0.02864772 -0.641146 0.7668843 -4.47035e-6 0 0 0 1</matrix>
                              <node id="node-Bone019" name="Bone019">
                                <matrix>0.9469506 -0.1838323 -0.2636099 0.05424261 0.2948283 0.8233756 0.4849015 -5.21541e-8 0.1279092 -0.5368976 0.833895 0 0 0 0 1</matrix>
                                <node id="node-Bone020" name="Bone020">
                                  <matrix>0.7088867 -0.5135252 -0.4834987 0.1070501 0.4797028 -0.1515179 0.8642493 -2.98023e-8 -0.5170728 -0.8445907 0.1389304 0 0 0 0 1</matrix>
                                </node>
                              </node>
                            </node>
                          </node>
                        </node>
                      </node>
                    </node>
                    <node id="node-Bone006" name="Bone006">
                      <matrix>0.196101 -3.72529e-8 0.980584 0.2309458 -0.9789099 0.0584061 0.1957663 0.03429445 -0.05727209 -0.998293 0.01145346 -0.02691711 0 0 0 1</matrix>
                      <node id="node-Bone007" name="Bone007">
                        <matrix>0.9117423 -0.01410428 0.4105207 0.04605401 0.01401884 0.9998968 0.003218509 1.49012e-8 -0.4105237 0.00282057 0.9118454 0 0 0 0 1</matrix>
                        <node id="node-Bone008" name="Bone008">
                          <matrix>0.9392015 0.1158516 0.3232316 0.04755576 -0.1007923 0.9929103 -0.06300743 7.45058e-9 -0.3282395 0.02659744 0.9442202 -1.19209e-7 0 0 0 1</matrix>
                          <node id="node-Bone009" name="Bone009">
                            <matrix>0.9081647 5.73477e-4 0.4186127 0.05169487 -3.70709e-4 0.9999999 -5.65721e-4 1.49012e-8 -0.4186128 3.58578e-4 0.9081647 -1.19209e-7 0 0 0 1</matrix>
                            <node id="node-Bone010" name="Bone010">
                              <matrix>0.9252816 -0.2774039 0.2586523 0.0660634 0.1212467 0.8625091 0.4913011 -9.68575e-8 -0.3593791 -0.4232312 0.8316981 0 0 0 0 1</matrix>
                              <node id="node-Bone011" name="Bone011">
                                <matrix>0.9589167 -0.2158548 -0.1840784 0.06010842 0.2631018 0.4340237 0.8616268 1.04308e-7 -0.1060918 -0.87466 0.4729845 5.96046e-8 0 0 0 1</matrix>
                                <node id="node-Bone012" name="Bone012">
                                  <matrix>0.966953 -0.1915676 -0.1682376 0.05975711 0.2547095 0.7547972 0.6044862 8.34465e-7 0.01118523 -0.6273612 0.7786477 -1.78814e-7 0 0 0 1</matrix>
                                  <node id="node-Bone013" name="Bone013">
                                    <matrix>0.8543546 -0.001355819 -0.5196888 0.05263507 0.002830321 0.999994 0.002043955 -8.9407e-8 0.5196829 -0.003217097 0.8543532 4.17233e-7 0 0 0 1</matrix>
                                  </node>
                                </node>
                              </node>
                            </node>
                          </node>
                        </node>
                      </node>
                    </node>
                    <node id="node-Bone021" name="Bone021">
                      <matrix>0.4470657 -1.49012e-7 0.8945011 0.2271243 -0.8945011 6.32508e-6 0.4470657 0.05075828 -5.72205e-6 -1 2.69338e-6 1.3411e-7 0 0 0 1</matrix>
                      <node id="node-Bone022" name="Bone022">
                        <matrix>0.906424 4.99375e-6 0.4223688 0.03557795 -5.61913e-6 1 2.38419e-7 -7.45058e-9 -0.4223689 -2.5928e-6 0.9064241 1.19209e-7 0 0 0 1</matrix>
                        <node id="node-Bone023" name="Bone023">
                          <matrix>0.9613261 -9.53209e-7 0.2754122 0.04570849 9.16421e-7 1 2.64496e-7 -1.49012e-8 -0.2754122 0 0.961326 -1.19209e-7 0 0 0 1</matrix>
                          <node id="node-Bone024" name="Bone024">
                            <matrix>0.8313264 -1.69594e-6 0.5557857 0.05609787 1.18837e-6 0.9999999 1.27032e-6 1.49012e-8 -0.5557856 -3.98606e-7 0.8313264 -2.14577e-6 0 0 0 1</matrix>
                            <node id="node-Bone025" name="Bone025">
                              <matrix>0.9055953 0 0.424142 0.06339753 7.45058e-9 0.9999999 -9.31323e-10 2.98023e-8 -0.424142 -1.86265e-9 0.9055952 5.96046e-7 0 0 0 1</matrix>
                              <node id="node-Bone026" name="Bone026">
                                <matrix>0.9644743 1.10548e-5 0.2641778 0.06756556 -9.20147e-7 1 -3.84955e-5 1.49012e-8 -0.2641778 3.68869e-5 0.9644743 8.9407e-7 0 0 0 1</matrix>
                                <node id="node-Bone027" name="Bone027">
                                  <matrix>0.9817942 -1.13621e-6 -0.1899465 0.07909274 9.82732e-6 1 4.48283e-5 -7.45058e-9 0.1899466 -4.58795e-5 0.9817943 -4.76837e-7 0 0 0 1</matrix>
                                  <node id="node-Bone028" name="Bone028">
                                    <matrix>0.9998928 2.05636e-6 0.01466203 0.07343209 -1.90921e-6 1 -1.03712e-5 7.45058e-9 -0.01466206 1.03423e-5 0.9998927 1.19209e-7 0 0 0 1</matrix>
                                  </node>
                                </node>
                              </node>
                            </node>
                          </node>
                        </node>
                      </node>
                    </node>
                    <node id="node-Bone029" name="Bone029">
                      <matrix>0.1961011 -1.04308e-7 0.9805839 0.2309458 -0.97891 -0.05839984 0.1957663 0.03429429 0.05726586 -0.9982934 -0.01145236 0.02691687 0 0 0 1</matrix>
                      <node id="node-Bone030" name="Bone030">
                        <matrix>0.9117724 0.01410467 0.4104536 0.04605371 -0.01401945 0.9998963 -0.003217543 -6.70552e-8 -0.4104564 -0.002820667 0.9118757 -3.93391e-6 0 0 0 1</matrix>
                        <node id="node-Bone031" name="Bone031">
                          <matrix>0.939177 -0.1158523 0.3233027 0.04755454 0.1007911 0.9929109 0.06300677 1.49012e-8 -0.3283098 -0.02658845 0.9441954 1.19209e-7 0 0 0 1</matrix>
                          <node id="node-Bone032" name="Bone032">
                            <matrix>0.9038534 0.04105059 0.4258698 0.05169511 -0.02617576 0.9988275 -0.04072464 7.45058e-9 -0.4270421 0.02566157 0.9038681 1.19209e-7 0 0 0 1</matrix>
                            <node id="node-Bone033" name="Bone033">
                              <matrix>0.9352223 0.2103267 0.2848186 0.06606305 -0.09208231 0.9212399 -0.3779384 -3.72529e-9 -0.3418767 0.3272296 0.8809315 0 0 0 0 1</matrix>
                              <node id="node-Bone034" name="Bone034">
                                <matrix>0.9540269 0.2209558 -0.2025129 0.06010938 -0.2726005 0.3588102 -0.8927174 1.49012e-8 -0.1245871 0.9068816 0.4025471 0 0 0 0 1</matrix>
                                <node id="node-Bone035" name="Bone035">
                                  <matrix>0.9640254 0.1841629 -0.1916737 0.05975628 -0.2622839 0.7761134 -0.5734579 0 0.04315069 0.603101 0.796497 -5.96046e-8 0 0 0 1</matrix>
                                  <node id="node-Bone036" name="Bone036">
                                    <matrix>0.8694142 0.01521917 -0.4938492 0.05263555 -0.02966284 0.9993308 -0.02142411 -2.98023e-8 0.4931929 0.03327524 0.8692834 0 0 0 0 1</matrix>
                                  </node>
                                </node>
                              </node>
                            </node>
                          </node>
                        </node>
                      </node>
                    </node>
                    <node id="node-Bone037" name="Bone037">
                      <matrix>-0.03296208 1.63913e-7 0.9994567 0.2221857 -0.99898 -0.03087517 -0.03294637 0.004512429 0.0308584 -0.9995235 0.001017876 0.05774581 0 0 0 1</matrix>
                      <node id="node-Bone038" name="Bone038">
                        <matrix>0.8929765 -0.1232729 0.4328945 0.04459451 0.1165006 0.9922914 0.04225146 6.33299e-8 -0.434766 0.01270289 0.9004542 1.19209e-7 0 0 0 1</matrix>
                        <node id="node-Bone039" name="Bone039">
                          <matrix>0.8104644 -0.3801517 0.4456804 0.05171025 0.2161753 0.9012179 0.3755988 1.11759e-8 -0.54444 -0.2080643 0.8125846 -1.66893e-6 0 0 0 1</matrix>
                          <node id="node-Bone040" name="Bone040">
                            <matrix>0.9648312 -0.1429276 0.2206183 0.06625342 0.07894535 0.9580726 0.2754363 -2.23517e-8 -0.2507358 -0.2483328 0.9356616 1.19209e-7 0 0 0 1</matrix>
                            <node id="node-Bone041" name="Bone041">
                              <matrix>0.9759559 0.1838065 -0.1171584 0.07592785 -0.216068 0.7449556 -0.6311548 2.23517e-7 -0.02873257 0.6412933 0.766758 0 0 0 0 1</matrix>
                              <node id="node-Bone042" name="Bone042">
                                <matrix>0.9450259 0.2399526 -0.2221448 0.05424106 -0.3174697 0.8360454 -0.4474815 2.6077e-8 0.07834882 0.4934064 0.8662629 3.57628e-7 0 0 0 1</matrix>
                                <node id="node-Bone043" name="Bone043">
                                  <matrix>0.7633408 0.4381691 -0.4746785 0.1070515 -0.4467451 -0.1726973 -0.8778356 -3.72529e-8 -0.4666158 0.8821477 0.06392276 0 0 0 0 1</matrix>
                                </node>
                              </node>
                            </node>
                          </node>
                        </node>
                      </node>
                    </node>
                    <node id="node-Bone055" name="Bone055">
                      <matrix>-0.09140573 1.88127e-7 0.9958144 0.2017385 -0.9919922 -0.08752596 -0.09105496 0.01348099 0.08715954 -0.9961624 0.00800056 0.06964709 0 0 0 1</matrix>
                      <node id="node-Bone056" name="Bone056">
                        <matrix>0.7861556 -0.1194354 0.6063781 0.07249786 0.08782188 0.9927816 0.08168432 3.57628e-7 -0.6117567 -0.01096335 0.7909697 1.19209e-7 0 0 0 1</matrix>
                        <node id="node-Bone057" name="Bone057">
                          <matrix>0.9220536 0.2822241 0.2648902 0.062585 -0.1853493 0.9227366 -0.3379383 -3.241e-7 -0.3397981 0.2625 0.9031228 1.19209e-7 0 0 0 1</matrix>
                          <node id="node-Bone058" name="Bone058">
                            <matrix>0.9331157 0.3402688 0.1162442 0.0610894 -0.172181 0.7066321 -0.6863127 2.98023e-8 -0.3156724 0.6203943 0.717957 1.19209e-7 0 0 0 1</matrix>
                            <node id="node-Bone059" name="Bone059">
                              <matrix>0.9435686 -0.2433106 -0.2246737 0.07517004 0.2279499 -0.01498582 0.9735572 5.96046e-8 -0.2402438 -0.9698328 0.04132225 0 0 0 0 1</matrix>
                              <node id="node-Bone060" name="Bone060">
                                <matrix>0.8586497 -0.1722088 -0.4827677 0.0804863 0.465779 0.6552851 0.5946857 5.96046e-8 0.2139403 -0.7354897 0.6428715 -5.96046e-8 0 0 0 1</matrix>
                              </node>
                            </node>
                          </node>
                        </node>
                      </node>
                    </node>
                    <node id="node-Bone061" name="Bone061">
                      <matrix>-0.2765531 5.70901e-7 0.9609984 0.1766738 -0.937687 -0.2189246 -0.2698442 0.0138644 0.2103862 -0.975742 0.06054477 0.08005001 0 0 0 1</matrix>
                      <node id="node-Bone062" name="Bone062">
                        <matrix>0.8800434 0.03148922 0.4738474 0.06630632 -0.02342627 0.9994628 -0.0229105 5.7742e-8 -0.4743143 0.009061744 0.8803087 -1.90735e-6 0 0 0 1</matrix>
                        <node id="node-Bone063" name="Bone063">
                          <matrix>0.8984271 0.4092897 0.1590954 0.05577612 -0.2856669 0.8199128 -0.4961224 -2.23517e-8 -0.333502 0.4002816 0.8535523 0 0 0 0 1</matrix>
                          <node id="node-Bone064" name="Bone064">
                            <matrix>0.8136281 0.4382423 -0.3820378 0.05538905 -0.1488503 -0.4781921 -0.8655492 -2.98023e-8 -0.5620081 0.7611017 -0.323838 0 0 0 0 1</matrix>
                            <node id="node-Bone065" name="Bone065">
                              <matrix>0.8752899 0.08609423 -0.4758736 0.05682147 -0.3054109 0.8613696 -0.4059147 7.45058e-9 0.374956 0.5006299 0.7802423 2.23517e-8 0 0 0 1</matrix>
                            </node>
                          </node>
                        </node>
                      </node>
                    </node>
                    <node id="node-Bone077" name="Bone077">
                      <matrix>-0.01158964 6.42613e-7 0.9999329 0.137599 -0.8724388 -0.488619 -0.01011162 0.03142532 0.4885861 -0.8724977 0.005663475 0.05968321 0 0 0 1</matrix>
                      <node id="node-Bone078" name="Bone078">
                        <matrix>0.7043357 -0.4953952 0.5084242 0.06178033 0.3977998 0.8686489 0.2953045 4.76837e-7 -0.5879346 -0.005742425 0.8088883 4.37498e-5 0 0 0 1</matrix>
                        <node id="node-Bone079" name="Bone079">
                          <matrix>0.7459561 -0.6548733 0.1212058 0.1102706 0.4237671 0.6071162 0.6721835 -7.45058e-9 -0.5137813 -0.4500562 0.7303956 1.19209e-7 0 0 0 1</matrix>
                          <node id="node-Bone080" name="Bone080">
                            <matrix>0.8926532 0.2532578 0.3728679 0.1663146 -0.1483835 0.9462286 -0.2874603 2.98023e-8 -0.4256198 0.2012751 0.8822337 5.96046e-8 0 0 0 1</matrix>
                            <node id="node-Bone081" name="Bone081">
                              <matrix>0.9320755 0.1246798 -0.3401321 0.137991 -0.1721554 -0.673667 -0.7187043 -2.98023e-8 -0.3187434 0.7284418 -0.6064443 -2.98023e-8 0 0 0 1</matrix>
                            </node>
                          </node>
                        </node>
                      </node>
                    </node>
                    <node id="node-Bone066" name="Bone066">
                      <matrix>-0.2908011 -2.86847e-7 0.9567835 0.1378932 -0.9335832 0.2188804 -0.2837497 0.009998895 -0.2094212 -0.9757518 -0.06365092 -0.07983373 0 0 0 1</matrix>
                      <node id="node-Bone067" name="Bone067">
                        <matrix>0.7965989 0.4133027 0.4411482 0.081056 -0.3324228 0.9090158 -0.2513689 -4.47035e-8 -0.5049019 0.05359238 0.8615116 -3.09944e-6 0 0 0 1</matrix>
                        <node id="node-Bone068" name="Bone068">
                          <matrix>0.9018515 0.4028898 0.1560251 0.064134 -0.2337511 0.7587149 -0.6080388 -2.38419e-7 -0.3633517 0.51189 0.7784243 2.38419e-7 0 0 0 1</matrix>
                          <node id="node-Bone069" name="Bone069">
                            <matrix>0.999895 0.01424573 0.002566993 0.08350682 -0.01418533 0.9996533 -0.02217153 0 -0.002882034 0.02213275 0.9997507 -5.96046e-8 0 0 0 1</matrix>
                            <node id="node-Bone070" name="Bone070">
                              <matrix>0.9643173 -0.150227 0.2179987 0.08289576 0.09696238 0.966611 0.237196 -2.98023e-8 -0.2463529 -0.207595 0.946686 0 0 0 0 1</matrix>
                              <node id="node-Bone071" name="Bone071">
                                <matrix>0.9585639 -0.1121205 0.2618872 0.06400168 0.03549375 0.9591345 0.2807153 2.98023e-8 -0.2826594 -0.2597879 0.9233712 -5.96046e-8 0 0 0 1</matrix>
                                <node id="node-Bone072" name="Bone072">
                                  <matrix>0.964076 -0.03288294 -0.2635826 0.07497585 0.2330033 -0.3717677 0.8986087 0 -0.1275404 -0.927743 -0.3507508 1.49012e-8 0 0 0 1</matrix>
                                </node>
                              </node>
                            </node>
                          </node>
                        </node>
                      </node>
                    </node>
                    <node id="node-Bone073" name="Bone073">
                      <matrix>-0.2925557 1.49012e-7 0.9562488 0.0924896 -0.954704 0.0568094 -0.2920833 -0.0307889 -0.05432392 -0.9983851 -0.01661977 -0.07006145 0 0 0 1</matrix>
                      <node id="node-Bone074" name="Bone074">
                        <matrix>0.6387706 0.466081 0.6121607 0.05861649 -0.2161335 0.8722986 -0.4386137 1.49012e-8 -0.7384158 0.1478651 0.6579341 0 0 0 0 1</matrix>
                        <node id="node-Bone075" name="Bone075">
                          <matrix>0.966939 -0.2549824 -0.003659755 0.08270764 0.2245849 0.8446918 0.4858575 0 -0.1207937 -0.4706161 0.8740309 -5.96046e-8 0 0 0 1</matrix>
                          <node id="node-Bone076" name="Bone076">
                            <matrix>0.9027887 -0.3799328 -0.2015529 0.1038884 0.1286855 -0.2085412 0.9695106 0 -0.4103809 -0.9012001 -0.1393765 -1.19209e-7 0 0 0 1</matrix>
                          </node>
                        </node>
                      </node>
                    </node>
                    <node id="node-Bone082" name="Bone082">
                      <matrix>-0.3110904 3.18512e-7 0.9503804 0.09530377 -0.9488456 -0.05680678 -0.310588 -0.03142177 0.05398795 -0.9983855 0.01767234 0.0684761 0 0 0 1</matrix>
                      <node id="node-Bone083" name="Bone083">
                        <matrix>0.6710567 -0.4341135 0.6010227 0.05861518 0.1827009 0.8824793 0.4334169 2.12342e-7 -0.7185423 -0.1810399 0.6715066 4.76837e-6 0 0 0 1</matrix>
                        <node id="node-Bone084" name="Bone084">
                          <matrix>0.9794418 0.1983212 0.03691369 0.08271182 -0.1548231 0.8563235 -0.492687 4.47035e-8 -0.1293203 0.4768434 0.8694239 1.78814e-7 0 0 0 1</matrix>
                          <node id="node-Bone085" name="Bone085">
                            <matrix>0.9224285 0.3760583 -0.08778422 0.1038884 -0.1378097 0.1082106 -0.9845294 -1.2666e-7 -0.3607414 0.9202555 0.151641 -1.78814e-7 0 0 0 1</matrix>
                            <node id="node-Bone086" name="Bone086">
                              <matrix>0.9832616 0.04322941 -0.1769953 0.1096959 -0.123718 0.8715612 -0.4744205 2.38419e-7 0.1337534 0.4883772 0.8623211 2.98023e-8 0 0 0 1</matrix>
                            </node>
                          </node>
                        </node>
                      </node>
                    </node>
                  </node>
                </node>
                <node id="node-Bip001_backpack_01" name="Bip001_backpack_01">
                  <matrix>-0.9792177 0.2028019 -0.001978809 0.2016004 -0.2027961 -0.9792169 -0.002801961 -0.08787806 -0.002505913 -0.002342356 0.999994 4.32134e-7 0 0 0 1</matrix>
                  <node id="node-Bip001_rope_01" name="Bip001_rope_01">
                    <matrix>0.9500331 -0.3097464 -0.03864782 0.4241185 -0.2955909 -0.9325069 0.2075002 0.08793366 -0.1003119 -0.1857081 -0.9774711 0.09922142 0 0 0 1</matrix>
                    <node id="node-Bip001_rope_02" name="Bip001_rope_02">
                      <matrix>0.9978651 0.06031723 -0.02504103 0.09589279 0.06092102 -0.9978518 0.02409248 8.33273e-5 -0.02353404 -0.02556651 -0.9993961 2.13087e-6 0 0 0 1</matrix>
                      <node id="node-Bip001_rope_03" name="Bip001_rope_03">
                        <matrix>0.9781299 0.01892782 -0.2071325 0.1048671 -0.05167693 0.9867402 -0.1538623 -1.02416e-4 0.2014737 0.1612013 0.9661379 -0.001042724 0 0 0 1</matrix>
                      </node>
                    </node>
                  </node>
                  <node id="node-Bip001_Xtra17" name="Bip001_Xtra17">
                    <matrix>-0.04419926 -0.7063961 -0.7064355 0.155149 0.9990227 -0.03164934 -0.03085785 0.112457 -5.60336e-4 -0.7071088 0.7071046 6.88359e-5 0 0 0 1</matrix>
                    <node id="node-Bip001_Xtra18" name="Bip001_Xtra18">
                      <matrix>0.9999999 -2.98023e-8 -5.96046e-8 0.02474695 -1.49012e-8 1 3.27826e-7 -2.2471e-5 2.98023e-8 -2.68221e-7 1 -5.96046e-8 0 0 0 1</matrix>
                    </node>
                    <node id="node-Bip001_Xtra19" name="Bip001_Xtra19">
                      <matrix>0.9999993 -7.96288e-4 7.98821e-4 0.02904582 -7.96378e-4 -0.9999998 -1.51992e-6 0.02995092 7.98851e-4 9.23872e-7 -0.9999996 -7.48634e-5 0 0 0 1</matrix>
                    </node>
                    <node id="node-Bip001_Xtra20" name="Bip001_Xtra20">
                      <matrix>0.9999917 -0.003981054 7.89136e-4 0.0288974 0.003981009 0.9999922 6.31809e-6 -0.03234428 -7.89076e-4 -3.06964e-6 0.9999996 -7.51615e-5 0 0 0 1</matrix>
                    </node>
                  </node>
                  <node id="node-Bip001_Xtra01" name="Bip001_Xtra01">
                    <matrix>0.9981052 -0.06068918 0.01014834 0.2139946 0.06067663 0.9981563 0.001537614 0.05374002 -0.01022297 -9.18933e-4 0.9999473 0.1710363 0 0 0 1</matrix>
                  </node>
                  <node id="node-Bip001_Xtra01Opp" name="Bip001_Xtra01Opp">
                    <matrix>0.9984868 -0.05466181 0.006013271 0.2139939 0.05465654 0.9985048 0.001041108 0.05373991 -0.006061211 -7.10871e-4 0.9999815 -0.1722648 0 0 0 1</matrix>
                  </node>
                </node>
                <node id="node-Bip001_L_Clavicle" name="Bip001_L_Clavicle">
                  <matrix>-0.1311723 -7.45058e-4 0.9913592 0.1406265 -0.3498611 -0.935622 -0.04699529 0.02467196 0.9275725 -0.3530026 0.1224671 0.05035808 0 0 0 1</matrix>
                  <node id="node-Bip001_L_UpperArm" name="Bip001_L_UpperArm">
                    <matrix sid="matrix">0.4675487 0.4708624 0.7481223 0.17644 -0.03893213 0.8564709 -0.5147251 1.49012e-8 -0.8831096 0.211533 0.4187735 0 0 0 0 1</matrix>
                    <node id="node-Bip001_L_Forearm" name="Bip001_L_Forearm">
                      <matrix sid="matrix">0.5632766 0.8262684 0 0.3022249 -0.8262684 0.5632766 0 0 -1.04308e-7 -2.98023e-8 0.9999999 0 0 0 0 1</matrix>
                      <node id="node-Bip001_L_Hand" name="Bip001_L_Hand">
                        <matrix sid="matrix">0.8837361 -0.047674 -0.4655513 0.303522 0.444061 -0.22858 0.8663493 0 -0.147718 -0.9723572 -0.1808341 0 0 0 0 1</matrix>
                        <node id="node-Bip001_L_Finger0" name="Bip001_L_Finger0">
                          <matrix sid="matrix">0.7808155 0.4573676 0.4256069 0.01779109 0.4777123 0.001960687 -0.8785138 0.01367196 -0.4026392 0.8892747 -0.2169596 -0.02770388 0 0 0 1</matrix>
                          <node id="node-Bip001_L_Finger01" name="Bip001_L_Finger01">
                            <matrix sid="matrix">0.9399811 -0.3412249 8.08373e-4 0.05085599 0.3412257 0.9399786 -0.002217218 0 -3.33786e-6 0.002359979 0.9999971 0 0 0 0 1</matrix>
                            <node id="node-Bip001_L_Finger02" name="Bip001_L_Finger02">
                              <matrix sid="matrix">0.88322 -0.4689225 0.005843401 0.03436995 0.4689588 0.8831513 -0.01101628 0 5.1856e-6 0.01247013 0.9999223 2.98023e-8 0 0 0 1</matrix>
                            </node>
                          </node>
                        </node>
                        <node id="node-Bip001_L_Finger1" name="Bip001_L_Finger1">
                          <matrix sid="matrix">0.9421896 -0.2515204 0.221394 0.08567613 0.3265596 0.8372999 -0.4385057 -0.005999625 -0.07508056 0.4854538 0.8710321 -0.02973521 0 0 0 1</matrix>
                          <node id="node-Bip001_L_Finger11" name="Bip001_L_Finger11">
                            <matrix sid="matrix">0.9561215 -0.2929704 0 0.05795389 0.2929704 0.9561214 -5.58794e-9 2.98023e-8 0 -7.45058e-9 1 -5.96046e-8 0 0 0 1</matrix>
                            <node id="node-Bip001_L_Finger12" name="Bip001_L_Finger12">
                              <matrix sid="matrix">0.9782763 -0.2073058 2.98023e-8 0.03285098 0.2073056 0.9782763 0 -5.96046e-8 0 0 1 0 0 0 0 1</matrix>
                            </node>
                          </node>
                        </node>
                        <node id="node-Bip001_L_Finger2" name="Bip001_L_Finger2">
                          <matrix sid="matrix">0.9099866 -0.4107479 0.05666198 0.09032303 0.414623 0.9026113 -0.1156755 -0.01052216 -0.003630951 0.128756 0.9916694 -0.005256623 0 0 0 1</matrix>
                          <node id="node-Bip001_L_Finger21" name="Bip001_L_Finger21">
                            <matrix sid="matrix">0.924853 -0.3803246 0 0.05795395 0.3803246 0.9248531 -2.23517e-8 -4.47035e-8 1.49012e-8 4.47035e-8 1 -5.96046e-8 0 0 0 1</matrix>
                            <node id="node-Bip001_L_Finger22" name="Bip001_L_Finger22">
                              <matrix sid="matrix">0.9723517 -0.2335214 1.49012e-8 0.04148096 0.2335214 0.9723516 -4.47035e-8 -2.98023e-8 0 4.47035e-8 1 2.98023e-8 0 0 0 1</matrix>
                            </node>
                          </node>
                        </node>
                        <node id="node-Bip001_L_Finger3" name="Bip001_L_Finger3">
                          <matrix sid="matrix">0.8437887 -0.5217916 -0.1255116 0.08558702 0.5360594 0.8306484 0.1505464 -0.009840488 0.02570166 -0.1943112 0.9806033 0.02070284 0 0 0 1</matrix>
                          <node id="node-Bip001_L_Finger31" name="Bip001_L_Finger31">
                            <matrix sid="matrix">0.9207934 -0.3900506 7.45058e-9 0.05795401 0.3900507 0.9207934 -1.86265e-8 2.98023e-8 -4.47035e-8 -3.72529e-8 1 -2.98023e-8 0 0 0 1</matrix>
                            <node id="node-Bip001_L_Finger32" name="Bip001_L_Finger32">
                              <matrix sid="matrix">0.884097 -0.4673035 7.45058e-9 0.03192705 0.4673035 0.884097 7.45058e-9 0 -6.51926e-8 -2.23517e-8 1 0 0 0 0 1</matrix>
                            </node>
                          </node>
                        </node>
                        <node id="node-Bip001_L_Finger4" name="Bip001_L_Finger4">
                          <matrix sid="matrix">0.847081 -0.3881948 -0.3629861 0.08973408 0.4792495 0.8531644 0.2059859 -0.004826814 0.2297241 -0.3484471 0.908742 0.04668486 0 0 0 1</matrix>
                          <node id="node-Bip001_L_Finger41" name="Bip001_L_Finger41">
                            <matrix sid="matrix">0.8490503 -0.5283121 7.45058e-9 0.03496808 0.528312 0.8490503 2.98023e-8 1.49012e-8 -2.98023e-8 -1.49012e-8 0.9999999 7.45058e-9 0 0 0 1</matrix>
                            <node id="node-Bip001_L_Finger42" name="Bip001_L_Finger42">
                              <matrix sid="matrix">0.9036931 -0.4281809 0 0.02205002 0.4281809 0.9036931 0 -5.96046e-8 -1.86265e-8 -1.49012e-8 1 0 0 0 0 1</matrix>
                            </node>
                          </node>
                        </node>
                      </node>
                    </node>
                    <node id="node-Bip001_L_ForeTwist" name="Bip001_L_ForeTwist">
                      <matrix sid="matrix">0.5632766 0.8251753 0.04248793 0.3022249 -0.8262684 0.5625314 0.02896452 0 -1.04308e-7 -0.05142151 0.9986769 0 0 0 0 1</matrix>
                      <node id="node-Bip001_L_ForeTwist1" name="Bip001_L_ForeTwist1">
                        <matrix sid="matrix">1 0 -1.49012e-8 0.1011741 2.98023e-8 0.9986771 0.05142149 0 0 -0.05142151 0.998677 0 0 0 0 1</matrix>
                        <node id="node-Bip001_L_ForeTwist2" name="Bip001_L_ForeTwist2">
                          <matrix sid="matrix">1 0 0 0.1011739 0 0.998677 0.05142155 -5.96046e-8 0 -0.05142146 0.9986771 0 0 0 0 1</matrix>
                        </node>
                      </node>
                    </node>
                  </node>
                  <node id="node-Bip001_LUpArmTwist" name="Bip001_LUpArmTwist">
                    <matrix sid="matrix">0.4675487 0.4708624 0.7481223 0.17644 -0.03893213 0.8564709 -0.5147251 1.49012e-8 -0.8831096 0.211533 0.4187735 0 0 0 0 1</matrix>
