<?xml version="1.0" encoding="utf-8"?>
<COLLADA xmlns="http://www.collada.org/2005/11/COLLADASchema" version="1.4.1">
  <asset>
    <contributor>
      <author>Setsu</author>
      <authoring_tool>OpenCOLLADA for 3ds Max;  Version: 1.3.1;  Revision: 847M;  Platform: x64;  Configuration: Release_Max2012_static</authoring_tool>
      <source_data>file:///D:/_Work/webgl/models/man/animation/harpoon/wpn_harpoon_attack9.max</source_data>
    </contributor>
    <created>2012-09-04T14:28:02</created>
    <modified>2012-09-04T14:28:02</modified>
    <unit name="meter" meter="1"/>
    <up_axis>Z_UP</up_axis>
  </asset>
  <library_geometries>
    <geometry id="geom-Line001" name="Line001">
      <spline closed="0">
        <source id="geom-Line001-positions">
          <float_array id="geom-Line001-positions-array" count="21">1.155697 0.8408581 1.536583 0.2190984 1.207732 1.902505 -1.315959 0.6135856 2.095799 -0.9327776 -2.059208 1.887435 0.5811684 -2.793642 1.419947 2.406688 -1.636757 0.7770734 0.7576126 0.3800927 0.6596484</float_array>
          <technique_common>
            <accessor source="#geom-Line001-positions-array" count="7" stride="3">
              <param name="X" type="float"/>
              <param name="Y" type="float"/>
              <param name="Z" type="float"/>
            </accessor>
          </technique_common>
        </source>
        <source id="geom-Line001-intangents">
          <float_array id="geom-Line001-intangents-array" count="21">1.155697 0.8408581 1.536583 0.4371298 1.221884 1.809302 -1.149276 1.044499 2.07236 -2.125449 -0.9097269 2.145405 0.1601566 -2.758919 1.588991 2.200107 -2.476642 0.8960071 1.842947 -0.09230095 0.6187629</float_array>
          <technique_common>
            <accessor source="#geom-Line001-intangents-array" count="7" stride="3">
              <param name="X" type="float"/>
              <param name="Y" type="float"/>
              <param name="Z" type="float"/>
            </accessor>
          </technique_common>
        </source>
        <source id="geom-Line001-outtangents">
          <float_array id="geom-Line001-outtangents-array" count="21">0.8772378 1.051357 1.687328 -0.2048301 1.448933 1.995707 -1.454328 0.2312519 2.108445 -0.3473873 -2.576675 1.748722 1.304366 -2.844623 1.188982 2.535203 -0.7846318 0.6579046 0.7576126 0.3800927 0.6596484</float_array>
          <technique_common>
            <accessor source="#geom-Line001-outtangents-array" count="7" stride="3">
              <param name="X" type="float"/>
              <param name="Y" type="float"/>
              <param name="Z" type="float"/>
            </accessor>
          </technique_common>
        </source>
        <source id="geom-Line001-interpolations">
          <Name_array id="geom-Line001-interpolations-array" count="7">BEZIER BEZIER BEZIER BEZIER BEZIER BEZIER BEZIER</Name_array>
          <technique_common>
            <accessor source="#geom-Line001-interpolations-array" count="7" stride="1">
              <param name="INTERPOLATION" type="name"/>
            </accessor>
          </technique_common>
        </source>
        <control_vertices>
          <input semantic="POSITION" source="#geom-Line001-positions"/>
          <input semantic="IN_TANGENT" source="#geom-Line001-intangents"/>
          <input semantic="OUT_TANGENT" source="#geom-Line001-outtangents"/>
          <input semantic="INTERPOLATION" source="#geom-Line001-interpolations"/>
        </control_vertices>
      </spline>
    </geometry>
  </library_geometries>
  <library_lights>
    <light id="EnvironmentAmbientLight" name="EnvironmentAmbientLight">
      <technique_common>
        <ambient>
          <color>0.019608 0.019608 0.019608</color>
        </ambient>
      </technique_common>
    </light>
  </library_lights>
  <library_visual_scenes>
    <visual_scene id="MaxScene">
      <node name="EnvironmentAmbientLight">
        <instance_light url="#EnvironmentAmbientLight"/>
      </node>
      <node id="node-Bip001" name="Bip001">
        <matrix sid="matrix">-0.7145108 0.6995698 -0.008729301 0.1249268 -0.659829 -0.6779644 -0.3240211 -1.49012e-8 -0.2325935 -0.2257567 0.9460096 0.7906467 0 0 0 1</matrix>
        <node id="node-Bip001_Pelvis" name="Bip001_Pelvis">
          <matrix sid="matrix">-3.27826e-7 0.9659262 0.2588175 -0.02657124 0.03367059 -0.2586708 0.9653786 -0.004424788 0.999433 0.00871487 -0.03252319 -0.00715816 0 0 0 1</matrix>
          <node id="node-Bip001_Spine" name="Bip001_Spine">
            <matrix sid="matrix">0.9932512 0.1159349 -0.003342062 0.1062184 -0.1145179 0.9757306 -0.1866427 0.01650929 -0.01837748 0.1857659 0.9824222 7.28354e-4 0 0 0 1</matrix>
            <node id="node-Bip001_Spine1" name="Bip001_Spine1">
              <matrix sid="matrix">0.9915923 -0.1198342 0.04883145 0.1646499 0.1138158 0.9872257 0.1114959 -1.29431e-4 -0.06156868 -0.1050008 0.9925644 1.37687e-5 0 0 0 1</matrix>
              <node id="node-Bip001_Spine2" name="Bip001_Spine2">
                <matrix sid="matrix">0.9209394 -0.380011 0.08638479 0.1646838 0.3556065 0.9101297 0.2126221 -1.19299e-4 -0.1594201 -0.165093 0.9733084 2.16663e-5 0 0 0 1</matrix>
                <node id="node-Bip001_Neck" name="Bip001_Neck">
                  <matrix sid="matrix">0.9802768 -0.187136 0.06354133 0.1743734 0.1933146 0.97478 -0.1115061 -0.007501721 -0.04107201 0.1215904 0.9917302 -7.39098e-6 0 0 0 1</matrix>
                  <node id="node-Bip001_Head" name="Bip001_Head">
                    <matrix sid="matrix">0.9534293 0.1508247 -0.2611978 0.08448005 -0.3005546 0.547689 -0.7808353 0.03011221 0.02528591 0.8229755 0.5675139 8.9407e-8 0 0 0 1</matrix>
                    <node id="node-Bip001_AngryBrowR" name="Bip001_AngryBrowR">
                      <matrix>0.001812011 -0.9852681 0.1710073 0.1354001 0.9995396 -0.003395706 -0.03015606 0.1043413 0.0302925 0.1709832 0.9848081 -0.01978299 0 0 0 1</matrix>
                    </node>
                    <node id="node-Bip001_SillyBrowL" name="Bip001_SillyBrowL">
                      <matrix>-0.004057266 -0.9597189 -0.2809331 0.1346171 0.78679 0.1703331 -0.5932524 0.08548474 0.6172076 -0.2234423 0.7544059 0.05988094 0 0 0 1</matrix>
                    </node>
                    <node id="node-Bip001_SillyBrowR" name="Bip001_SillyBrowR">
                      <matrix>-0.004056901 -0.9597204 0.2809277 0.134617 0.7867938 0.1703287 0.5932485 0.08548507 -0.6172028 0.2234388 0.754411 -0.05988047 0 0 0 1</matrix>
                    </node>
                    <node id="node-Bip001_jaw" name="Bip001_jaw">
                      <matrix>0.3710407 -0.9275406 -0.04469168 0.07394218 0.8026186 0.3445303 -0.4869316 0.01053736 0.4670464 0.1448011 0.872296 -1.20401e-5 0 0 0 1</matrix>
                      <node id="node-Bip001_lowerLipL" name="Bip001_lowerLipL">
                        <matrix>-0.8336917 -0.3554322 -0.4226424 0.107451 0.3746176 -0.9263141 0.04004885 -0.03483582 -0.4057342 -0.1249408 0.9054114 0.009654522 0 0 0 1</matrix>
                      </node>
                      <node id="node-Bip001_lowerLipR" name="Bip001_lowerLipR">
                        <matrix>0.7819586 1.75834e-6 -0.6233307 0.1074493 -0.6233305 -4.05312e-6 -0.7819585 -0.03484023 -3.96371e-6 1 -2.01166e-6 -0.009658962 0 0 0 1</matrix>
                      </node>
                    </node>
                    <node id="node-Bip001_upperLipL" name="Bip001_upperLipL">
                      <matrix>-8.04663e-7 -6.22869e-6 -1 0.04530871 1 2.85357e-6 -7.7486e-7 0.1161031 2.89828e-6 -1 6.19888e-6 0.009555221 0 0 0 1</matrix>
                    </node>
                    <node id="node-Bip001_upperLipR" name="Bip001_upperLipR">
                      <matrix>-8.04663e-7 -1.17719e-5 1 0.04530871 1 -2.65241e-6 7.45058e-7 0.1161031 2.65241e-6 1 1.17123e-5 -0.009554625 0 0 0 1</matrix>
                    </node>
                    <node id="node-Bip001_AngryBrowL" name="Bip001_AngryBrowL">
                      <matrix>0.001812041 -0.9852672 -0.1710128 0.1354002 0.9995397 -0.003394961 0.03015059 0.1043411 -0.03028698 -0.1709887 0.9848073 0.01978356 0 0 0 1</matrix>
                    </node>
                    <node id="node-Bone050" name="Bone050">
                      <matrix>-0.2718078 -3.27826e-7 0.9623519 0.1766741 -0.9409114 0.2099089 -0.2657521 0.01386482 -0.2020061 -0.977721 -0.05705526 -0.080042 0 0 0 1</matrix>
                      <node id="node-Bone051" name="Bone051">
                        <matrix>0.8727056 -0.06772888 0.4835261 0.06664178 0.04994022 0.9975201 0.04958951 2.98023e-8 -0.4856858 -0.01912963 0.8739239 2.38419e-7 0 0 0 1</matrix>
                        <node id="node-Bone052" name="Bone052">
                          <matrix>0.9062541 -0.3886848 0.1662162 0.05545187 0.271581 0.8366386 0.4756894 2.98023e-8 -0.323956 -0.3859543 0.8637663 -1.19209e-7 0 0 0 1</matrix>
                          <node id="node-Bone053" name="Bone053">
                            <matrix>0.8183509 -0.435732 -0.3747523 0.05517268 0.1430369 -0.4771263 0.8671163 -2.98023e-8 -0.5566344 -0.763209 -0.3281313 0 0 0 0 1</matrix>
                            <node id="node-Bone054" name="Bone054">
                              <matrix>0.8138615 -0.1123602 -0.5700923 0.05649626 0.4602883 0.7234694 0.5145158 0 0.3546331 -0.6811513 0.6405219 2.98023e-8 0 0 0 1</matrix>
                            </node>
                          </node>
                        </node>
                      </node>
                    </node>
                    <node id="node-Bone044" name="Bone044">
                      <matrix>-0.09140609 -3.57628e-7 0.9958136 0.2017386 -0.9919919 0.08753215 -0.09105523 0.01348135 -0.08716561 -0.9961617 -0.008001387 -0.06964707 0 0 0 1</matrix>
                      <node id="node-Bone045" name="Bone045">
                        <matrix>0.7861628 0.1194515 0.6063657 0.07249828 -0.08783493 0.9927796 -0.08169395 2.68221e-7 -0.6117461 0.01096463 0.7909784 -1.43051e-6 0 0 0 1</matrix>
                        <node id="node-Bone046" name="Bone046">
                          <matrix>0.9278778 -0.2364844 0.2883031 0.0625881 0.1528029 0.9464129 0.2845247 -1.49012e-7 -0.3401392 -0.2199506 0.9142909 4.05312e-6 0 0 0 1</matrix>
                          <node id="node-Bone047" name="Bone047">
                            <matrix>0.9307665 -0.3523221 0.09768248 0.06108761 0.1767301 0.6674465 0.7233817 8.9407e-8 -0.3200614 -0.6560363 0.683503 -5.96046e-8 0 0 0 1</matrix>
                            <node id="node-Bone048" name="Bone048">
                              <matrix>0.9457324 0.2373302 -0.2219569 0.07517123 -0.2279812 -0.002116367 -0.9736634 2.98023e-8 -0.2315492 0.9714271 0.05210529 0 0 0 0 1</matrix>
                              <node id="node-Bone049" name="Bone049">
                                <matrix>0.8586522 0.1722121 -0.482763 0.08048511 -0.4657757 0.6552922 -0.5946811 -1.19209e-7 0.2139394 0.7354832 0.6428801 -1.19209e-7 0 0 0 1</matrix>
                              </node>
                            </node>
                          </node>
                        </node>
                      </node>
                    </node>
                    <node id="node-Bone014" name="Bone014">
                      <matrix>-0.02865487 -2.68221e-7 0.999589 0.2221857 -0.9993564 0.02160657 -0.02864826 0.004512757 -0.02159767 -0.9997667 -6.19411e-4 -0.05774584 0 0 0 1</matrix>
                      <node id="node-Bone015" name="Bone015">
                        <matrix>0.8968285 0.1569262 0.4136094 0.04459421 -0.1405922 0.9876003 -0.06985626 2.98023e-8 -0.4194429 0.004498854 0.907771 -3.8147e-6 0 0 0 1</matrix>
                        <node id="node-Bone016" name="Bone016">
                          <matrix>0.8073794 0.3848706 0.4472287 0.05171204 -0.2289694 0.9029424 -0.3636864 1.19209e-7 -0.5437935 0.1912311 0.8171405 1.19209e-7 0 0 0 1</matrix>
                          <node id="node-Bone017" name="Bone017">
                            <matrix>0.9567487 0.1163465 0.2666373 0.06625265 -0.06016745 0.9758648 -0.209923 0 -0.2846261 0.1848008 0.9406571 0 0 0 0 1</matrix>
                            <node id="node-Bone018" name="Bone018">
                              <matrix>0.9759617 -0.1837634 -0.1171753 0.07592642 0.2160518 0.7450927 0.6309978 1.19209e-7 -0.02864781 -0.6411459 0.7668843 -4.47035e-6 0 0 0 1</matrix>
                              <node id="node-Bone019" name="Bone019">
                                <matrix>0.9469509 -0.1838323 -0.2636099 0.05424273 0.2948284 0.8233756 0.4849015 -2.98023e-8 0.1279093 -0.5368977 0.833895 0 0 0 0 1</matrix>
                                <node id="node-Bone020" name="Bone020">
                                  <matrix>0.7088869 -0.5135251 -0.4834986 0.1070501 0.4797029 -0.1515179 0.8642494 0 -0.5170729 -0.8445905 0.1389304 -5.96046e-8 0 0 0 1</matrix>
                                </node>
                              </node>
                            </node>
                          </node>
                        </node>
                      </node>
                    </node>
                    <node id="node-Bone006" name="Bone006">
                      <matrix>0.196101 0 0.9805839 0.2309458 -0.97891 0.05840611 0.1957664 0.03429446 -0.05727209 -0.9982931 0.01145342 -0.0269171 0 0 0 1</matrix>
                      <node id="node-Bone007" name="Bone007">
                        <matrix>0.9117423 -0.01410425 0.4105207 0.0460541 0.01401887 0.9998967 0.003218532 0 -0.4105236 0.002820536 0.9118455 1.19209e-7 0 0 0 1</matrix>
                        <node id="node-Bone008" name="Bone008">
                          <matrix>0.9392015 0.1158516 0.3232316 0.04755574 -0.1007923 0.9929103 -0.06300741 0 -0.3282396 0.0265975 0.9442205 0 0 0 0 1</matrix>
                          <node id="node-Bone009" name="Bone009">
                            <matrix>0.9081647 5.73453e-4 0.4186126 0.05169481 -3.70622e-4 0.9999999 -5.65797e-4 5.96046e-8 -0.4186127 3.58626e-4 0.9081649 -1.19209e-7 0 0 0 1</matrix>
                            <node id="node-Bone010" name="Bone010">
                              <matrix>0.9252817 -0.277404 0.2586524 0.06606352 0.1212467 0.8625091 0.4913012 -5.96046e-8 -0.3593791 -0.4232312 0.8316982 0 0 0 0 1</matrix>
                              <node id="node-Bone011" name="Bone011">
                                <matrix>0.9589166 -0.2158549 -0.1840784 0.06010854 0.2631018 0.4340236 0.8616267 1.19209e-7 -0.1060918 -0.8746599 0.4729845 -5.96046e-8 0 0 0 1</matrix>
                                <node id="node-Bone012" name="Bone012">
                                  <matrix>0.9669531 -0.1915676 -0.1682376 0.05975723 0.2547095 0.7547973 0.6044864 8.64267e-7 0.01118527 -0.6273614 0.7786476 -1.77883e-7 0 0 0 1</matrix>
                                  <node id="node-Bone013" name="Bone013">
                                    <matrix>0.8543545 -0.001355812 -0.5196888 0.05263495 0.002830297 0.999994 0.002043957 -9.31323e-8 0.519683 -0.003217229 0.8543533 4.13507e-7 0 0 0 1</matrix>
                                  </node>
                                </node>
                              </node>
                            </node>
                          </node>
                        </node>
                      </node>
                    </node>
                    <node id="node-Bone021" name="Bone021">
                      <matrix>0.4470657 -1.19209e-7 0.8945012 0.2271242 -0.8945012 6.31064e-6 0.4470657 0.05075833 -5.73695e-6 -1 2.69711e-6 1.19209e-7 0 0 0 1</matrix>
                      <node id="node-Bone022" name="Bone022">
                        <matrix>0.9064241 4.97699e-6 0.4223688 0.03557795 -5.63264e-6 1 2.5332e-7 0 -0.4223689 -2.6077e-6 0.9064241 0 0 0 0 1</matrix>
                        <node id="node-Bone023" name="Bone023">
                          <matrix>0.9613261 -9.61125e-7 0.2754122 0.04570842 9.22009e-7 1 2.68221e-7 0 -0.2754122 1.49012e-8 0.9613262 1.19209e-7 0 0 0 1</matrix>
                          <node id="node-Bone024" name="Bone024">
                            <matrix>0.8313264 -1.67266e-6 0.5557856 0.05609787 1.16229e-6 1 1.2666e-6 0 -0.5557857 -4.17233e-7 0.8313264 -2.14577e-6 0 0 0 1</matrix>
                            <node id="node-Bone025" name="Bone025">
                              <matrix>0.9055952 4.47035e-8 0.4241419 0.06339753 4.47035e-8 0.9999999 2.98023e-8 2.98023e-8 -0.4241419 1.49012e-8 0.9055952 5.96046e-7 0 0 0 1</matrix>
                              <node id="node-Bone026" name="Bone026">
                                <matrix>0.9644744 1.10865e-5 0.2641778 0.06756556 -9.23872e-7 1 -3.84822e-5 0 -0.2641778 3.68655e-5 0.9644743 8.34465e-7 0 0 0 1</matrix>
                                <node id="node-Bone027" name="Bone027">
                                  <matrix>0.9817942 -1.13249e-6 -0.1899466 0.07909262 9.79006e-6 0.9999999 4.48227e-5 2.98023e-8 0.1899466 -4.58509e-5 0.9817942 -4.76837e-7 0 0 0 1</matrix>
                                  <node id="node-Bone028" name="Bone028">
                                    <matrix>0.9998926 2.04146e-6 0.01466206 0.07343221 -1.89245e-6 0.9999999 -1.03563e-5 2.98023e-8 -0.01466212 1.03265e-5 0.9998926 5.96046e-8 0 0 0 1</matrix>
                                  </node>
                                </node>
                              </node>
                            </node>
                          </node>
                        </node>
                      </node>
                    </node>
                    <node id="node-Bone029" name="Bone029">
                      <matrix>0.1961012 -4.47035e-8 0.9805838 0.2309458 -0.9789099 -0.05839977 0.1957663 0.03429428 0.05726588 -0.9982935 -0.01145239 0.02691686 0 0 0 1</matrix>
                      <node id="node-Bone030" name="Bone030">
                        <matrix>0.9117726 0.01410466 0.4104536 0.04605377 -0.01401941 0.9998965 -0.003217533 -8.9407e-8 -0.4104564 -0.002820671 0.9118758 -4.05312e-6 0 0 0 1</matrix>
                        <node id="node-Bone031" name="Bone031">
                          <matrix>0.9391773 -0.1158524 0.3233028 0.04755454 0.1007911 0.992911 0.06300673 2.98023e-8 -0.3283099 -0.02658853 0.9441958 1.19209e-7 0 0 0 1</matrix>
                          <node id="node-Bone032" name="Bone032">
                            <matrix>0.9038532 0.04105058 0.4258696 0.05169511 -0.02617575 0.9988274 -0.04072461 0 -0.4270421 0.02566159 0.903868 1.19209e-7 0 0 0 1</matrix>
                            <node id="node-Bone033" name="Bone033">
                              <matrix>0.9352224 0.2103268 0.2848186 0.06606317 -0.09208229 0.9212399 -0.3779385 0 -0.3418767 0.3272297 0.8809316 0 0 0 0 1</matrix>
                              <node id="node-Bone034" name="Bone034">
                                <matrix>0.9540271 0.2209558 -0.2025129 0.0601095 -0.2726004 0.3588102 -0.8927173 2.98023e-8 -0.1245872 0.9068815 0.4025472 0 0 0 0 1</matrix>
                                <node id="node-Bone035" name="Bone035">
                                  <matrix>0.9640256 0.1841629 -0.1916737 0.05975628 -0.2622839 0.7761135 -0.573458 -5.96046e-8 0.0431506 0.603101 0.7964968 -5.96046e-8 0 0 0 1</matrix>
                                  <node id="node-Bone036" name="Bone036">
                                    <matrix>0.8694143 0.01521912 -0.4938493 0.05263555 -0.02966297 0.9993309 -0.0214242 0 0.4931929 0.03327523 0.8692836 -5.96046e-8 0 0 0 1</matrix>
                                  </node>
                                </node>
                              </node>
                            </node>
                          </node>
                        </node>
                      </node>
                    </node>
                    <node id="node-Bone037" name="Bone037">
                      <matrix>-0.03296199 2.08616e-7 0.9994566 0.2221857 -0.99898 -0.03087518 -0.03294635 0.004512459 0.03085843 -0.9995234 0.001017869 0.05774581 0 0 0 1</matrix>
                      <node id="node-Bone038" name="Bone038">
                        <matrix>0.8929765 -0.1232728 0.4328945 0.04459445 0.1165006 0.9922912 0.0422515 8.9407e-8 -0.434766 0.01270285 0.9004542 -1.19209e-7 0 0 0 1</matrix>
                        <node id="node-Bone039" name="Bone039">
                          <matrix>0.8104644 -0.3801517 0.4456804 0.05171019 0.2161753 0.9012179 0.3755988 2.98023e-8 -0.5444399 -0.2080643 0.8125845 -1.66893e-6 0 0 0 1</matrix>
                          <node id="node-Bone040" name="Bone040">
                            <matrix>0.9648311 -0.1429276 0.2206183 0.0662533 0.07894534 0.9580725 0.2754363 0 -0.2507358 -0.2483326 0.9356615 5.96046e-8 0 0 0 1</matrix>
                            <node id="node-Bone041" name="Bone041">
                              <matrix>0.9759559 0.1838065 -0.1171584 0.07592785 -0.216068 0.7449555 -0.6311549 1.78814e-7 -0.02873251 0.6412933 0.7667581 0 0 0 0 1</matrix>
                              <node id="node-Bone042" name="Bone042">
                                <matrix>0.9450259 0.2399527 -0.2221448 0.05424106 -0.3174697 0.8360454 -0.4474816 5.96046e-8 0.07834879 0.4934064 0.8662629 2.98023e-7 0 0 0 1</matrix>
                                <node id="node-Bone043" name="Bone043">
                                  <matrix>0.7633407 0.4381692 -0.4746784 0.1070513 -0.446745 -0.1726973 -0.8778355 -5.96046e-8 -0.4666157 0.8821474 0.06392273 1.19209e-7 0 0 0 1</matrix>
                                </node>
                              </node>
                            </node>
                          </node>
                        </node>
                      </node>
                    </node>
                    <node id="node-Bone055" name="Bone055">
                      <matrix>-0.09140567 2.23517e-7 0.9958143 0.2017385 -0.9919923 -0.08752593 -0.09105493 0.01348102 0.08715952 -0.9961623 0.008000553 0.06964707 0 0 0 1</matrix>
                      <node id="node-Bone056" name="Bone056">
                        <matrix>0.7861557 -0.1194354 0.6063781 0.07249781 0.08782183 0.9927816 0.08168432 3.8743e-7 -0.6117567 -0.01096335 0.7909698 -1.19209e-7 0 0 0 1</matrix>
                        <node id="node-Bone057" name="Bone057">
                          <matrix>0.9220535 0.282224 0.2648902 0.062585 -0.1853494 0.9227368 -0.3379383 -3.57628e-7 -0.3397979 0.2625001 0.9031228 2.38419e-7 0 0 0 1</matrix>
                          <node id="node-Bone058" name="Bone058">
                            <matrix>0.9331157 0.3402687 0.1162441 0.06108946 -0.1721811 0.7066321 -0.6863126 0 -0.3156724 0.6203943 0.717957 1.19209e-7 0 0 0 1</matrix>
                            <node id="node-Bone059" name="Bone059">
                              <matrix>0.9435688 -0.2433106 -0.2246737 0.07517004 0.2279499 -0.01498591 0.9735573 7.45058e-8 -0.2402438 -0.9698328 0.04132229 -5.96046e-8 0 0 0 1</matrix>
                              <node id="node-Bone060" name="Bone060">
                                <matrix>0.8586498 -0.1722088 -0.4827677 0.08048642 0.465779 0.655285 0.5946856 1.19209e-7 0.2139405 -0.73549 0.6428717 -1.19209e-7 0 0 0 1</matrix>
                              </node>
                            </node>
                          </node>
                        </node>
                      </node>
                    </node>
                    <node id="node-Bone061" name="Bone061">
                      <matrix>-0.2765531 6.10948e-7 0.9609985 0.1766737 -0.937687 -0.2189246 -0.2698442 0.0138644 0.2103861 -0.975742 0.06054476 0.08004999 0 0 0 1</matrix>
                      <node id="node-Bone062" name="Bone062">
                        <matrix>0.8800434 0.0314892 0.4738474 0.06630632 -0.02342631 0.9994629 -0.02291055 8.9407e-8 -0.4743144 0.009061754 0.8803087 -1.90735e-6 0 0 0 1</matrix>
                        <node id="node-Bone063" name="Bone063">
                          <matrix>0.8984271 0.4092896 0.1590954 0.05577612 -0.2856669 0.8199126 -0.4961224 0 -0.333502 0.4002815 0.8535522 0 0 0 0 1</matrix>
                          <node id="node-Bone064" name="Bone064">
                            <matrix>0.8136281 0.4382423 -0.3820378 0.05538905 -0.1488503 -0.4781921 -0.8655491 -2.23517e-8 -0.562008 0.7611018 -0.3238379 -1.19209e-7 0 0 0 1</matrix>
                            <node id="node-Bone065" name="Bone065">
                              <matrix>0.8752896 0.08609428 -0.4758735 0.05682147 -0.3054108 0.8613696 -0.4059145 0 0.3749559 0.5006298 0.780242 1.49012e-8 0 0 0 1</matrix>
                            </node>
                          </node>
                        </node>
                      </node>
                    </node>
                    <node id="node-Bone077" name="Bone077">
                      <matrix>-0.01158965 7.15256e-7 0.9999329 0.137599 -0.8724389 -0.4886189 -0.0101116 0.03142533 0.4885862 -0.8724976 0.005663455 0.0596832 0 0 0 1</matrix>
                      <node id="node-Bone078" name="Bone078">
                        <matrix>0.7043356 -0.4953953 0.5084243 0.06178027 0.3977997 0.8686489 0.2953046 5.06639e-7 -0.5879345 -0.005742416 0.8088884 4.36306e-5 0 0 0 1</matrix>
                        <node id="node-Bone079" name="Bone079">
                          <matrix>0.7459561 -0.6548734 0.1212058 0.1102706 0.4237671 0.6071163 0.6721835 0 -0.5137813 -0.4500563 0.7303956 1.19209e-7 0 0 0 1</matrix>
                          <node id="node-Bone080" name="Bone080">
                            <matrix>0.8926533 0.2532578 0.3728679 0.1663147 -0.1483835 0.9462287 -0.2874603 5.96046e-8 -0.4256199 0.201275 0.8822338 5.96046e-8 0 0 0 1</matrix>
                            <node id="node-Bone081" name="Bone081">
                              <matrix>0.9320753 0.1246797 -0.340132 0.137991 -0.1721553 -0.673667 -0.7187042 5.96046e-8 -0.3187435 0.7284417 -0.6064443 -1.49012e-8 0 0 0 1</matrix>
                            </node>
                          </node>
                        </node>
                      </node>
                    </node>
                    <node id="node-Bone066" name="Bone066">
                      <matrix>-0.2908011 -2.38419e-7 0.9567834 0.1378931 -0.9335831 0.2188805 -0.2837497 0.009998903 -0.2094211 -0.9757516 -0.06365094 -0.07983372 0 0 0 1</matrix>
                      <node id="node-Bone067" name="Bone067">
                        <matrix>0.7965989 0.4133026 0.4411482 0.081056 -0.3324227 0.9090159 -0.2513689 -2.98023e-8 -0.5049019 0.05359232 0.8615118 -3.21865e-6 0 0 0 1</matrix>
                        <node id="node-Bone068" name="Bone068">
                          <matrix>0.9018514 0.4028898 0.1560252 0.06413406 -0.2337512 0.7587149 -0.6080389 -2.68221e-7 -0.3633517 0.5118901 0.7784241 2.38419e-7 0 0 0 1</matrix>
                          <node id="node-Bone069" name="Bone069">
                            <matrix>0.999895 0.01424572 0.002566993 0.08350694 -0.01418545 0.9996532 -0.02217156 -2.98023e-8 -0.002881974 0.02213275 0.9997507 0 0 0 0 1</matrix>
                            <node id="node-Bone070" name="Bone070">
                              <matrix>0.9643174 -0.1502271 0.2179987 0.0828957 0.09696232 0.966611 0.2371961 0 -0.2463527 -0.2075951 0.946686 0 0 0 0 1</matrix>
                              <node id="node-Bone071" name="Bone071">
                                <matrix>0.9585638 -0.1121205 0.2618872 0.06400168 0.0354937 0.9591345 0.2807152 7.45058e-9 -0.2826593 -0.2597879 0.9233711 5.96046e-8 0 0 0 1</matrix>
                                <node id="node-Bone072" name="Bone072">
                                  <matrix>0.964076 -0.03288302 -0.2635827 0.07497585 0.2330034 -0.3717678 0.8986085 0 -0.1275404 -0.927743 -0.3507508 0 0 0 0 1</matrix>
                                </node>
                              </node>
                            </node>
                          </node>
                        </node>
                      </node>
                    </node>
                    <node id="node-Bone073" name="Bone073">
                      <matrix>-0.2925557 1.49012e-7 0.9562489 0.0924896 -0.954704 0.05680942 -0.2920833 -0.0307889 -0.05432395 -0.9983851 -0.01661977 -0.07006145 0 0 0 1</matrix>
                      <node id="node-Bone074" name="Bone074">
                        <matrix>0.6387706 0.4660809 0.6121607 0.0586165 -0.2161335 0.8722983 -0.4386138 0 -0.7384158 0.147865 0.657934 0 0 0 0 1</matrix>
                        <node id="node-Bone075" name="Bone075">
                          <matrix>0.9669389 -0.2549823 -0.003659725 0.08270764 0.2245849 0.8446918 0.4858576 -1.49012e-8 -0.1207937 -0.4706161 0.8740307 0 0 0 0 1</matrix>
                          <node id="node-Bone076" name="Bone076">
                            <matrix>0.9027886 -0.3799327 -0.201553 0.1038883 0.1286855 -0.2085411 0.9695105 -2.98023e-8 -0.4103808 -0.9011999 -0.1393765 -5.96046e-8 0 0 0 1</matrix>
                          </node>
                        </node>
                      </node>
                    </node>
                    <node id="node-Bone082" name="Bone082">
                      <matrix>-0.3110904 3.72529e-7 0.9503804 0.09530377 -0.9488456 -0.05680678 -0.310588 -0.03142175 0.05398794 -0.9983854 0.01767236 0.06847608 0 0 0 1</matrix>
                      <node id="node-Bone083" name="Bone083">
                        <matrix>0.6710567 -0.4341135 0.6010228 0.05861519 0.1827009 0.8824793 0.4334169 2.08616e-7 -0.7185423 -0.18104 0.6715066 4.76837e-6 0 0 0 1</matrix>
                        <node id="node-Bone084" name="Bone084">
                          <matrix>0.9794419 0.1983212 0.03691372 0.08271182 -0.1548231 0.8563238 -0.492687 0 -0.1293204 0.4768435 0.869424 1.78814e-7 0 0 0 1</matrix>
                          <node id="node-Bone085" name="Bone085">
                            <matrix>0.9224285 0.3760583 -0.08778419 0.1038883 -0.1378097 0.1082106 -0.9845294 -1.19209e-7 -0.3607414 0.9202556 0.151641 -1.19209e-7 0 0 0 1</matrix>
                            <node id="node-Bone086" name="Bone086">
                              <matrix>0.9832616 0.04322943 -0.1769952 0.1096958 -0.123718 0.8715613 -0.4744205 2.08616e-7 0.1337534 0.4883771 0.8623211 0 0 0 0 1</matrix>
                            </node>
                          </node>
                        </node>
                      </node>
                    </node>
                  </node>
                </node>
                <node id="node-Bip001_backpack_01" name="Bip001_backpack_01">
                  <matrix>-0.9792179 0.202802 -0.0019788 0.2016007 -0.2027961 -0.9792171 -0.002801955 -0.08787817 -0.002505913 -0.002342448 0.9999942 4.17233e-7 0 0 0 1</matrix>
                  <node id="node-Bip001_rope_01" name="Bip001_rope_01">
                    <matrix>0.9500332 -0.3097463 -0.03864782 0.4241185 -0.295591 -0.9325069 0.2075002 0.08793366 -0.1003119 -0.1857081 -0.977471 0.09922141 0 0 0 1</matrix>
                    <node id="node-Bip001_rope_02" name="Bip001_rope_02">
                      <matrix>0.9978651 0.06031723 -0.02504104 0.09589291 0.06092101 -0.9978518 0.02409242 8.33869e-5 -0.02353403 -0.02556653 -0.9993961 2.16067e-6 0 0 0 1</matrix>
                      <node id="node-Bip001_rope_03" name="Bip001_rope_03">
                        <matrix>0.9781297 0.0189278 -0.2071325 0.104867 -0.0516769 0.98674 -0.1538622 -1.02401e-4 0.2014737 0.1612011 0.9661381 -0.001042724 0 0 0 1</matrix>
                      </node>
                    </node>
                  </node>
                  <node id="node-Bip001_Xtra17" name="Bip001_Xtra17">
                    <matrix>-0.04419926 -0.7063961 -0.7064354 0.1551487 0.9990226 -0.03164938 -0.03085794 0.112457 -5.60328e-4 -0.7071089 0.7071046 6.87987e-5 0 0 0 1</matrix>
                    <node id="node-Bip001_Xtra18" name="Bip001_Xtra18">
                      <matrix>1 0 0 0.02474689 5.96046e-8 1 3.27826e-7 -2.2471e-5 0 -3.27826e-7 0.9999999 -5.96046e-8 0 0 0 1</matrix>
                    </node>
                    <node id="node-Bip001_Xtra19" name="Bip001_Xtra19">
                      <matrix>0.9999993 -7.96348e-4 7.98821e-4 0.0290457 -7.96348e-4 -0.9999996 -1.50502e-6 0.02995092 7.98792e-4 8.9407e-7 -0.9999996 -7.49826e-5 0 0 0 1</matrix>
                    </node>
                    <node id="node-Bip001_Xtra20" name="Bip001_Xtra20">
                      <matrix>0.9999917 -0.003981054 7.89106e-4 0.0288974 0.003981084 0.999992 6.30319e-6 -0.03234422 -7.89151e-4 -3.11434e-6 0.9999996 -7.51019e-5 0 0 0 1</matrix>
                    </node>
                  </node>
                  <node id="node-Bip001_Xtra01" name="Bip001_Xtra01">
                    <matrix>0.9981051 -0.06068921 0.01014829 0.2139946 0.06067657 0.9981563 0.001537606 0.05373991 -0.01022296 -9.1894e-4 0.9999474 0.1710363 0 0 0 1</matrix>
                  </node>
                  <node id="node-Bip001_Xtra01Opp" name="Bip001_Xtra01Opp">
                    <matrix>0.9984868 -0.05466184 0.006013289 0.213994 0.05465645 0.9985048 0.00104107 0.05373979 -0.006061152 -7.10875e-4 0.9999813 -0.1722647 0 0 0 1</matrix>
                  </node>
                </node>
                <node id="node-Bip001_L_Clavicle" name="Bip001_L_Clavicle">
                  <matrix sid="matrix">-0.04358676 -6.86586e-4 0.9990494 0.1406268 0.5060617 -0.8622296 0.02148601 0.02467197 0.8613952 0.5065171 0.03792927 0.05035804 0 0 0 1</matrix>
                  <node id="node-Bip001_L_UpperArm" name="Bip001_L_UpperArm">
                    <matrix sid="matrix">0.3161558 0.1757463 0.932287 0.17644 -0.6798708 0.7273543 0.09344275 0 -0.6616806 -0.6633773 0.349442 1.19209e-7 0 0 0 1</matrix>
                    <node id="node-Bip001_L_Forearm" name="Bip001_L_Forearm">
                      <matrix sid="matrix">0.7756879 0.6311167 0 0.302225 -0.6311166 0.7756878 -3.72529e-9 -2.98023e-8 5.21541e-8 -7.45058e-8 0.9999999 -1.49012e-8 0 0 0 1</matrix>
                      <node id="node-Bip001_L_Hand" name="Bip001_L_Hand">
                        <matrix sid="matrix">0.960887 -0.2484631 0.12232 0.3035221 0.2065449 0.9371787 0.2811323 0 -0.1844867 -0.2448718 0.9518416 1.49012e-8 0 0 0 1</matrix>
                        <node id="node-Bip001_L_Finger0" name="Bip001_L_Finger0">
                          <matrix sid="matrix">0.1185445 0.9897059 0.08017817 0.01779097 0.985429 -0.1073438 -0.1319332 0.01367187 -0.1219685 0.09464911 -0.9880104 -0.02770385 0 0 0 1</matrix>
                          <node id="node-Bip001_L_Finger01" name="Bip001_L_Finger01">
                            <matrix sid="matrix">0.4970008 -0.8186636 0.2877153 0.05085599 0.7099068 0.5742711 0.4077315 0 -0.4990214 0.0016082 0.8665881 1.49012e-8 0 0 0 1</matrix>
                            <node id="node-Bip001_L_Finger02" name="Bip001_L_Finger02">
                              <matrix sid="matrix">0.3904719 -0.8907108 0.2327362 0.03437001 0.7773172 0.4544367 0.4350464 0 -0.4932645 0.01103655 0.8698095 -1.49012e-8 0 0 0 1</matrix>
                            </node>
                          </node>
                        </node>
                        <node id="node-Bip001_L_Finger1" name="Bip001_L_Finger1">
                          <matrix sid="matrix">0.395495 -0.8931078 0.2143403 0.08567598 0.9045557 0.3382843 -0.2595046 -0.005999804 0.1592573 0.2965156 0.9416556 -0.02973521 0 0 0 1</matrix>
                          <node id="node-Bip001_L_Finger11" name="Bip001_L_Finger11">
                            <matrix sid="matrix">0.2243403 -0.9745109 0 0.05795395 0.9745109 0.2243402 7.45058e-9 1.49012e-8 -7.77654e-8 -5.96046e-8 1 0 0 0 0 1</matrix>
                            <node id="node-Bip001_L_Finger12" name="Bip001_L_Finger12">
                              <matrix sid="matrix">0.3096061 -0.9508649 1.76951e-8 0.03285101 0.950865 0.309606 2.98023e-8 -5.96046e-8 -2.98023e-8 2.98023e-8 0.9999999 -1.49012e-8 0 0 0 1</matrix>
                            </node>
                          </node>
                        </node>
                        <node id="node-Bip001_L_Finger2" name="Bip001_L_Finger2">
                          <matrix sid="matrix">0.3569103 -0.9335597 0.03289011 0.09032303 0.9177505 0.3438635 -0.1987265 -0.01052219 0.1742125 0.1011126 0.979503 -0.005256623 0 0 0 1</matrix>
                          <node id="node-Bip001_L_Finger21" name="Bip001_L_Finger21">
                            <matrix sid="matrix">0.2177795 -0.9756403 -0.02642021 0.05795389 0.9721284 0.2192448 -0.0830548 4.47035e-8 0.08682416 -0.007596254 0.9961947 -4.47035e-8 0 0 0 1</matrix>
                            <node id="node-Bip001_L_Finger22" name="Bip001_L_Finger22">
                              <matrix sid="matrix">0.3647371 -0.9302984 -0.03888279 0.041481 0.9270535 0.3667253 -0.07800171 -5.96046e-8 0.08682418 -0.007596254 0.9961947 0 0 0 0 1</matrix>
                            </node>
                          </node>
                        </node>
                        <node id="node-Bip001_L_Finger3" name="Bip001_L_Finger3">
                          <matrix sid="matrix">0.4902346 -0.8475991 -0.2030885 0.08558699 0.8302437 0.5250406 -0.1871591 -0.009840608 0.2652652 -0.07686102 0.9611073 0.02070284 0 0 0 1</matrix>
                          <node id="node-Bip001_L_Finger31" name="Bip001_L_Finger31">
                            <matrix sid="matrix">0.3651555 -0.8966072 -0.2505138 0.05795407 0.8983554 0.4099529 -0.1577852 1.49012e-8 0.2441703 -0.1674343 0.9551684 2.98023e-8 0 0 0 1</matrix>
                            <node id="node-Bip001_L_Finger32" name="Bip001_L_Finger32">
                              <matrix sid="matrix">0.366877 -0.899806 -0.2361154 0.03192705 0.8938248 0.4113078 -0.1786142 5.96046e-8 0.2578343 -0.1455163 0.9551684 0 0 0 0 1</matrix>
                            </node>
                          </node>
                        </node>
                        <node id="node-Bip001_L_Finger4" name="Bip001_L_Finger4">
                          <matrix sid="matrix">0.6563567 -0.7414922 -0.1392334 0.08973399 0.7179207 0.6705787 -0.1868527 -0.004826903 0.2319169 0.02268439 0.9724715 0.04668486 0 0 0 1</matrix>
                          <node id="node-Bip001_L_Finger41" name="Bip001_L_Finger41">
                            <matrix sid="matrix">0.7415781 -0.6677218 -0.06487964 0.03496796 0.665181 0.7444108 -0.05819577 0 0.08715573 2.98023e-8 0.9961948 -1.49012e-8 0 0 0 1</matrix>
                            <node id="node-Bip001_L_Finger42" name="Bip001_L_Finger42">
                              <matrix sid="matrix">0.8125075 -0.5786005 -0.07108521 0.0220499 0.5763988 0.8156111 -0.05042832 2.98023e-8 0.0871557 -1.49012e-8 0.9961947 0 0 0 0 1</matrix>
                            </node>
                          </node>
                        </node>
                      </node>
                    </node>
                    <node id="node-Bip001_L_ForeTwist" name="Bip001_L_ForeTwist">
                      <matrix sid="matrix">0.7756879 0.5988992 -0.1990681 0.302225 -0.6311166 0.7360901 -0.244669 -2.98023e-8 5.21541e-8 0.3154219 0.9489515 -1.49012e-8 0 0 0 1</matrix>
                      <node id="node-Bip001_L_ForeTwist1" name="Bip001_L_ForeTwist1">
                        <matrix sid="matrix">1 -2.98023e-8 -1.49012e-8 0.101174 2.98023e-8 0.9489515 -0.3154221 0 -2.98023e-8 0.315422 0.9489515 0 0 0 0 1</matrix>
                        <node id="node-Bip001_L_ForeTwist2" name="Bip001_L_ForeTwist2">
                          <matrix sid="matrix">1 -2.98023e-8 0 0.101174 0 0.9489516 -0.3154221 5.96046e-8 0 0.3154221 0.9489516 0 0 0 0 1</matrix>
                        </node>
                      </node>
                    </node>
                  </node>
                  <node id="node-Bip001_LUpArmTwist" name="Bip001_LUpArmTwist">
