<?xml version="1.0" encoding="utf-8"?>
<COLLADA xmlns="http://www.collada.org/2005/11/COLLADASchema" version="1.4.1">
  <asset>
    <contributor>
      <author>Setsu</author>
      <authoring_tool>OpenCOLLADA for 3ds Max;  Version: 1.3.1;  Revision: 847M;  Platform: x64;  Configuration: Release_Max2012_static</authoring_tool>
      <source_data>file:///D:/_Work/webgl/models/man/animation/harpoon/wpn_harpoon_attack9.max</source_data>
    </contributor>
    <created>2012-09-04T14:27:30</created>
    <modified>2012-09-04T14:27:30</modified>
    <unit name="meter" meter="1"/>
    <up_axis>Z_UP</up_axis>
  </asset>
  <library_geometries>
    <geometry id="geom-Line001" name="Line001">
      <spline closed="0">
        <source id="geom-Line001-positions">
          <float_array id="geom-Line001-positions-array" count="21">1.155697 0.8408581 1.536583 0.2190984 1.207732 1.902505 -1.315959 0.6135856 2.095799 -0.9327776 -2.059208 1.887435 0.5811684 -2.793642 1.419947 2.406688 -1.636757 0.7770734 0.7576126 0.3800927 0.6596484</float_array>
          <technique_common>
            <accessor source="#geom-Line001-positions-array" count="7" stride="3">
              <param name="X" type="float"/>
              <param name="Y" type="float"/>
              <param name="Z" type="float"/>
            </accessor>
          </technique_common>
        </source>
        <source id="geom-Line001-intangents">
          <float_array id="geom-Line001-intangents-array" count="21">1.155697 0.8408581 1.536583 0.4371298 1.221884 1.809302 -1.149276 1.044499 2.07236 -2.125449 -0.9097269 2.145405 0.1601566 -2.758919 1.588991 2.200107 -2.476642 0.8960071 1.842947 -0.09230095 0.6187629</float_array>
          <technique_common>
            <accessor source="#geom-Line001-intangents-array" count="7" stride="3">
              <param name="X" type="float"/>
              <param name="Y" type="float"/>
              <param name="Z" type="float"/>
            </accessor>
          </technique_common>
        </source>
        <source id="geom-Line001-outtangents">
          <float_array id="geom-Line001-outtangents-array" count="21">0.8772378 1.051357 1.687328 -0.2048301 1.448933 1.995707 -1.454328 0.2312519 2.108445 -0.3473873 -2.576675 1.748722 1.304366 -2.844623 1.188982 2.535203 -0.7846318 0.6579046 0.7576126 0.3800927 0.6596484</float_array>
          <technique_common>
            <accessor source="#geom-Line001-outtangents-array" count="7" stride="3">
              <param name="X" type="float"/>
              <param name="Y" type="float"/>
              <param name="Z" type="float"/>
            </accessor>
          </technique_common>
        </source>
        <source id="geom-Line001-interpolations">
          <Name_array id="geom-Line001-interpolations-array" count="7">BEZIER BEZIER BEZIER BEZIER BEZIER BEZIER BEZIER</Name_array>
          <technique_common>
            <accessor source="#geom-Line001-interpolations-array" count="7" stride="1">
              <param name="INTERPOLATION" type="name"/>
            </accessor>
          </technique_common>
        </source>
        <control_vertices>
          <input semantic="POSITION" source="#geom-Line001-positions"/>
          <input semantic="IN_TANGENT" source="#geom-Line001-intangents"/>
          <input semantic="OUT_TANGENT" source="#geom-Line001-outtangents"/>
          <input semantic="INTERPOLATION" source="#geom-Line001-interpolations"/>
        </control_vertices>
      </spline>
    </geometry>
  </library_geometries>
  <library_lights>
    <light id="EnvironmentAmbientLight" name="EnvironmentAmbientLight">
      <technique_common>
        <ambient>
          <color>0.019608 0.019608 0.019608</color>
        </ambient>
      </technique_common>
    </light>
  </library_lights>
  <library_visual_scenes>
    <visual_scene id="MaxScene">
      <node name="EnvironmentAmbientLight">
        <instance_light url="#EnvironmentAmbientLight"/>
      </node>
      <node id="node-Bip001" name="Bip001">
        <matrix sid="matrix">0.9655366 -0.2602672 -4.19095e-9 -0.2565584 0.2602259 0.9653831 -0.01783047 -1.49012e-8 0.004640691 0.01721597 0.999841 0.8547439 0 0 0 1</matrix>
        <node id="node-Bip001_Pelvis" name="Bip001_Pelvis">
          <matrix sid="matrix">-3.46918e-7 0.9659263 0.2588176 0.02135117 0.03367056 -0.2586708 0.9653786 0.01791579 0.999433 0.00871487 -0.03252319 0 0 0 0 1</matrix>
          <node id="node-Bip001_Spine" name="Bip001_Spine">
            <matrix sid="matrix">0.9972404 -0.008729073 0.07372577 0.1062347 0.02789171 0.9643673 -0.2630925 0.0165107 -0.06880217 0.2644228 0.9619494 7.17951e-4 0 0 0 1</matrix>
            <node id="node-Bip001_Spine1" name="Bip001_Spine1">
              <matrix sid="matrix">0.9678702 -0.1884922 0.1664269 0.1646588 0.1844495 0.9820451 0.03956562 -1.28776e-4 -0.1708966 -0.00759703 0.9852597 1.01328e-6 0 0 0 1</matrix>
              <node id="node-Bip001_Spine2" name="Bip001_Spine2">
                <matrix sid="matrix">0.8711868 -0.4551775 0.1839758 0.1646936 0.4404099 0.8901582 0.1168667 -1.16676e-4 -0.2169626 -0.02078797 0.9759587 2.68221e-6 0 0 0 1</matrix>
                <node id="node-Bip001_Neck" name="Bip001_Neck">
                  <matrix sid="matrix">0.9802767 -0.187136 0.06354129 0.1743734 0.1933145 0.97478 -0.1115061 -0.007501721 -0.04107195 0.1215902 0.9917302 -7.39098e-6 0 0 0 1</matrix>
                  <node id="node-Bip001_Head" name="Bip001_Head">
                    <matrix sid="matrix">0.864536 0.1607278 0.4761768 0.08448005 -0.4555926 -0.1493408 0.8775721 0.03011215 0.2121628 -0.9756353 -0.05588404 5.96046e-8 0 0 0 1</matrix>
                    <node id="node-Bip001_AngryBrowR" name="Bip001_AngryBrowR">
                      <matrix>0.0018121 -0.9852682 0.1710073 0.1354002 0.9995395 -0.003395677 -0.03015608 0.1043412 0.03029252 0.1709833 0.9848082 -0.01978302 0 0 0 1</matrix>
                    </node>
                    <node id="node-Bip001_SillyBrowL" name="Bip001_SillyBrowL">
                      <matrix>-0.004057318 -0.9597188 -0.280933 0.134617 0.7867898 0.1703331 -0.5932523 0.08548474 0.6172076 -0.2234422 0.754406 0.05988091 0 0 0 1</matrix>
                    </node>
                    <node id="node-Bip001_SillyBrowR" name="Bip001_SillyBrowR">
                      <matrix>-0.004056938 -0.9597205 0.2809278 0.134617 0.7867938 0.1703288 0.5932484 0.08548513 -0.6172028 0.223439 0.754411 -0.05988044 0 0 0 1</matrix>
                    </node>
                    <node id="node-Bip001_jaw" name="Bip001_jaw">
                      <matrix>0.3710408 -0.9275405 -0.04469155 0.07394218 0.8026185 0.3445303 -0.4869316 0.01053742 0.4670465 0.1448011 0.8722961 -1.20997e-5 0 0 0 1</matrix>
                      <node id="node-Bip001_lowerLipL" name="Bip001_lowerLipL">
                        <matrix>-0.8336915 -0.3554322 -0.4226422 0.107451 0.3746175 -0.9263142 0.0400489 -0.0348357 -0.405734 -0.1249408 0.9054113 0.009654492 0 0 0 1</matrix>
                      </node>
                      <node id="node-Bip001_lowerLipR" name="Bip001_lowerLipR">
                        <matrix>0.7819585 1.71643e-6 -0.6233305 0.1074492 -0.6233306 -4.03821e-6 -0.7819585 -0.03484023 -3.8445e-6 0.9999999 -2.02656e-6 -0.009658962 0 0 0 1</matrix>
                      </node>
                    </node>
                    <node id="node-Bip001_upperLipL" name="Bip001_upperLipL">
                      <matrix>-8.19564e-7 -6.25849e-6 -1 0.04530883 1 2.86847e-6 -7.15256e-7 0.116103 2.89828e-6 -1 6.19888e-6 0.009555221 0 0 0 1</matrix>
                    </node>
                    <node id="node-Bip001_upperLipR" name="Bip001_upperLipR">
                      <matrix>-8.19564e-7 -1.17421e-5 1 0.04530871 0.9999999 -2.66731e-6 7.15256e-7 0.1161031 2.66731e-6 1 1.17123e-5 -0.009554625 0 0 0 1</matrix>
                    </node>
                    <node id="node-Bip001_AngryBrowL" name="Bip001_AngryBrowL">
                      <matrix>0.001812071 -0.9852673 -0.1710128 0.1354001 0.9995396 -0.003394902 0.03015058 0.1043412 -0.03028696 -0.1709886 0.9848074 0.01978356 0 0 0 1</matrix>
                    </node>
                    <node id="node-Bone050" name="Bone050">
                      <matrix>-0.2718078 -4.17233e-7 0.9623519 0.176674 -0.9409114 0.2099089 -0.2657521 0.01386482 -0.202006 -0.9777211 -0.05705521 -0.080042 0 0 0 1</matrix>
                      <node id="node-Bone051" name="Bone051">
                        <matrix>0.8727056 -0.0677289 0.4835261 0.06664181 0.04994022 0.9975201 0.04958959 0 -0.4856858 -0.01912969 0.873924 1.19209e-7 0 0 0 1</matrix>
                        <node id="node-Bone052" name="Bone052">
                          <matrix>0.9062542 -0.388685 0.1662163 0.05545187 0.2715809 0.8366386 0.4756895 0 -0.323956 -0.3859543 0.8637664 -1.19209e-7 0 0 0 1</matrix>
                          <node id="node-Bone053" name="Bone053">
                            <matrix>0.818351 -0.4357322 -0.3747521 0.05517268 0.1430369 -0.4771263 0.8671163 -7.45058e-9 -0.5566343 -0.763209 -0.3281313 0 0 0 0 1</matrix>
                            <node id="node-Bone054" name="Bone054">
                              <matrix>0.8138615 -0.1123602 -0.5700921 0.05649638 0.4602882 0.7234694 0.5145157 -5.96046e-8 0.3546331 -0.6811512 0.6405219 2.98023e-8 0 0 0 1</matrix>
                            </node>
                          </node>
                        </node>
                      </node>
                    </node>
                    <node id="node-Bone044" name="Bone044">
                      <matrix>-0.09140615 -3.8743e-7 0.9958137 0.2017385 -0.9919919 0.08753212 -0.09105524 0.01348135 -0.08716564 -0.9961616 -0.008001357 -0.06964707 0 0 0 1</matrix>
                      <node id="node-Bone045" name="Bone045">
                        <matrix>0.7861627 0.1194515 0.6063656 0.07249829 -0.08783492 0.9927796 -0.08169395 2.98023e-7 -0.611746 0.01096463 0.7909783 -1.43051e-6 0 0 0 1</matrix>
                        <node id="node-Bone046" name="Bone046">
                          <matrix>0.9278778 -0.2364843 0.288303 0.06258804 0.1528029 0.9464128 0.2845247 -1.78814e-7 -0.3401392 -0.2199506 0.9142909 4.17233e-6 0 0 0 1</matrix>
                          <node id="node-Bone047" name="Bone047">
                            <matrix>0.9307666 -0.3523222 0.09768254 0.06108761 0.1767301 0.6674464 0.7233816 2.98023e-8 -0.3200613 -0.6560363 0.683503 -2.38419e-7 0 0 0 1</matrix>
                            <node id="node-Bone048" name="Bone048">
                              <matrix>0.9457324 0.2373301 -0.2219569 0.07517123 -0.2279812 -0.002116416 -0.9736634 0 -0.2315491 0.9714268 0.05210525 0 0 0 0 1</matrix>
                              <node id="node-Bone049" name="Bone049">
                                <matrix>0.8586523 0.1722122 -0.4827631 0.08048499 -0.4657757 0.6552924 -0.5946811 -1.19209e-7 0.2139394 0.7354832 0.6428802 -2.98023e-8 0 0 0 1</matrix>
                              </node>
                            </node>
                          </node>
                        </node>
                      </node>
                    </node>
                    <node id="node-Bone014" name="Bone014">
                      <matrix>-0.02865489 -2.98023e-7 0.999589 0.2221859 -0.9993564 0.02160657 -0.02864823 0.004512727 -0.02159771 -0.9997667 -6.19411e-4 -0.05774587 0 0 0 1</matrix>
                      <node id="node-Bone015" name="Bone015">
                        <matrix>0.8968284 0.1569262 0.4136093 0.04459426 -0.1405922 0.9876003 -0.06985626 0 -0.4194428 0.004498839 0.9077709 -3.8147e-6 0 0 0 1</matrix>
                        <node id="node-Bone016" name="Bone016">
                          <matrix>0.8073795 0.3848707 0.4472286 0.05171207 -0.2289693 0.9029424 -0.3636864 1.78814e-7 -0.5437937 0.1912311 0.8171406 0 0 0 0 1</matrix>
                          <node id="node-Bone017" name="Bone017">
                            <matrix>0.9567487 0.1163464 0.2666372 0.06625271 -0.06016743 0.9758648 -0.2099229 5.96046e-8 -0.284626 0.1848007 0.9406573 0 0 0 0 1</matrix>
                            <node id="node-Bone018" name="Bone018">
                              <matrix>0.9759619 -0.1837634 -0.1171754 0.07592642 0.2160518 0.7450929 0.6309978 1.19209e-7 -0.02864777 -0.6411461 0.7668843 -4.52995e-6 0 0 0 1</matrix>
                              <node id="node-Bone019" name="Bone019">
                                <matrix>0.9469508 -0.1838324 -0.2636099 0.05424249 0.2948284 0.8233756 0.4849015 -5.96046e-8 0.1279092 -0.5368977 0.8338951 0 0 0 0 1</matrix>
                                <node id="node-Bone020" name="Bone020">
                                  <matrix>0.7088869 -0.5135252 -0.4834985 0.10705 0.4797028 -0.1515179 0.8642495 -1.49012e-8 -0.5170729 -0.8445908 0.1389304 0 0 0 0 1</matrix>
                                </node>
                              </node>
                            </node>
                          </node>
                        </node>
                      </node>
                    </node>
                    <node id="node-Bone006" name="Bone006">
                      <matrix>0.1961011 -8.9407e-8 0.980584 0.2309458 -0.97891 0.05840612 0.1957663 0.03429446 -0.05727211 -0.998293 0.01145342 -0.02691716 0 0 0 1</matrix>
                      <node id="node-Bone007" name="Bone007">
                        <matrix>0.9117423 -0.01410426 0.4105207 0.04605407 0.01401883 0.9998967 0.003218502 0 -0.4105237 0.002820581 0.9118454 0 0 0 0 1</matrix>
                        <node id="node-Bone008" name="Bone008">
                          <matrix>0.9392015 0.1158517 0.3232316 0.04755573 -0.1007924 0.9929101 -0.06300741 0 -0.3282396 0.02659735 0.9442202 0 0 0 0 1</matrix>
                          <node id="node-Bone009" name="Bone009">
                            <matrix>0.9081647 5.73479e-4 0.4186125 0.05169478 -3.70651e-4 0.9999999 -5.65708e-4 5.96046e-8 -0.4186129 3.58552e-4 0.9081649 -2.38419e-7 0 0 0 1</matrix>
                            <node id="node-Bone010" name="Bone010">
                              <matrix>0.9252816 -0.277404 0.2586524 0.06606352 0.1212467 0.8625092 0.4913012 -1.19209e-7 -0.3593791 -0.4232312 0.8316981 1.19209e-7 0 0 0 1</matrix>
                              <node id="node-Bone011" name="Bone011">
                                <matrix>0.9589168 -0.2158547 -0.1840783 0.06010854 0.2631018 0.4340236 0.8616267 1.19209e-7 -0.1060918 -0.8746601 0.4729846 0 0 0 0 1</matrix>
                                <node id="node-Bone012" name="Bone012">
                                  <matrix>0.966953 -0.1915677 -0.1682376 0.05975711 0.2547095 0.7547972 0.6044862 8.9407e-7 0.01118541 -0.6273612 0.7786477 -1.19209e-7 0 0 0 1</matrix>
                                  <node id="node-Bone013" name="Bone013">
                                    <matrix>0.8543546 -0.001355767 -0.5196888 0.05263519 0.002830267 0.9999942 0.002043992 -1.19209e-7 0.5196829 -0.003217101 0.8543532 4.17233e-7 0 0 0 1</matrix>
                                  </node>
                                </node>
                              </node>
                            </node>
                          </node>
                        </node>
                      </node>
                    </node>
                    <node id="node-Bone021" name="Bone021">
                      <matrix>0.4470657 -1.19209e-7 0.8945012 0.2271242 -0.8945011 6.32554e-6 0.4470657 0.0507583 -5.76675e-6 -1 2.66731e-6 5.96046e-8 0 0 0 1</matrix>
                      <node id="node-Bone022" name="Bone022">
                        <matrix>0.906424 5.00679e-6 0.4223689 0.03557789 -5.62519e-6 1 2.38419e-7 0 -0.4223688 -2.5779e-6 0.9064241 0 0 0 0 1</matrix>
                        <node id="node-Bone023" name="Bone023">
                          <matrix>0.9613261 -9.38773e-7 0.2754121 0.04570848 9.46224e-7 1 2.98023e-7 5.96046e-8 -0.2754122 2.98023e-8 0.9613261 0 0 0 0 1</matrix>
                          <node id="node-Bone024" name="Bone024">
                            <matrix>0.8313265 -1.68756e-6 0.5557857 0.05609787 1.16229e-6 1 1.2815e-6 5.96046e-8 -0.5557857 -3.57628e-7 0.8313265 -2.02656e-6 0 0 0 1</matrix>
                            <node id="node-Bone025" name="Bone025">
                              <matrix>0.9055952 -1.49012e-8 0.424142 0.06339753 2.98023e-8 0.9999999 -2.98023e-8 5.96046e-8 -0.424142 -2.98023e-8 0.9055952 7.15256e-7 0 0 0 1</matrix>
                              <node id="node-Bone026" name="Bone026">
                                <matrix>0.9644742 1.10567e-5 0.2641778 0.06756556 -9.23872e-7 0.9999999 -3.85046e-5 -5.96046e-8 -0.2641778 3.68804e-5 0.9644742 8.9407e-7 0 0 0 1</matrix>
                                <node id="node-Bone027" name="Bone027">
                                  <matrix>0.9817942 -1.13249e-6 -0.1899465 0.07909274 9.77516e-6 0.9999999 4.48227e-5 0 0.1899466 -4.58807e-5 0.9817942 -4.76837e-7 0 0 0 1</matrix>
                                  <node id="node-Bone028" name="Bone028">
                                    <matrix>0.9998926 2.08616e-6 0.01466203 0.07343221 -1.90735e-6 0.9999999 -1.03712e-5 0 -0.01466203 1.03563e-5 0.9998925 5.96046e-8 0 0 0 1</matrix>
                                  </node>
                                </node>
                              </node>
                            </node>
                          </node>
                        </node>
                      </node>
                    </node>
                    <node id="node-Bone029" name="Bone029">
                      <matrix>0.1961011 -1.78814e-7 0.9805839 0.2309458 -0.9789099 -0.05839983 0.1957663 0.03429428 0.05726585 -0.9982935 -0.01145232 0.02691686 0 0 0 1</matrix>
                      <node id="node-Bone030" name="Bone030">
                        <matrix>0.9117723 0.01410468 0.4104536 0.04605377 -0.01401948 0.9998963 -0.003217489 -1.78814e-7 -0.4104564 -0.0028207 0.9118758 -4.05312e-6 0 0 0 1</matrix>
                        <node id="node-Bone031" name="Bone031">
                          <matrix>0.9391772 -0.1158523 0.3233027 0.04755455 0.1007911 0.992911 0.06300679 0 -0.32831 -0.02658841 0.9441956 1.19209e-7 0 0 0 1</matrix>
                          <node id="node-Bone032" name="Bone032">
                            <matrix>0.9038533 0.04105057 0.4258698 0.05169511 -0.02617575 0.9988275 -0.04072469 -2.98023e-8 -0.4270421 0.02566159 0.903868 1.19209e-7 0 0 0 1</matrix>
                            <node id="node-Bone033" name="Bone033">
                              <matrix>0.9352223 0.2103266 0.2848186 0.06606317 -0.09208229 0.9212397 -0.3779384 2.98023e-8 -0.3418767 0.3272297 0.8809316 -1.19209e-7 0 0 0 1</matrix>
                              <node id="node-Bone034" name="Bone034">
                                <matrix>0.9540269 0.2209558 -0.2025129 0.06010938 -0.2726004 0.3588101 -0.8927172 5.96046e-8 -0.1245871 0.9068816 0.402547 0 0 0 0 1</matrix>
                                <node id="node-Bone035" name="Bone035">
                                  <matrix>0.9640256 0.184163 -0.1916737 0.05975628 -0.2622839 0.7761135 -0.573458 0 0.04315062 0.603101 0.7964969 -7.45058e-8 0 0 0 1</matrix>
                                  <node id="node-Bone036" name="Bone036">
                                    <matrix>0.8694143 0.01521919 -0.4938492 0.05263555 -0.02966289 0.9993308 -0.02142416 -3.35276e-8 0.4931929 0.03327521 0.8692835 -7.45058e-9 0 0 0 1</matrix>
                                  </node>
                                </node>
                              </node>
                            </node>
                          </node>
                        </node>
                      </node>
                    </node>
                    <node id="node-Bone037" name="Bone037">
                      <matrix>-0.03296208 1.19209e-7 0.9994567 0.2221857 -0.99898 -0.03087517 -0.03294638 0.004512429 0.03085839 -0.9995235 0.001017869 0.05774581 0 0 0 1</matrix>
                      <node id="node-Bone038" name="Bone038">
                        <matrix>0.8929763 -0.1232729 0.4328945 0.0445945 0.1165006 0.9922913 0.04225144 2.98023e-8 -0.434766 0.01270282 0.9004541 0 0 0 0 1</matrix>
                        <node id="node-Bone039" name="Bone039">
                          <matrix>0.8104644 -0.3801517 0.4456804 0.05171019 0.2161753 0.9012178 0.3755988 2.98023e-8 -0.5444399 -0.2080643 0.8125845 -1.78814e-6 0 0 0 1</matrix>
                          <node id="node-Bone040" name="Bone040">
                            <matrix>0.9648311 -0.1429277 0.2206184 0.06625336 0.07894536 0.9580725 0.2754363 -1.49012e-8 -0.2507358 -0.2483328 0.9356616 0 0 0 0 1</matrix>
                            <node id="node-Bone041" name="Bone041">
                              <matrix>0.9759559 0.1838065 -0.1171584 0.07592785 -0.216068 0.7449556 -0.6311549 2.08616e-7 -0.02873254 0.6412933 0.7667581 -1.19209e-7 0 0 0 1</matrix>
                              <node id="node-Bone042" name="Bone042">
                                <matrix>0.9450259 0.2399526 -0.2221448 0.05424094 -0.3174698 0.8360453 -0.4474816 5.96046e-8 0.07834879 0.4934064 0.8662628 2.98023e-7 0 0 0 1</matrix>
                                <node id="node-Bone043" name="Bone043">
                                  <matrix>0.7633408 0.438169 -0.4746785 0.1070515 -0.4467451 -0.1726973 -0.8778356 -5.96046e-8 -0.4666158 0.8821477 0.06392264 0 0 0 0 1</matrix>
                                </node>
                              </node>
                            </node>
                          </node>
                        </node>
                      </node>
                    </node>
                    <node id="node-Bone055" name="Bone055">
                      <matrix>-0.09140572 1.78814e-7 0.9958144 0.2017385 -0.9919921 -0.08752595 -0.09105498 0.01348099 0.0871595 -0.9961623 0.008000553 0.06964701 0 0 0 1</matrix>
                      <node id="node-Bone056" name="Bone056">
                        <matrix>0.7861558 -0.1194354 0.6063781 0.07249786 0.08782189 0.9927816 0.08168428 3.8743e-7 -0.6117568 -0.01096341 0.7909697 1.19209e-7 0 0 0 1</matrix>
                        <node id="node-Bone057" name="Bone057">
                          <matrix>0.9220536 0.282224 0.2648901 0.062585 -0.1853494 0.9227368 -0.3379383 -3.57628e-7 -0.3397979 0.2625 0.9031228 1.19209e-7 0 0 0 1</matrix>
                          <node id="node-Bone058" name="Bone058">
                            <matrix>0.9331157 0.3402687 0.1162441 0.06108952 -0.1721811 0.7066321 -0.6863126 0 -0.3156726 0.6203942 0.717957 1.19209e-7 0 0 0 1</matrix>
                            <node id="node-Bone059" name="Bone059">
                              <matrix>0.9435689 -0.2433106 -0.2246737 0.07517004 0.2279499 -0.0149859 0.9735572 5.96046e-8 -0.2402439 -0.9698327 0.04132229 -1.49012e-8 0 0 0 1</matrix>
                              <node id="node-Bone060" name="Bone060">
                                <matrix>0.8586497 -0.1722088 -0.4827678 0.08048642 0.4657789 0.655285 0.5946856 4.47035e-8 0.2139404 -0.7354899 0.6428716 -1.19209e-7 0 0 0 1</matrix>
                              </node>
                            </node>
                          </node>
                        </node>
                      </node>
                    </node>
                    <node id="node-Bone061" name="Bone061">
                      <matrix>-0.2765531 5.36442e-7 0.9609985 0.1766738 -0.937687 -0.2189246 -0.2698443 0.01386437 0.2103862 -0.9757422 0.06054473 0.08004996 0 0 0 1</matrix>
                      <node id="node-Bone062" name="Bone062">
                        <matrix>0.8800434 0.03148922 0.4738474 0.06630632 -0.02342634 0.999463 -0.02291048 0 -0.4743145 0.009061635 0.8803088 -1.90735e-6 0 0 0 1</matrix>
                        <node id="node-Bone063" name="Bone063">
                          <matrix>0.8984269 0.4092896 0.1590954 0.05577606 -0.2856669 0.8199128 -0.4961225 -5.96046e-8 -0.3335019 0.4002815 0.8535522 -1.19209e-7 0 0 0 1</matrix>
                          <node id="node-Bone064" name="Bone064">
                            <matrix>0.8136281 0.4382423 -0.3820378 0.05538893 -0.1488503 -0.478192 -0.8655492 -5.96046e-8 -0.5620081 0.7611018 -0.323838 0 0 0 0 1</matrix>
                            <node id="node-Bone065" name="Bone065">
                              <matrix>0.8752896 0.08609417 -0.4758735 0.05682135 -0.3054108 0.8613694 -0.4059145 0 0.374956 0.5006298 0.780242 2.98023e-8 0 0 0 1</matrix>
                            </node>
                          </node>
                        </node>
                      </node>
                    </node>
                    <node id="node-Bone077" name="Bone077">
                      <matrix>-0.01158964 6.55651e-7 0.9999329 0.1375991 -0.872439 -0.488619 -0.01011164 0.0314253 0.4885862 -0.8724976 0.005663455 0.05968317 0 0 0 1</matrix>
                      <node id="node-Bone078" name="Bone078">
                        <matrix>0.7043356 -0.4953952 0.5084243 0.06178032 0.3977997 0.8686489 0.2953046 4.76837e-7 -0.5879345 -0.00574249 0.8088883 4.3869e-5 0 0 0 1</matrix>
                        <node id="node-Bone079" name="Bone079">
                          <matrix>0.7459559 -0.6548733 0.1212057 0.1102705 0.423767 0.6071162 0.6721834 -5.96046e-8 -0.5137812 -0.4500562 0.7303956 1.19209e-7 0 0 0 1</matrix>
                          <node id="node-Bone080" name="Bone080">
                            <matrix>0.8926535 0.2532578 0.3728679 0.1663148 -0.1483835 0.9462287 -0.2874602 3.72529e-8 -0.4256199 0.2012751 0.8822337 1.19209e-7 0 0 0 1</matrix>
                            <node id="node-Bone081" name="Bone081">
                              <matrix>0.9320753 0.1246798 -0.340132 0.137991 -0.1721553 -0.6736669 -0.7187041 -1.11759e-8 -0.3187434 0.7284418 -0.6064442 0 0 0 0 1</matrix>
                            </node>
                          </node>
                        </node>
                      </node>
                    </node>
                    <node id="node-Bone066" name="Bone066">
                      <matrix>-0.2908011 -2.98023e-7 0.9567835 0.1378931 -0.9335831 0.2188804 -0.2837496 0.009998918 -0.2094212 -0.9757517 -0.06365094 -0.07983375 0 0 0 1</matrix>
                      <node id="node-Bone067" name="Bone067">
                        <matrix>0.7965988 0.4133026 0.4411482 0.08105598 -0.3324228 0.9090158 -0.2513688 0 -0.5049019 0.05359235 0.8615116 -3.09944e-6 0 0 0 1</matrix>
                        <node id="node-Bone068" name="Bone068">
                          <matrix>0.9018514 0.4028897 0.1560252 0.06413406 -0.2337511 0.7587149 -0.608039 -2.38419e-7 -0.3633516 0.5118901 0.7784244 2.38419e-7 0 0 0 1</matrix>
                          <node id="node-Bone069" name="Bone069">
                            <matrix>0.9998949 0.01424578 0.002566904 0.08350682 -0.01418537 0.9996532 -0.02217153 -5.96046e-8 -0.002882093 0.02213269 0.9997508 2.98023e-8 0 0 0 1</matrix>
                            <node id="node-Bone070" name="Bone070">
                              <matrix>0.9643174 -0.150227 0.2179987 0.08289552 0.0969623 0.9666111 0.237196 0 -0.2463527 -0.2075951 0.946686 2.98023e-8 0 0 0 1</matrix>
                              <node id="node-Bone071" name="Bone071">
                                <matrix>0.9585637 -0.1121205 0.2618872 0.0640018 0.03549376 0.9591344 0.2807152 5.96046e-8 -0.2826594 -0.259788 0.9233711 0 0 0 0 1</matrix>
                                <node id="node-Bone072" name="Bone072">
                                  <matrix>0.9640762 -0.03288294 -0.2635828 0.07497573 0.2330035 -0.3717678 0.8986086 0 -0.1275405 -0.9277431 -0.3507508 0 0 0 0 1</matrix>
                                </node>
                              </node>
                            </node>
                          </node>
                        </node>
                      </node>
                    </node>
                    <node id="node-Bone073" name="Bone073">
                      <matrix>-0.2925557 1.49012e-7 0.9562489 0.09248948 -0.954704 0.05680939 -0.2920833 -0.03078887 -0.05432393 -0.998385 -0.01661977 -0.0700615 0 0 0 1</matrix>
                      <node id="node-Bone074" name="Bone074">
                        <matrix>0.6387706 0.466081 0.6121607 0.05861649 -0.2161334 0.8722984 -0.4386137 -5.96046e-8 -0.7384158 0.1478651 0.6579341 -1.19209e-7 0 0 0 1</matrix>
                        <node id="node-Bone075" name="Bone075">
                          <matrix>0.9669389 -0.2549824 -0.003659815 0.08270764 0.2245848 0.8446918 0.4858574 0 -0.1207937 -0.4706161 0.8740308 -5.96046e-8 0 0 0 1</matrix>
                          <node id="node-Bone076" name="Bone076">
                            <matrix>0.9027888 -0.3799327 -0.201553 0.1038883 0.1286854 -0.2085411 0.9695106 0 -0.4103809 -0.9012001 -0.1393765 -5.96046e-8 0 0 0 1</matrix>
                          </node>
                        </node>
                      </node>
                    </node>
                    <node id="node-Bone082" name="Bone082">
                      <matrix>-0.3110904 3.57628e-7 0.9503805 0.09530377 -0.9488456 -0.05680681 -0.310588 -0.03142175 0.05398798 -0.9983854 0.01767236 0.06847608 0 0 0 1</matrix>
                      <node id="node-Bone083" name="Bone083">
                        <matrix>0.6710566 -0.4341135 0.6010228 0.05861518 0.182701 0.8824793 0.4334168 2.38419e-7 -0.7185423 -0.1810399 0.6715066 4.76837e-6 0 0 0 1</matrix>
                        <node id="node-Bone084" name="Bone084">
                          <matrix>0.9794419 0.1983212 0.03691357 0.08271188 -0.1548231 0.8563237 -0.492687 1.49012e-8 -0.1293203 0.4768434 0.8694239 1.19209e-7 0 0 0 1</matrix>
                          <node id="node-Bone085" name="Bone085">
                            <matrix>0.9224285 0.3760583 -0.0877842 0.1038884 -0.1378097 0.1082106 -0.9845296 -5.96046e-8 -0.3607413 0.9202557 0.151641 -1.19209e-7 0 0 0 1</matrix>
                            <node id="node-Bone086" name="Bone086">
                              <matrix>0.9832618 0.04322941 -0.1769953 0.1096957 -0.123718 0.8715613 -0.4744205 2.38419e-7 0.1337534 0.4883772 0.8623212 2.98023e-8 0 0 0 1</matrix>
                            </node>
                          </node>
                        </node>
                      </node>
                    </node>
                  </node>
                </node>
                <node id="node-Bip001_backpack_01" name="Bip001_backpack_01">
                  <matrix>-0.9792178 0.2028019 -0.001978785 0.2016006 -0.2027961 -0.9792169 -0.00280197 -0.08787793 -0.002505898 -0.002342403 0.999994 3.57628e-7 0 0 0 1</matrix>
                  <node id="node-Bip001_rope_01" name="Bip001_rope_01">
                    <matrix>0.9500332 -0.3097465 -0.03864782 0.4241186 -0.2955909 -0.9325069 0.2075002 0.08793366 -0.1003119 -0.1857081 -0.977471 0.09922147 0 0 0 1</matrix>
                    <node id="node-Bip001_rope_02" name="Bip001_rope_02">
                      <matrix>0.997865 0.06031728 -0.02504101 0.09589291 0.0609211 -0.9978518 0.0240924 8.34465e-5 -0.02353403 -0.0255665 -0.999396 2.14577e-6 0 0 0 1</matrix>
                      <node id="node-Bip001_rope_03" name="Bip001_rope_03">
                        <matrix>0.9781298 0.01892787 -0.2071325 0.1048671 -0.0516769 0.9867401 -0.1538622 -1.0252e-4 0.2014737 0.1612012 0.9661381 -0.001042753 0 0 0 1</matrix>
                      </node>
                    </node>
                  </node>
                  <node id="node-Bip001_Xtra17" name="Bip001_Xtra17">
                    <matrix>-0.04419932 -0.7063962 -0.7064355 0.1551489 0.9990225 -0.03164936 -0.03085795 0.112457 -5.60313e-4 -0.7071089 0.7071046 6.8903e-5 0 0 0 1</matrix>
                    <node id="node-Bip001_Xtra18" name="Bip001_Xtra18">
                      <matrix>1 -7.45058e-9 2.98023e-8 0.02474689 0 1 3.05474e-7 -2.24859e-5 -5.96046e-8 -2.90573e-7 1 5.96046e-8 0 0 0 1</matrix>
                    </node>
                    <node id="node-Bip001_Xtra19" name="Bip001_Xtra19">
                      <matrix>0.9999995 -7.96318e-4 7.98851e-4 0.02904594 -7.96393e-4 -0.9999998 -1.53482e-6 0.02995086 7.98702e-4 8.64267e-7 -0.9999998 -7.47442e-5 0 0 0 1</matrix>
                    </node>
                    <node id="node-Bip001_Xtra20" name="Bip001_Xtra20">
                      <matrix>0.9999918 -0.003981084 7.89165e-4 0.02889752 0.003981039 0.9999921 6.31064e-6 -0.03234426 -7.89165e-4 -3.11434e-6 0.9999998 -7.50422e-5 0 0 0 1</matrix>
                    </node>
                  </node>
                  <node id="node-Bip001_Xtra01" name="Bip001_Xtra01">
                    <matrix>0.9981052 -0.06068915 0.01014835 0.2139946 0.06067663 0.9981563 0.001537621 0.05373991 -0.01022293 -9.18984e-4 0.9999474 0.1710363 0 0 0 1</matrix>
                  </node>
                  <node id="node-Bip001_Xtra01Opp" name="Bip001_Xtra01Opp">
                    <matrix>0.9984869 -0.05466175 0.006013274 0.213994 0.05465651 0.9985048 0.001041055 0.05373991 -0.006061196 -7.10845e-4 0.9999815 -0.1722648 0 0 0 1</matrix>
                  </node>
                </node>
                <node id="node-Bip001_L_Clavicle" name="Bip001_L_Clavicle">
                  <matrix sid="matrix">-0.1311724 -7.45028e-4 0.9913592 0.1406266 -0.3498611 -0.935622 -0.04699519 0.02467203 0.9275726 -0.3530026 0.1224671 0.050358 0 0 0 1</matrix>
                  <node id="node-Bip001_L_UpperArm" name="Bip001_L_UpperArm">
                    <matrix sid="matrix">0.8522979 0.3370652 0.3999691 0.1764401 -0.4899398 0.7822262 0.3848134 0 -0.1831591 -0.5239364 0.8318316 1.19209e-7 0 0 0 1</matrix>
                    <node id="node-Bip001_L_Forearm" name="Bip001_L_Forearm">
                      <matrix sid="matrix">0.2012646 0.979537 0 0.3022251 -0.9795368 0.2012646 7.45058e-9 -2.98023e-8 0 5.21541e-8 1 0 0 0 0 1</matrix>
                      <node id="node-Bip001_L_Hand" name="Bip001_L_Hand">
                        <matrix sid="matrix">0.7261937 0.6866394 0.03419052 0.303522 -0.3963091 0.3774645 0.8369347 -5.96046e-8 0.5617665 -0.6213267 0.5462339 0 0 0 0 1</matrix>
                        <node id="node-Bip001_L_Finger0" name="Bip001_L_Finger0">
                          <matrix sid="matrix">0.5808381 0.5421395 0.6072158 0.01779109 0.8047186 -0.2699831 -0.5287123 0.01367187 -0.1226984 0.7957337 -0.5930868 -0.02770376 0 0 0 1</matrix>
                          <node id="node-Bip001_L_Finger01" name="Bip001_L_Finger01">
                            <matrix sid="matrix">0.4970007 -0.8186637 0.2877153 0.05085602 0.7099068 0.574271 0.4077315 0 -0.4990216 0.001608208 0.8665881 0 0 0 0 1</matrix>
                            <node id="node-Bip001_L_Finger02" name="Bip001_L_Finger02">
                              <matrix sid="matrix">0.3904718 -0.8907107 0.2327362 0.03436995 0.7773173 0.4544366 0.4350464 -5.96046e-8 -0.4932644 0.01103655 0.8698096 -5.96046e-8 0 0 0 1</matrix>
                            </node>
                          </node>
                        </node>
                        <node id="node-Bip001_L_Finger1" name="Bip001_L_Finger1">
                          <matrix sid="matrix">0.3954948 -0.8931078 0.2143402 0.08567607 0.9045557 0.3382842 -0.2595046 -0.005999744 0.1592573 0.2965156 0.9416554 -0.02973509 0 0 0 1</matrix>
                          <node id="node-Bip001_L_Finger11" name="Bip001_L_Finger11">
                            <matrix sid="matrix">0.2243401 -0.974511 5.96046e-8 0.05795401 0.974511 0.2243399 -2.98023e-8 0 0 -1.49012e-8 1 -1.19209e-7 0 0 0 1</matrix>
                            <node id="node-Bip001_L_Finger12" name="Bip001_L_Finger12">
                              <matrix sid="matrix">0.3096059 -0.950865 0 0.03285092 0.9508649 0.309606 0 5.96046e-8 -2.04891e-8 2.98023e-8 1 0 0 0 0 1</matrix>
                            </node>
                          </node>
                        </node>
                        <node id="node-Bip001_L_Finger2" name="Bip001_L_Finger2">
                          <matrix sid="matrix">0.2741871 -0.9611139 0.03289008 0.09032309 0.9442276 0.2625678 -0.1987264 -0.01052231 0.1823621 0.0855442 0.9795028 -0.005256534 0 0 0 1</matrix>
                          <node id="node-Bip001_L_Finger21" name="Bip001_L_Finger21">
                            <matrix sid="matrix">0.1319183 -0.9909084 -0.02642033 0.05795401 0.9875375 0.133684 -0.0830549 5.96046e-8 0.08583176 -0.01513454 0.9961947 -2.38419e-7 0 0 0 1</matrix>
                            <node id="node-Bip001_L_Finger22" name="Bip001_L_Finger22">
                              <matrix sid="matrix">0.2822684 -0.9585471 -0.03888273 0.04148102 0.9554881 0.2845317 -0.07800175 -1.19209e-7 0.08583178 -0.0151346 0.9961946 0 0 0 0 1</matrix>
                            </node>
                          </node>
                        </node>
                        <node id="node-Bip001_L_Finger3" name="Bip001_L_Finger3">
                          <matrix sid="matrix">0.2541556 -0.9456 -0.2030886 0.08558702 0.9378443 0.2922675 -0.187159 -0.009840429 0.2363334 -0.1428977 0.9611072 0.02070284 0 0 0 1</matrix>
                          <node id="node-Bip001_L_Finger31" name="Bip001_L_Finger31">
                            <matrix sid="matrix">0.1206539 -0.9605651 -0.2505139 0.05795407 0.9738483 0.1634726 -0.1577853 0 0.192515 -0.224925 0.9551685 0 0 0 0 1</matrix>
                            <node id="node-Bip001_L_Finger32" name="Bip001_L_Finger32">
                              <matrix sid="matrix">0.1214891 -0.9641006 -0.2361154 0.03192699 0.9698228 0.1659541 -0.1786142 -2.98023e-8 0.2113864 -0.2072905 0.9551683 0 0 0 0 1</matrix>
                            </node>
                          </node>
                        </node>
                        <node id="node-Bip001_L_Finger4" name="Bip001_L_Finger4">
                          <matrix sid="matrix">0.4513884 -0.8885984 -0.08149827 0.08973408 0.8801082 0.4584099 -0.1235707 -0.004826963 0.1471647 -0.01594812 0.9889836 0.04668498 0 0 0 1</matrix>
                          <node id="node-Bip001_L_Finger41" name="Bip001_L_Finger41">
                            <matrix sid="matrix">0.5462265 -0.8376375 -4.47035e-8 0.03496799 0.8376375 0.5462265 2.98023e-8 -1.19209e-7 5.96046e-8 -2.98023e-8 1 0 0 0 0 1</matrix>
                            <node id="node-Bip001_L_Finger42" name="Bip001_L_Finger42">
                              <matrix sid="matrix">0.6380669 -0.7699808 0 0.02204996 0.7699808 0.6380669 -2.23517e-8 0 0 -2.98023e-8 1 0 0 0 0 1</matrix>
                            </node>
                          </node>
                        </node>
                      </node>
                    </node>
                    <node id="node-Bip001_L_ForeTwist" name="Bip001_L_ForeTwist">
                      <matrix sid="matrix">0.2012646 0.9693196 -0.1411099 0.3022251 -0.9795368 0.1991652 -0.02899372 -2.98023e-8 0 0.1440579 0.9895693 0 0 0 0 1</matrix>
                      <node id="node-Bip001_L_ForeTwist1" name="Bip001_L_ForeTwist1">
                        <matrix sid="matrix">1 5.58794e-9 2.98023e-8 0.101174 -7.45058e-9 0.9895694 -0.1440578 0 -2.23517e-8 0.1440578 0.9895694 0 0 0 0 1</matrix>
                        <node id="node-Bip001_L_ForeTwist2" name="Bip001_L_ForeTwist2">
                          <matrix sid="matrix">1 -2.98023e-8 0 0.101174 5.58794e-9 0.9895692 -0.1440578 1.19209e-7 7.45058e-9 0.1440578 0.9895692 0 0 0 0 1</matrix>
                        </node>
                      </node>
                    </node>
                  </node>
                  <node id="node-Bip001_LUpArmTwist" name="Bip001_LUpArmTwist">
                    <matrix sid="matrix">0.8522979 0.3370652 0.3999691 0.1764401 -0.4899398 0.7822262 0.3848134 0 -0.1831591 -0.5239364 0.8318316 1.19209e-7 0 0 0 1</matrix>
