<?xml version="1.0" encoding="utf-8"?>
<COLLADA xmlns="http://www.collada.org/2005/11/COLLADASchema" version="1.4.1">
  <asset>
    <contributor>
      <author>Setsu</author>
      <authoring_tool>OpenCOLLADA for 3ds Max;  Version: 1.3.1;  Revision: 847M;  Platform: x64;  Configuration: Release_Max2012_static</authoring_tool>
      <source_data>file:///D:/_Work/webgl/models/man/animation/gun/draw_wpn_gun.max</source_data>
    </contributor>
    <created>2012-09-04T13:50:02</created>
    <modified>2012-09-04T13:50:02</modified>
    <unit name="meter" meter="1"/>
    <up_axis>Z_UP</up_axis>
  </asset>
  <library_lights>
    <light id="EnvironmentAmbientLight" name="EnvironmentAmbientLight">
      <technique_common>
        <ambient>
          <color>0.019608 0.019608 0.019608</color>
        </ambient>
      </technique_common>
    </light>
  </library_lights>
  <library_visual_scenes>
    <visual_scene id="MaxScene">
      <node name="EnvironmentAmbientLight">
        <instance_light url="#EnvironmentAmbientLight"/>
      </node>
      <node id="node-Bip001" name="Bip001">
        <matrix sid="matrix">-0.5723473 0.8200113 -3.72529e-9 -0.0364531 -0.8198809 -0.5722563 -0.01783047 -0.009825243 -0.01462119 -0.01020522 0.999841 0.9622645 0 0 0 1</matrix>
        <node id="node-Bip001_Pelvis" name="Bip001_Pelvis">
          <matrix sid="matrix">-0.04494381 0.9659261 0.2548857 -0.02786902 -0.1344771 -0.258671 0.9565591 2.08616e-6 0.9898969 0.008715119 0.1415206 -4.07517e-4 0 0 0 1</matrix>
          <node id="node-Bip001_Spine" name="Bip001_Spine">
            <matrix sid="matrix">0.9710113 0.2386639 -0.01328847 0.1044576 -0.2366626 0.9520823 -0.193727 0.01651238 -0.03358391 0.1912559 0.9809653 0.01916344 0 0 0 1</matrix>
            <node id="node-Bip001_Spine1" name="Bip001_Spine1">
              <matrix sid="matrix">0.970449 0.2413 0.001837634 0.1646024 -0.2406791 0.968445 -0.06471379 -1.26928e-4 -0.01739505 0.06235914 0.9979022 -8.17329e-6 0 0 0 1</matrix>
              <node id="node-Bip001_Spine2" name="Bip001_Spine2">
                <matrix sid="matrix">0.991286 -0.1167985 0.06090924 0.1646494 0.120318 0.991056 -0.05771953 -1.29879e-4 -0.05362289 0.06454492 0.9964729 -8.44896e-6 0 0 0 1</matrix>
                <node id="node-Bip001_Neck" name="Bip001_Neck">
                  <matrix sid="matrix">0.9548235 0.1493532 0.256916 0.174353 -0.0987215 0.9748482 -0.1998132 -0.007501781 -0.2802968 0.1654232 0.9455522 -1.00285e-5 0 0 0 1</matrix>
                  <node id="node-Bip001_Head" name="Bip001_Head">
                    <matrix sid="matrix">0.9881394 0.1422262 -0.0579 0.08448005 -0.153457 0.9284042 -0.3384033 0.03011227 0.005624771 0.3432748 0.9392182 1.19209e-7 0 0 0 1</matrix>
                    <node id="node-Bip001_AngryBrowR" name="Bip001_AngryBrowR">
                      <matrix>0.001812071 -0.9852682 0.1710073 0.1354002 0.9995395 -0.003395706 -0.0301561 0.1043412 0.03029251 0.1709832 0.9848082 -0.01978299 0 0 0 1</matrix>
                    </node>
                    <node id="node-Bip001_SillyBrowL" name="Bip001_SillyBrowL">
                      <matrix>-0.004057139 -0.9597188 -0.280933 0.1346171 0.78679 0.1703332 -0.5932521 0.08548468 0.6172074 -0.2234422 0.7544061 0.05988091 0 0 0 1</matrix>
                    </node>
                    <node id="node-Bip001_SillyBrowR" name="Bip001_SillyBrowR">
                      <matrix>-0.004056782 -0.9597205 0.2809277 0.134617 0.7867937 0.1703287 0.5932484 0.08548492 -0.6172028 0.2234389 0.754411 -0.05988045 0 0 0 1</matrix>
                    </node>
                    <node id="node-Bip001_jaw" name="Bip001_jaw">
                      <matrix>0.3710407 -0.9275407 -0.04469167 0.07394218 0.8026185 0.3445305 -0.4869317 0.01053733 0.4670466 0.1448011 0.8722959 -1.20625e-5 0 0 0 1</matrix>
                      <node id="node-Bip001_lowerLipL" name="Bip001_lowerLipL">
                        <matrix>-0.8336916 -0.3554321 -0.4226423 0.1074511 0.3746174 -0.926314 0.04004896 -0.0348357 -0.4057343 -0.1249408 0.9054113 0.009654522 0 0 0 1</matrix>
                      </node>
                      <node id="node-Bip001_lowerLipR" name="Bip001_lowerLipR">
                        <matrix>0.7819586 1.75834e-6 -0.6233305 0.1074493 -0.6233305 -4.08292e-6 -0.7819584 -0.03484017 -3.93391e-6 1 -2.08616e-6 -0.009658992 0 0 0 1</matrix>
                      </node>
                    </node>
                    <node id="node-Bip001_upperLipL" name="Bip001_upperLipL">
                      <matrix>1.19209e-7 -6.47083e-6 -1 0.04530895 1 3.11621e-6 2.38419e-7 0.1161031 3.14228e-6 -1 6.40564e-6 0.009555258 0 0 0 1</matrix>
                    </node>
                    <node id="node-Bip001_upperLipR" name="Bip001_upperLipR">
                      <matrix>2.38419e-7 -1.20085e-5 1 0.04530883 1 -2.43261e-6 -2.38419e-7 0.1161031 2.40281e-6 1 1.19507e-5 -0.00955461 0 0 0 1</matrix>
                    </node>
                    <node id="node-Bip001_AngryBrowL" name="Bip001_AngryBrowL">
                      <matrix>0.00181213 -0.9852673 -0.1710128 0.1354003 0.9995397 -0.003394902 0.0301506 0.1043411 -0.03028697 -0.1709887 0.9848074 0.01978356 0 0 0 1</matrix>
                    </node>
                    <node id="node-Bone050" name="Bone050">
                      <matrix>-0.2718078 -3.8743e-7 0.962352 0.1766741 -0.9409115 0.2099089 -0.2657521 0.01386482 -0.2020061 -0.977721 -0.05705521 -0.080042 0 0 0 1</matrix>
                      <node id="node-Bone051" name="Bone051">
                        <matrix>0.8727056 -0.06772891 0.4835262 0.06664181 0.04994022 0.9975203 0.04958957 0 -0.4856858 -0.01912967 0.873924 1.19209e-7 0 0 0 1</matrix>
                        <node id="node-Bone052" name="Bone052">
                          <matrix>0.9062543 -0.3886849 0.1662162 0.05545175 0.2715809 0.8366387 0.4756894 2.98023e-8 -0.3239559 -0.3859544 0.8637663 -8.9407e-8 0 0 0 1</matrix>
                          <node id="node-Bone053" name="Bone053">
                            <matrix>0.8183509 -0.4357321 -0.3747523 0.05517268 0.143037 -0.4771263 0.8671163 0 -0.5566344 -0.7632089 -0.3281313 1.49012e-8 0 0 0 1</matrix>
                            <node id="node-Bone054" name="Bone054">
                              <matrix>0.8138615 -0.1123603 -0.5700921 0.05649626 0.4602882 0.7234694 0.5145158 -1.49012e-8 0.3546331 -0.681151 0.6405218 0 0 0 0 1</matrix>
                            </node>
                          </node>
                        </node>
                      </node>
                    </node>
                    <node id="node-Bone044" name="Bone044">
                      <matrix>-0.09140623 -3.78117e-7 0.9958137 0.2017385 -0.9919921 0.08753214 -0.09105521 0.01348132 -0.08716563 -0.9961617 -0.008001354 -0.06964707 0 0 0 1</matrix>
                      <node id="node-Bone045" name="Bone045">
                        <matrix>0.7861625 0.1194515 0.6063657 0.07249832 -0.08783491 0.9927795 -0.08169392 2.68221e-7 -0.611746 0.01096465 0.7909783 -1.43051e-6 0 0 0 1</matrix>
                        <node id="node-Bone046" name="Bone046">
                          <matrix>0.9278777 -0.2364843 0.2883031 0.06258798 0.1528029 0.9464127 0.2845247 -1.22935e-7 -0.3401393 -0.2199506 0.9142909 4.05312e-6 0 0 0 1</matrix>
                          <node id="node-Bone047" name="Bone047">
                            <matrix>0.9307665 -0.3523222 0.09768242 0.06108749 0.1767301 0.6674464 0.7233816 2.98023e-8 -0.3200614 -0.6560364 0.683503 -8.9407e-8 0 0 0 1</matrix>
                            <node id="node-Bone048" name="Bone048">
                              <matrix>0.9457324 0.2373301 -0.221957 0.07517123 -0.2279812 -0.002116367 -0.9736635 -5.96046e-8 -0.2315491 0.9714268 0.05210523 -1.49012e-8 0 0 0 1</matrix>
                              <node id="node-Bone049" name="Bone049">
                                <matrix>0.8586521 0.1722122 -0.4827631 0.08048487 -0.4657755 0.6552923 -0.5946812 -1.19209e-7 0.2139395 0.7354833 0.6428801 0 0 0 0 1</matrix>
                              </node>
                            </node>
                          </node>
                        </node>
                      </node>
                    </node>
                    <node id="node-Bone014" name="Bone014">
                      <matrix>-0.02865499 -3.00817e-7 0.9995891 0.2221859 -0.9993564 0.02160658 -0.02864823 0.004512668 -0.02159768 -0.9997666 -6.19428e-4 -0.05774582 0 0 0 1</matrix>
                      <node id="node-Bone015" name="Bone015">
                        <matrix>0.8968284 0.1569262 0.4136094 0.04459435 -0.1405922 0.9876003 -0.06985629 1.49012e-8 -0.4194428 0.004498862 0.907771 -3.8147e-6 0 0 0 1</matrix>
                        <node id="node-Bone016" name="Bone016">
                          <matrix>0.8073794 0.3848706 0.4472286 0.05171192 -0.2289694 0.9029423 -0.3636864 1.3411e-7 -0.5437935 0.1912311 0.8171406 1.78814e-7 0 0 0 1</matrix>
                          <node id="node-Bone017" name="Bone017">
                            <matrix>0.9567486 0.1163465 0.2666372 0.06625271 -0.06016746 0.9758648 -0.209923 0 -0.284626 0.1848008 0.9406571 1.49012e-8 0 0 0 1</matrix>
                            <node id="node-Bone018" name="Bone018">
                              <matrix>0.9759617 -0.1837635 -0.1171754 0.0759263 0.2160518 0.7450929 0.6309978 1.78814e-7 -0.02864771 -0.6411461 0.7668843 -4.51505e-6 0 0 0 1</matrix>
                              <node id="node-Bone019" name="Bone019">
                                <matrix>0.9469508 -0.1838324 -0.2636099 0.05424237 0.2948284 0.8233756 0.4849015 -4.47035e-8 0.1279092 -0.5368975 0.8338951 -8.9407e-8 0 0 0 1</matrix>
                                <node id="node-Bone020" name="Bone020">
                                  <matrix>0.7088869 -0.5135252 -0.4834985 0.1070502 0.4797029 -0.1515178 0.8642493 -2.98023e-8 -0.5170728 -0.8445908 0.1389304 1.49012e-8 0 0 0 1</matrix>
                                </node>
                              </node>
                            </node>
                          </node>
                        </node>
                      </node>
                    </node>
                    <node id="node-Bone006" name="Bone006">
                      <matrix>0.196101 -3.53903e-8 0.9805841 0.2309458 -0.9789099 0.0584061 0.1957663 0.03429455 -0.05727208 -0.998293 0.01145346 -0.0269171 0 0 0 1</matrix>
                      <node id="node-Bone007" name="Bone007">
                        <matrix>0.9117423 -0.01410429 0.4105207 0.04605401 0.01401884 0.9998968 0.003218499 5.58794e-9 -0.4105236 0.002820564 0.9118456 0 0 0 0 1</matrix>
                        <node id="node-Bone008" name="Bone008">
                          <matrix>0.9392017 0.1158517 0.3232318 0.04755569 -0.1007923 0.9929104 -0.06300744 7.45058e-9 -0.3282396 0.02659745 0.9442203 0 0 0 0 1</matrix>
                          <node id="node-Bone009" name="Bone009">
                            <matrix>0.9081649 5.73486e-4 0.4186127 0.05169475 -3.70678e-4 0.9999999 -5.65729e-4 7.45058e-9 -0.4186128 3.58587e-4 0.9081649 -5.96046e-8 0 0 0 1</matrix>
                            <node id="node-Bone010" name="Bone010">
                              <matrix>0.9252816 -0.277404 0.2586523 0.0660634 0.1212467 0.8625091 0.4913012 -8.19564e-8 -0.359379 -0.4232312 0.8316981 8.9407e-8 0 0 0 1</matrix>
                              <node id="node-Bone011" name="Bone011">
                                <matrix>0.9589166 -0.2158549 -0.1840783 0.0601083 0.2631018 0.4340237 0.8616266 8.9407e-8 -0.1060917 -0.87466 0.4729845 2.98023e-8 0 0 0 1</matrix>
                                <node id="node-Bone012" name="Bone012">
                                  <matrix>0.966953 -0.1915677 -0.1682376 0.05975723 0.2547094 0.7547972 0.6044864 8.34465e-7 0.01118527 -0.6273615 0.7786475 -1.78814e-7 0 0 0 1</matrix>
                                  <node id="node-Bone013" name="Bone013">
                                    <matrix>0.8543545 -0.001355708 -0.5196889 0.05263507 0.002830179 0.9999942 0.002044052 0 0.519683 -0.003217161 0.8543534 3.57628e-7 0 0 0 1</matrix>
                                  </node>
                                </node>
                              </node>
                            </node>
                          </node>
                        </node>
                      </node>
                    </node>
                    <node id="node-Bone021" name="Bone021">
                      <matrix>0.4470657 -1.47149e-7 0.8945012 0.2271243 -0.8945012 6.32554e-6 0.4470656 0.0507583 -5.72111e-6 -1 2.69711e-6 1.19209e-7 0 0 0 1</matrix>
                      <node id="node-Bone022" name="Bone022">
                        <matrix>0.906424 4.99096e-6 0.4223688 0.03557789 -5.61774e-6 1 2.44007e-7 -1.49012e-8 -0.4223689 -2.5928e-6 0.906424 -1.19209e-7 0 0 0 1</matrix>
                        <node id="node-Bone023" name="Bone023">
                          <matrix>0.961326 -9.55537e-7 0.2754122 0.04570848 9.16421e-7 1 2.61702e-7 -1.49012e-8 -0.2754121 -3.72529e-9 0.9613261 0 0 0 0 1</matrix>
                          <node id="node-Bone024" name="Bone024">
                            <matrix>0.8313265 -1.69687e-6 0.5557857 0.05609787 1.1865e-6 1 1.27021e-6 1.49012e-8 -0.5557857 -3.96743e-7 0.8313264 -2.14577e-6 0 0 0 1</matrix>
                            <node id="node-Bone025" name="Bone025">
                              <matrix>0.9055952 0 0.4241419 0.06339765 1.86265e-9 1 -2.79397e-9 7.45058e-9 -0.424142 -1.62981e-9 0.9055953 6.85453e-7 0 0 0 1</matrix>
                              <node id="node-Bone026" name="Bone026">
                                <matrix>0.9644743 1.10548e-5 0.2641778 0.06756556 -9.16421e-7 1 -3.8499e-5 7.45058e-9 -0.2641778 3.68841e-5 0.9644743 8.64267e-7 0 0 0 1</matrix>
                                <node id="node-Bone027" name="Bone027">
                                  <matrix>0.9817942 -1.13621e-6 -0.1899467 0.07909274 9.82918e-6 0.9999999 4.48283e-5 0 0.1899466 -4.5877e-5 0.9817941 -4.76837e-7 0 0 0 1</matrix>
                                  <node id="node-Bone028" name="Bone028">
                                    <matrix>0.9998926 2.06009e-6 0.01466203 0.07343221 -1.90735e-6 1 -1.03721e-5 0 -0.01466206 1.03405e-5 0.9998927 5.96046e-8 0 0 0 1</matrix>
                                  </node>
                                </node>
                              </node>
                            </node>
                          </node>
                        </node>
                      </node>
                    </node>
                    <node id="node-Bone029" name="Bone029">
                      <matrix>0.1961011 -1.04308e-7 0.9805839 0.2309459 -0.97891 -0.05839983 0.1957663 0.03429431 0.05726585 -0.9982933 -0.01145236 0.02691686 0 0 0 1</matrix>
                      <node id="node-Bone030" name="Bone030">
                        <matrix>0.9117723 0.01410466 0.4104535 0.04605377 -0.01401946 0.9998965 -0.003217559 -5.96046e-8 -0.4104564 -0.002820656 0.9118759 -3.93391e-6 0 0 0 1</matrix>
                        <node id="node-Bone031" name="Bone031">
                          <matrix>0.9391772 -0.1158523 0.3233027 0.04755449 0.1007911 0.9929111 0.06300679 1.49012e-8 -0.3283097 -0.02658845 0.9441955 1.19209e-7 0 0 0 1</matrix>
                          <node id="node-Bone032" name="Bone032">
                            <matrix>0.9038532 0.04105057 0.4258696 0.05169523 -0.02617575 0.9988275 -0.04072463 -7.45058e-9 -0.4270421 0.02566158 0.9038679 5.96046e-8 0 0 0 1</matrix>
                            <node id="node-Bone033" name="Bone033">
                              <matrix>0.9352224 0.2103268 0.2848186 0.06606317 -0.09208236 0.9212399 -0.3779385 0 -0.3418767 0.3272297 0.8809316 0 0 0 0 1</matrix>
                              <node id="node-Bone034" name="Bone034">
                                <matrix>0.9540268 0.2209558 -0.2025129 0.06010938 -0.2726004 0.3588102 -0.8927174 2.98023e-8 -0.1245873 0.9068815 0.4025471 2.98023e-8 0 0 0 1</matrix>
                                <node id="node-Bone035" name="Bone035">
                                  <matrix>0.9640255 0.184163 -0.1916737 0.05975628 -0.2622841 0.7761134 -0.573458 -5.96046e-8 0.04315063 0.603101 0.7964969 0 0 0 0 1</matrix>
                                  <node id="node-Bone036" name="Bone036">
                                    <matrix>0.8694143 0.01521914 -0.4938492 0.05263567 -0.02966295 0.9993307 -0.02142411 0 0.4931928 0.03327531 0.8692833 -1.19209e-7 0 0 0 1</matrix>
                                  </node>
                                </node>
                              </node>
                            </node>
                          </node>
                        </node>
                      </node>
                    </node>
                    <node id="node-Bone037" name="Bone037">
                      <matrix>-0.03296205 1.67638e-7 0.9994568 0.2221857 -0.9989802 -0.03087517 -0.03294641 0.00451237 0.0308584 -0.9995236 0.00101788 0.05774581 0 0 0 1</matrix>
                      <node id="node-Bone038" name="Bone038">
                        <matrix>0.8929764 -0.1232729 0.4328945 0.04459447 0.1165006 0.9922913 0.04225145 5.96046e-8 -0.4347661 0.01270287 0.9004542 0 0 0 0 1</matrix>
                        <node id="node-Bone039" name="Bone039">
                          <matrix>0.8104646 -0.3801517 0.4456805 0.05171013 0.2161753 0.9012179 0.3755988 7.45058e-9 -0.5444399 -0.2080643 0.8125846 -1.66893e-6 0 0 0 1</matrix>
                          <node id="node-Bone040" name="Bone040">
                            <matrix>0.9648311 -0.1429276 0.2206183 0.06625354 0.07894537 0.9580725 0.2754362 -2.98023e-8 -0.2507356 -0.2483327 0.9356615 5.96046e-8 0 0 0 1</matrix>
                            <node id="node-Bone041" name="Bone041">
                              <matrix>0.9759558 0.1838065 -0.1171584 0.07592785 -0.2160679 0.7449556 -0.6311548 1.19209e-7 -0.02873258 0.6412933 0.766758 0 0 0 0 1</matrix>
                              <node id="node-Bone042" name="Bone042">
                                <matrix>0.9450258 0.2399527 -0.2221448 0.05424106 -0.3174697 0.8360453 -0.4474815 2.23517e-8 0.07834888 0.4934064 0.8662627 3.27826e-7 0 0 0 1</matrix>
                                <node id="node-Bone043" name="Bone043">
                                  <matrix>0.7633407 0.438169 -0.4746783 0.1070514 -0.4467451 -0.1726973 -0.8778356 -5.96046e-8 -0.4666157 0.8821475 0.06392281 0 0 0 0 1</matrix>
                                </node>
                              </node>
                            </node>
                          </node>
                        </node>
                      </node>
                    </node>
                    <node id="node-Bone055" name="Bone055">
                      <matrix>-0.09140584 1.93715e-7 0.9958144 0.2017385 -0.9919924 -0.08752596 -0.09105501 0.0134809 0.08715952 -0.9961624 0.008000558 0.06964707 0 0 0 1</matrix>
                      <node id="node-Bone056" name="Bone056">
                        <matrix>0.7861558 -0.1194354 0.6063781 0.07249796 0.08782188 0.9927816 0.08168433 3.8743e-7 -0.6117569 -0.01096335 0.7909697 0 0 0 0 1</matrix>
                        <node id="node-Bone057" name="Bone057">
                          <matrix>0.9220534 0.282224 0.2648901 0.06258488 -0.1853493 0.9227368 -0.3379383 -3.27826e-7 -0.3397979 0.2625 0.9031227 8.9407e-8 0 0 0 1</matrix>
                          <node id="node-Bone058" name="Bone058">
                            <matrix>0.9331157 0.3402686 0.1162442 0.06108952 -0.172181 0.7066321 -0.6863127 0 -0.3156724 0.6203942 0.717957 1.19209e-7 0 0 0 1</matrix>
                            <node id="node-Bone059" name="Bone059">
                              <matrix>0.9435687 -0.2433106 -0.2246738 0.07516992 0.2279501 -0.0149859 0.9735573 5.96046e-8 -0.2402437 -0.9698328 0.04132229 1.49012e-8 0 0 0 1</matrix>
                              <node id="node-Bone060" name="Bone060">
                                <matrix>0.8586496 -0.1722087 -0.4827677 0.08048642 0.4657789 0.6552851 0.5946858 5.96046e-8 0.2139404 -0.7354898 0.6428715 -1.78814e-7 0 0 0 1</matrix>
                              </node>
                            </node>
                          </node>
                        </node>
                      </node>
                    </node>
                    <node id="node-Bone061" name="Bone061">
                      <matrix>-0.2765531 5.66244e-7 0.9609986 0.1766738 -0.9376869 -0.2189246 -0.2698443 0.01386434 0.2103861 -0.9757422 0.06054477 0.08005001 0 0 0 1</matrix>
                      <node id="node-Bone062" name="Bone062">
                        <matrix>0.8800435 0.03148921 0.4738474 0.06630623 -0.02342635 0.999463 -0.02291049 5.96046e-8 -0.4743144 0.009061739 0.8803087 -2.02656e-6 0 0 0 1</matrix>
                        <node id="node-Bone063" name="Bone063">
                          <matrix>0.898427 0.4092896 0.1590955 0.05577612 -0.2856669 0.8199126 -0.4961223 -2.98023e-8 -0.3335019 0.4002815 0.8535521 2.98023e-8 0 0 0 1</matrix>
                          <node id="node-Bone064" name="Bone064">
                            <matrix>0.813628 0.4382422 -0.3820377 0.05538893 -0.1488503 -0.4781921 -0.8655491 0 -0.5620079 0.7611017 -0.323838 0 0 0 0 1</matrix>
                            <node id="node-Bone065" name="Bone065">
                              <matrix>0.8752896 0.08609422 -0.4758735 0.05682135 -0.3054108 0.8613695 -0.4059146 1.49012e-8 0.374956 0.5006299 0.780242 1.19209e-7 0 0 0 1</matrix>
                            </node>
                          </node>
                        </node>
                      </node>
                    </node>
                    <node id="node-Bone077" name="Bone077">
                      <matrix>-0.01158968 6.55651e-7 0.9999329 0.1375992 -0.8724389 -0.488619 -0.01011154 0.0314253 0.4885861 -0.8724976 0.005663481 0.05968322 0 0 0 1</matrix>
                      <node id="node-Bone078" name="Bone078">
                        <matrix>0.7043356 -0.4953953 0.5084244 0.06178027 0.3977997 0.8686491 0.2953046 5.36442e-7 -0.5879345 -0.005742421 0.8088884 4.36306e-5 0 0 0 1</matrix>
                        <node id="node-Bone079" name="Bone079">
                          <matrix>0.7459561 -0.6548733 0.1212058 0.1102704 0.4237671 0.6071162 0.6721835 0 -0.5137812 -0.4500563 0.7303956 1.19209e-7 0 0 0 1</matrix>
                          <node id="node-Bone080" name="Bone080">
                            <matrix>0.8926533 0.2532578 0.3728679 0.1663148 -0.1483835 0.9462286 -0.2874602 0 -0.4256198 0.2012751 0.8822337 8.9407e-8 0 0 0 1</matrix>
                            <node id="node-Bone081" name="Bone081">
                              <matrix>0.9320754 0.1246799 -0.3401321 0.1379911 -0.1721554 -0.673667 -0.7187043 2.98023e-8 -0.3187434 0.7284418 -0.6064443 -5.96046e-8 0 0 0 1</matrix>
                            </node>
                          </node>
                        </node>
                      </node>
                    </node>
                    <node id="node-Bone066" name="Bone066">
                      <matrix>-0.2908011 -2.6077e-7 0.9567835 0.1378932 -0.9335831 0.2188804 -0.2837498 0.009998858 -0.2094211 -0.9757516 -0.06365094 -0.07983375 0 0 0 1</matrix>
                      <node id="node-Bone067" name="Bone067">
                        <matrix>0.796599 0.4133027 0.4411482 0.08105588 -0.3324228 0.909016 -0.2513689 -2.98023e-8 -0.5049019 0.05359237 0.8615116 -2.98023e-6 0 0 0 1</matrix>
                        <node id="node-Bone068" name="Bone068">
                          <matrix>0.9018515 0.4028898 0.1560252 0.064134 -0.2337512 0.758715 -0.608039 -2.38419e-7 -0.3633517 0.51189 0.7784243 2.68221e-7 0 0 0 1</matrix>
                          <node id="node-Bone069" name="Bone069">
                            <matrix>0.999895 0.01424581 0.002566865 0.08350682 -0.01418531 0.9996531 -0.02217142 -1.19209e-7 -0.002882034 0.02213267 0.9997508 0 0 0 0 1</matrix>
                            <node id="node-Bone070" name="Bone070">
                              <matrix>0.9643176 -0.150227 0.2179987 0.08289576 0.09696245 0.9666111 0.2371961 0 -0.2463529 -0.2075951 0.9466861 0 0 0 0 1</matrix>
                              <node id="node-Bone071" name="Bone071">
                                <matrix>0.9585639 -0.1121205 0.2618873 0.06400168 0.03549382 0.9591345 0.2807153 -2.98023e-8 -0.2826594 -0.259788 0.9233712 0 0 0 0 1</matrix>
                                <node id="node-Bone072" name="Bone072">
                                  <matrix>0.9640762 -0.03288293 -0.2635826 0.07497585 0.2330033 -0.3717678 0.8986086 -2.98023e-8 -0.1275403 -0.927743 -0.3507507 1.19209e-7 0 0 0 1</matrix>
                                </node>
                              </node>
                            </node>
                          </node>
                        </node>
                      </node>
                    </node>
                    <node id="node-Bone073" name="Bone073">
                      <matrix>-0.2925557 1.55531e-7 0.9562488 0.0924896 -0.954704 0.05680939 -0.2920834 -0.03078896 -0.05432393 -0.998385 -0.01661977 -0.07006145 0 0 0 1</matrix>
                      <node id="node-Bone074" name="Bone074">
                        <matrix>0.6387706 0.4660809 0.6121608 0.05861652 -0.2161335 0.8722985 -0.4386138 7.45058e-9 -0.738416 0.1478651 0.6579341 0 0 0 0 1</matrix>
                        <node id="node-Bone075" name="Bone075">
                          <matrix>0.9669389 -0.2549824 -0.003659785 0.08270776 0.2245849 0.8446918 0.4858575 0 -0.1207937 -0.4706161 0.8740308 -2.98023e-8 0 0 0 1</matrix>
                          <node id="node-Bone076" name="Bone076">
                            <matrix>0.9027888 -0.3799326 -0.201553 0.1038884 0.1286855 -0.2085411 0.9695105 0 -0.4103807 -0.9011998 -0.1393766 -5.96046e-8 0 0 0 1</matrix>
                          </node>
                        </node>
                      </node>
                    </node>
                    <node id="node-Bone082" name="Bone082">
                      <matrix>-0.3110904 3.05474e-7 0.9503806 0.09530389 -0.9488455 -0.0568068 -0.3105881 -0.03142172 0.05398794 -0.9983854 0.01767235 0.06847608 0 0 0 1</matrix>
                      <node id="node-Bone083" name="Bone083">
                        <matrix>0.6710566 -0.4341136 0.6010227 0.05861521 0.1827009 0.8824791 0.4334168 2.23517e-7 -0.7185422 -0.1810399 0.6715066 4.76837e-6 0 0 0 1</matrix>
                        <node id="node-Bone084" name="Bone084">
                          <matrix>0.9794421 0.1983213 0.03691366 0.08271182 -0.1548232 0.8563238 -0.4926871 4.47035e-8 -0.1293202 0.4768434 0.8694239 1.3411e-7 0 0 0 1</matrix>
                          <node id="node-Bone085" name="Bone085">
                            <matrix>0.9224285 0.3760584 -0.08778422 0.1038885 -0.1378097 0.1082106 -0.9845294 -1.19209e-7 -0.3607413 0.9202555 0.151641 -5.96046e-8 0 0 0 1</matrix>
                            <node id="node-Bone086" name="Bone086">
                              <matrix>0.9832617 0.0432294 -0.1769952 0.1096958 -0.1237181 0.8715612 -0.4744205 2.98023e-7 0.1337534 0.4883773 0.8623211 5.96046e-8 0 0 0 1</matrix>
                            </node>
                          </node>
                        </node>
                      </node>
                    </node>
                  </node>
                </node>
                <node id="node-Bip001_backpack_01" name="Bip001_backpack_01">
                  <matrix>-0.9792179 0.202802 -0.0019788 0.2016008 -0.2027961 -0.979217 -0.002801944 -0.08787805 -0.002505898 -0.002342369 0.9999942 4.47035e-7 0 0 0 1</matrix>
                  <node id="node-Bip001_rope_01" name="Bip001_rope_01">
                    <matrix sid="matrix">0.9910189 0.06405596 -0.11738 0.42409 0.08126898 -0.9855998 0.1482842 0.08793765 -0.1061912 -0.1564919 -0.9819543 0.09921923 0 0 0 1</matrix>
                    <node id="node-Bip001_rope_02" name="Bip001_rope_02">
                      <matrix>0.9993811 -0.02325744 0.02639288 0.09589994 -0.02437364 -0.9987868 0.04279111 8.34018e-5 0.02536565 -0.0434079 -0.9987354 3.60608e-6 0 0 0 1</matrix>
                      <node id="node-Bip001_rope_03" name="Bip001_rope_03">
                        <matrix>0.9984595 -0.04565972 -0.03152194 0.1048738 0.03999326 0.9860583 -0.1615221 -1.02356e-4 0.03845753 0.1600128 0.9863656 -0.001042601 0 0 0 1</matrix>
                      </node>
                    </node>
                  </node>
                  <node id="node-Bip001_Xtra17" name="Bip001_Xtra17">
                    <matrix>-0.04419936 -0.7063963 -0.7064353 0.155149 0.9990227 -0.03164943 -0.03085798 0.1124569 -5.60246e-4 -0.7071087 0.7071047 6.88359e-5 0 0 0 1</matrix>
                    <node id="node-Bip001_Xtra18" name="Bip001_Xtra18">
                      <matrix>1 2.98023e-8 -2.23517e-8 0.02474697 -2.23517e-8 0.9999999 2.98023e-7 -2.25306e-5 -2.23517e-8 -2.68221e-7 0.9999999 0 0 0 0 1</matrix>
                    </node>
                    <node id="node-Bip001_Xtra19" name="Bip001_Xtra19">
                      <matrix>0.9999993 -7.96348e-4 7.98568e-4 0.02904578 -7.96355e-4 -0.9999997 -1.49012e-6 0.02995086 7.98546e-4 9.23872e-7 -0.9999998 -7.48634e-5 0 0 0 1</matrix>
                    </node>
                    <node id="node-Bip001_Xtra20" name="Bip001_Xtra20">
                      <matrix>0.9999917 -0.003981255 7.8886e-4 0.02889749 0.003981322 0.999992 6.25849e-6 -0.03234428 -7.88942e-4 -3.12924e-6 0.9999996 -7.51019e-5 0 0 0 1</matrix>
                    </node>
                  </node>
                  <node id="node-Bip001_Xtra01" name="Bip001_Xtra01">
                    <matrix>0.9980924 -0.06089212 0.01018675 0.2139949 0.06087953 0.998144 0.00153878 0.05374002 -0.01026151 -9.15732e-4 0.999947 0.1710363 0 0 0 1</matrix>
                  </node>
                  <node id="node-Bip001_Xtra01Opp" name="Bip001_Xtra01Opp">
                    <matrix>0.9982424 -0.05840915 0.01002976 0.2139945 0.05839637 0.9982924 0.001561832 0.05373991 -0.01010386 -9.7339e-4 0.9999484 -0.1722647 0 0 0 1</matrix>
                  </node>
                </node>
                <node id="node-Bip001_L_Clavicle" name="Bip001_L_Clavicle">
                  <matrix sid="matrix">-0.1281998 -7.44641e-4 0.9917482 0.1406268 -0.3513237 -0.9351177 -0.04611647 0.024672 0.9274356 -0.3543367 0.1196203 0.05035807 0 0 0 1</matrix>
                  <node id="node-Bip001_L_UpperArm" name="Bip001_L_UpperArm">
                    <matrix sid="matrix">-0.5232977 0.6101969 0.5948271 0.17644 -0.8507232 -0.3337126 -0.4060862 -5.96046e-8 -0.04929128 -0.7185373 0.6937397 0 0 0 0 1</matrix>
                    <node id="node-Bip001_L_Forearm" name="Bip001_L_Forearm">
                      <matrix sid="matrix">0.9122992 0.4095244 -2.98023e-8 0.302225 -0.4095243 0.9122992 2.98023e-8 0 -5.96046e-8 2.98023e-8 1 -1.19209e-7 0 0 0 1</matrix>
                      <node id="node-Bip001_L_Hand" name="Bip001_L_Hand">
                        <matrix sid="matrix">0.9935147 0.1068601 0.03885223 0.3035221 0.1108783 -0.8348094 -0.539258 5.96046e-8 -0.02519092 0.5400686 -0.841244 0 0 0 0 1</matrix>
                        <node id="node-Bip001_L_Finger0" name="Bip001_L_Finger0">
                          <matrix sid="matrix">0.8356918 0.4604328 0.2993668 0.01779103 0.3488944 -0.02412002 -0.9368516 0.01367199 -0.4241371 0.8873661 -0.1807996 -0.02770388 0 0 0 1</matrix>
                          <node id="node-Bip001_L_Finger01" name="Bip001_L_Finger01">
                            <matrix sid="matrix">0.9286612 -0.349831 -0.1233151 0.05085588 0.3430108 0.9364538 -0.07346763 0 0.1411802 0.02592805 0.9896443 0 0 0 0 1</matrix>
                            <node id="node-Bip001_L_Finger02" name="Bip001_L_Finger02">
                              <matrix sid="matrix">0.8724152 -0.476849 -0.1072691 0.03437018 0.467912 0.8782534 -0.0986371 -1.19209e-7 0.1412444 0.03586015 0.9893249 -5.96046e-8 0 0 0 1</matrix>
                            </node>
                          </node>
                        </node>
                        <node id="node-Bip001_L_Finger1" name="Bip001_L_Finger1">
                          <matrix sid="matrix">0.7875988 -0.5777801 0.2141441 0.08567595 0.6161228 0.7333547 -0.2873731 -0.005999565 0.008994669 0.3582737 0.9335731 -0.02973515 0 0 0 1</matrix>
                          <node id="node-Bip001_L_Finger11" name="Bip001_L_Finger11">
                            <matrix sid="matrix">0.8068531 -0.5906615 -0.01033542 0.05795395 0.5841656 0.7951301 0.1628452 0 -0.08796841 -0.1374297 0.9865974 5.96046e-8 0 0 0 1</matrix>
                            <node id="node-Bip001_L_Finger12" name="Bip001_L_Finger12">
                              <matrix sid="matrix">0.8553335 -0.5180618 0.004099965 0.03285098 0.5105551 0.8442305 0.1631212 -1.19209e-7 -0.08796816 -0.1374296 0.9865975 0 0 0 0 1</matrix>
                            </node>
                          </node>
                        </node>
                        <node id="node-Bip001_L_Finger2" name="Bip001_L_Finger2">
                          <matrix sid="matrix">0.7565215 -0.6515098 0.05666205 0.09032285 0.653139 0.7483509 -0.1156755 -0.01052213 0.03295985 0.1245189 0.9916694 -0.005256593 0 0 0 1</matrix>
                          <node id="node-Bip001_L_Finger21" name="Bip001_L_Finger21">
                            <matrix sid="matrix">0.7793904 -0.6265385 0 0.05795407 0.6265385 0.7793905 7.45058e-9 -5.96046e-8 0 -5.96046e-8 1 5.96046e-8 0 0 0 1</matrix>
                            <node id="node-Bip001_L_Finger22" name="Bip001_L_Finger22">
                              <matrix sid="matrix">0.8664975 -0.4991818 0 0.04148102 0.4991817 0.8664974 0 0 5.96046e-8 -2.98023e-8 1 -5.96046e-8 0 0 0 1</matrix>
                            </node>
                          </node>
                        </node>
                        <node id="node-Bip001_L_Finger3" name="Bip001_L_Finger3">
                          <matrix sid="matrix">0.6577249 -0.7339764 -0.1693397 0.08558691 0.7530011 0.6465464 0.1223439 -0.009840608 0.01968795 -0.2079815 0.9779348 0.0207029 0 0 0 1</matrix>
                          <node id="node-Bip001_L_Finger31" name="Bip001_L_Finger31">
                            <matrix sid="matrix">0.9186891 -0.3920493 -0.0480383 0.05795395 0.3915209 0.9199442 -0.02034954 -2.98023e-8 0.0521706 -1.13197e-4 0.9986382 5.96046e-8 0 0 0 1</matrix>
                            <node id="node-Bip001_L_Finger32" name="Bip001_L_Finger32">
                              <matrix sid="matrix">0.8818748 -0.4692224 -0.04612371 0.03192711 0.4685887 0.8830801 -0.02437978 -5.96046e-8 0.05217043 -1.13115e-4 0.9986384 -5.96046e-8 0 0 0 1</matrix>
                            </node>
                          </node>
                        </node>
                        <node id="node-Bip001_L_Finger4" name="Bip001_L_Finger4">
                          <matrix sid="matrix">0.5783077 -0.7306174 -0.3629861 0.08973396 0.8144993 0.5423661 0.2059858 -0.004826784 0.04637474 -0.4147745 0.9087421 0.04668492 0 0 0 1</matrix>
                          <node id="node-Bip001_L_Finger41" name="Bip001_L_Finger41">
                            <matrix sid="matrix">0.9224265 -0.3861729 0 0.03496802 0.3861729 0.9224266 -1.49012e-8 2.98023e-8 -2.98023e-8 3.72529e-8 1 0 0 0 0 1</matrix>
                            <node id="node-Bip001_L_Finger42" name="Bip001_L_Finger42">
                              <matrix sid="matrix">0.9604045 -0.2786097 0 0.02205014 0.2786096 0.9604043 7.45058e-9 0 -2.98023e-8 2.98023e-8 1 0 0 0 0 1</matrix>
                            </node>
                          </node>
                        </node>
                      </node>
                    </node>
                  </node>
                </node>
                <node id="node-Bip001_R_Clavicle" name="Bip001_R_Clavicle">
                  <matrix sid="matrix">-0.3068429 -7.85321e-4 -0.9517599 0.1406267 -0.1572329 -0.9862176 0.05150485 0.02467224 -0.9386828 0.165452 0.3024903 -0.05035793 0 0 0 1</matrix>
                  <node id="node-Bip001_R_UpperArm" name="Bip001_R_UpperArm">
                    <matrix sid="matrix">-0.2646855 0.8608646 -0.4345734 0.17644 -0.9581292 -0.2858075 0.01739919 -2.98023e-8 -0.1092257 0.4209827 0.9004686 -1.19209e-7 0 0 0 1</matrix>
                    <node id="node-Bip001_R_Forearm" name="Bip001_R_Forearm">
                      <matrix sid="matrix">0.8434721 0.5371731 2.98023e-8 0.3022251 -0.537173 0.8434721 0 -5.96046e-8 -1.49012e-7 0 1 0 0 0 0 1</matrix>
                      <node id="node-Bip001_R_Hand" name="Bip001_R_Hand">
                        <matrix sid="matrix">0.9415443 -0.02738353 0.3357741 0.303522 0.1104988 -0.9164503 -0.3845893 -5.96046e-8 0.3182517 0.3992106 -0.8598528 1.19209e-7 0 0 0 1</matrix>
                        <node id="node-Bip001_R_Finger0" name="Bip001_R_Finger0">
                          <matrix>0.8037893 0.4602645 -0.3769334 0.01779103 0.5107172 -0.2089089 0.8339813 0.0136719 0.3051081 -0.8628513 -0.4029841 0.027704 0 0 0 1</matrix>
                          <node id="node-Bip001_R_Finger01" name="Bip001_R_Finger01">
                            <matrix sid="matrix">0.8362539 -0.5468488 0.0404458 0.05085599 0.5191395 0.8133111 0.2627154 -5.96046e-8 -0.1765606 -0.1986998 0.9640254 0 0 0 0 1</matrix>
                            <node id="node-Bip001_R_Finger02" name="Bip001_R_Finger02">
                              <matrix sid="matrix">0.7565629 -0.6539196 -0.001300901 0.03437001 0.6290389 0.7272302 0.2746751 0 -0.1786693 -0.2086273 0.9615362 0 0 0 0 1</matrix>
                            </node>
                          </node>
                        </node>
                        <node id="node-Bip001_R_Finger1" name="Bip001_R_Finger1">
                          <matrix>0.9940405 0.04466015 -0.09943944 0.08567595 -0.005843541 0.9327438 0.360492 -0.005999684 0.1088516 -0.3577624 0.9274465 0.02973521 0 0 0 1</matrix>
                          <node id="node-Bip001_R_Finger11" name="Bip001_R_Finger11">
                            <matrix>0.6196442 -0.7742287 -0.1288839 0.05795407 0.7718648 0.6308784 -0.07885132 0 0.142359 -0.05062112 0.9885199 0 0 0 0 1</matrix>
                            <node id="node-Bip001_R_Finger12" name="Bip001_R_Finger12">
                              <matrix>0.1646769 -0.9770169 -0.1353496 0.03285101 0.9822991 0.1748698 -0.06714967 1.19209e-7 0.08927488 -0.1218957 0.9885197 0 0 0 0 1</matrix>
                            </node>
                          </node>
                        </node>
                        <node id="node-Bip001_R_Finger2" name="Bip001_R_Finger2">
                          <matrix>0.8943931 -0.3994741 0.2012011 0.09032309 0.4087132 0.9126503 -0.004815593 -0.01052228 -0.1817018 0.08654095 0.9795381 0.005256653 0 0 0 1</matrix>
                          <node id="node-Bip001_R_Finger21" name="Bip001_R_Finger21">
                            <matrix>-0.2901332 -0.9545646 0.06803808 0.05795401 0.9472036 -0.2965803 -0.1218422 5.96046e-8 0.136485 0.02909538 0.9902148 0 0 0 0 1</matrix>
                            <node id="node-Bip001_R_Finger22" name="Bip001_R_Finger22">
                              <matrix>0.4759744 -0.8781216 0.04848447 0.04148102 0.8746049 0.4668428 -0.1308588 -2.98023e-8 0.09227534 0.1046903 0.9902148 0 0 0 0 1</matrix>
                            </node>
                          </node>
                        </node>
                        <node id="node-Bip001_R_Finger3" name="Bip001_R_Finger3">
                          <matrix>0.8017901 -0.581054 0.1396718 0.08558702 0.587656 0.8090759 -0.007588482 -0.009840548 -0.1085953 0.08816344 0.9901692 -0.02070272 0 0 0 1</matrix>
