<?xml version="1.0" encoding="utf-8"?>
<COLLADA xmlns="http://www.collada.org/2005/11/COLLADASchema" version="1.4.1">
  <asset>
    <contributor>
      <author>Setsu</author>
      <authoring_tool>OpenCOLLADA for 3ds Max;  Version: 1.3.1;  Revision: 847M;  Platform: x64;  Configuration: Release_Max2012_static</authoring_tool>
      <source_data>file:///D:/_Work/webgl/models/man/animation/gun/draw_wpn_gun.max</source_data>
    </contributor>
    <created>2012-09-04T13:50:35</created>
    <modified>2012-09-04T13:50:35</modified>
    <unit name="meter" meter="1"/>
    <up_axis>Z_UP</up_axis>
  </asset>
  <library_lights>
    <light id="EnvironmentAmbientLight" name="EnvironmentAmbientLight">
      <technique_common>
        <ambient>
          <color>0.019608 0.019608 0.019608</color>
        </ambient>
      </technique_common>
    </light>
  </library_lights>
  <library_visual_scenes>
    <visual_scene id="MaxScene">
      <node name="EnvironmentAmbientLight">
        <instance_light url="#EnvironmentAmbientLight"/>
      </node>
      <node id="node-Bip001" name="Bip001">
        <matrix sid="matrix">-0.5723473 0.8200113 -3.72529e-9 -0.0364531 -0.8198809 -0.5722563 -0.01783047 -0.009825243 -0.01462119 -0.01020522 0.999841 0.9622645 0 0 0 1</matrix>
        <node id="node-Bip001_Pelvis" name="Bip001_Pelvis">
          <matrix sid="matrix">-0.04494381 0.9659261 0.2548857 -0.02786902 -0.1344771 -0.258671 0.9565591 2.08616e-6 0.9898969 0.008715119 0.1415206 -4.07517e-4 0 0 0 1</matrix>
          <node id="node-Bip001_Spine" name="Bip001_Spine">
            <matrix sid="matrix">0.9955642 0.06586021 -0.0671896 0.1044804 -0.07480263 0.9872258 -0.1406758 0.01650777 0.05706639 0.1450776 0.9877729 0.01916951 0 0 0 1</matrix>
            <node id="node-Bip001_Spine1" name="Bip001_Spine1">
              <matrix sid="matrix">0.996489 0.06361146 -0.05443748 0.1646256 -0.06510966 0.9975339 -0.0262038 -1.30773e-4 0.05263638 0.02965635 0.9981734 -3.88548e-6 0 0 0 1</matrix>
              <node id="node-Bip001_Spine2" name="Bip001_Spine2">
                <matrix sid="matrix">0.9550759 -0.2963296 0.004349364 0.1646729 0.2963457 0.9547701 -0.02436395 -1.2517e-4 0.003067093 0.02455834 0.9996939 -3.22051e-6 0 0 0 1</matrix>
                <node id="node-Bip001_Neck" name="Bip001_Neck">
                  <matrix sid="matrix">0.980303 -0.1869248 0.06375958 0.1743733 0.193142 0.9747844 -0.1117668 -0.007501677 -0.04125985 0.1218801 0.9916869 -7.38911e-6 0 0 0 1</matrix>
                  <node id="node-Bip001_Head" name="Bip001_Head">
                    <matrix sid="matrix">0.9658456 0.139961 -0.2180665 0.08448005 -0.2336503 0.8342593 -0.4994187 0.03011218 0.1120249 0.5333127 0.8384677 9.68575e-8 0 0 0 1</matrix>
                    <node id="node-Bip001_AngryBrowR" name="Bip001_AngryBrowR">
                      <matrix>0.001812063 -0.9852683 0.1710073 0.1354002 0.9995396 -0.003395714 -0.03015608 0.1043413 0.03029251 0.1709832 0.9848083 -0.01978299 0 0 0 1</matrix>
                    </node>
                    <node id="node-Bip001_SillyBrowL" name="Bip001_SillyBrowL">
                      <matrix>-0.004057251 -0.9597189 -0.280933 0.1346171 0.7867901 0.1703331 -0.5932522 0.08548474 0.6172075 -0.2234422 0.7544062 0.05988093 0 0 0 1</matrix>
                    </node>
                    <node id="node-Bip001_SillyBrowR" name="Bip001_SillyBrowR">
                      <matrix>-0.004056916 -0.9597204 0.2809278 0.134617 0.7867937 0.1703287 0.5932485 0.08548506 -0.6172029 0.2234389 0.754411 -0.05988046 0 0 0 1</matrix>
                    </node>
                    <node id="node-Bip001_jaw" name="Bip001_jaw">
                      <matrix>0.3710407 -0.9275408 -0.04469162 0.07394218 0.8026186 0.3445304 -0.4869318 0.01053739 0.4670466 0.1448012 0.872296 -1.20588e-5 0 0 0 1</matrix>
                      <node id="node-Bip001_lowerLipL" name="Bip001_lowerLipL">
                        <matrix>-0.8336916 -0.3554322 -0.4226423 0.107451 0.3746174 -0.9263141 0.0400489 -0.03483593 -0.4057341 -0.1249408 0.9054112 0.009654518 0 0 0 1</matrix>
                      </node>
                      <node id="node-Bip001_lowerLipR" name="Bip001_lowerLipR">
                        <matrix>0.7819585 1.76206e-6 -0.6233305 0.1074494 -0.6233305 -4.03449e-6 -0.7819585 -0.03484035 -3.93763e-6 1 -2.03028e-6 -0.009658959 0 0 0 1</matrix>
                      </node>
                    </node>
                    <node id="node-Bip001_upperLipL" name="Bip001_upperLipL">
                      <matrix>1.63913e-7 -6.4671e-6 -1 0.04530871 1 3.11644e-6 2.45869e-7 0.1161031 3.14624e-6 -1 6.40377e-6 0.009555254 0 0 0 1</matrix>
                    </node>
                    <node id="node-Bip001_upperLipR" name="Bip001_upperLipR">
                      <matrix>1.71363e-7 -1.20178e-5 1 0.04530895 1 -2.43215e-6 -2.30968e-7 0.1161031 2.40328e-6 1 1.19545e-5 -0.009554617 0 0 0 1</matrix>
                    </node>
                    <node id="node-Bip001_AngryBrowL" name="Bip001_AngryBrowL">
                      <matrix>0.001812056 -0.9852673 -0.1710128 0.1354001 0.9995397 -0.003394939 0.0301506 0.1043412 -0.03028696 -0.1709887 0.9848076 0.01978357 0 0 0 1</matrix>
                    </node>
                    <node id="node-Bone050" name="Bone050">
                      <matrix>-0.2718078 -3.98606e-7 0.962352 0.1766741 -0.9409114 0.2099089 -0.2657522 0.01386483 -0.2020061 -0.9777211 -0.05705519 -0.08004202 0 0 0 1</matrix>
                      <node id="node-Bone051" name="Bone051">
                        <matrix>0.8727056 -0.06772892 0.4835261 0.06664181 0.0499402 0.9975201 0.04958955 1.49012e-8 -0.4856858 -0.01912966 0.873924 0 0 0 0 1</matrix>
                        <node id="node-Bone052" name="Bone052">
                          <matrix>0.9062542 -0.3886849 0.1662162 0.05545175 0.271581 0.8366386 0.4756894 1.49012e-8 -0.323956 -0.3859543 0.8637663 -2.38419e-7 0 0 0 1</matrix>
                          <node id="node-Bone053" name="Bone053">
                            <matrix>0.8183509 -0.4357322 -0.3747522 0.05517268 0.1430369 -0.4771264 0.8671162 -1.49012e-8 -0.5566343 -0.7632089 -0.3281313 0 0 0 0 1</matrix>
                            <node id="node-Bone054" name="Bone054">
                              <matrix>0.8138615 -0.1123602 -0.5700921 0.05649614 0.4602882 0.7234693 0.5145157 0 0.354633 -0.681151 0.6405217 2.98023e-8 0 0 0 1</matrix>
                            </node>
                          </node>
                        </node>
                      </node>
                    </node>
                    <node id="node-Bone044" name="Bone044">
                      <matrix>-0.09140617 -3.7998e-7 0.9958138 0.2017386 -0.9919919 0.08753213 -0.09105527 0.01348138 -0.08716565 -0.9961619 -0.00800135 -0.06964707 0 0 0 1</matrix>
                      <node id="node-Bone045" name="Bone045">
                        <matrix>0.7861626 0.1194515 0.6063654 0.07249829 -0.08783492 0.9927794 -0.08169392 2.68221e-7 -0.6117459 0.01096465 0.7909783 -1.43051e-6 0 0 0 1</matrix>
                        <node id="node-Bone046" name="Bone046">
                          <matrix>0.9278779 -0.2364843 0.2883031 0.06258798 0.1528029 0.9464126 0.2845247 -1.2666e-7 -0.3401392 -0.2199506 0.914291 4.05312e-6 0 0 0 1</matrix>
                          <node id="node-Bone047" name="Bone047">
                            <matrix>0.9307666 -0.3523222 0.09768249 0.06108761 0.1767301 0.6674466 0.7233816 5.21541e-8 -0.3200613 -0.6560363 0.683503 -1.19209e-7 0 0 0 1</matrix>
                            <node id="node-Bone048" name="Bone048">
                              <matrix>0.9457324 0.2373301 -0.2219569 0.07517111 -0.2279812 -0.002116405 -0.9736635 -2.98023e-8 -0.2315491 0.971427 0.0521052 0 0 0 0 1</matrix>
                              <node id="node-Bone049" name="Bone049">
                                <matrix>0.8586522 0.1722122 -0.4827631 0.08048499 -0.4657755 0.6552924 -0.5946812 -1.19209e-7 0.2139394 0.7354833 0.6428802 5.96046e-8 0 0 0 1</matrix>
                              </node>
                            </node>
                          </node>
                        </node>
                      </node>
                    </node>
                    <node id="node-Bone014" name="Bone014">
                      <matrix>-0.02865493 -3.01749e-7 0.9995892 0.2221857 -0.9993565 0.02160658 -0.02864824 0.004512727 -0.02159768 -0.9997667 -6.19426e-4 -0.05774583 0 0 0 1</matrix>
                      <node id="node-Bone015" name="Bone015">
                        <matrix>0.8968284 0.1569262 0.4136093 0.04459422 -0.1405922 0.9876003 -0.06985627 1.49012e-8 -0.4194429 0.004498864 0.907771 -3.93391e-6 0 0 0 1</matrix>
                        <node id="node-Bone016" name="Bone016">
                          <matrix>0.8073794 0.3848706 0.4472287 0.05171204 -0.2289694 0.9029424 -0.3636864 1.49012e-7 -0.5437937 0.1912311 0.8171406 2.38419e-7 0 0 0 1</matrix>
                          <node id="node-Bone017" name="Bone017">
                            <matrix>0.9567486 0.1163465 0.2666373 0.06625271 -0.06016744 0.9758648 -0.209923 0 -0.284626 0.1848008 0.9406571 0 0 0 0 1</matrix>
                            <node id="node-Bone018" name="Bone018">
                              <matrix>0.9759618 -0.1837635 -0.1171754 0.07592642 0.2160517 0.7450928 0.630998 1.19209e-7 -0.02864781 -0.6411461 0.7668844 -4.47035e-6 0 0 0 1</matrix>
                              <node id="node-Bone019" name="Bone019">
                                <matrix>0.9469508 -0.1838324 -0.26361 0.05424273 0.2948283 0.8233755 0.4849015 -4.09782e-8 0.1279093 -0.5368976 0.8338951 0 0 0 0 1</matrix>
                                <node id="node-Bone020" name="Bone020">
                                  <matrix>0.708887 -0.5135252 -0.4834986 0.1070501 0.4797029 -0.1515179 0.8642495 -2.98023e-8 -0.5170728 -0.8445907 0.1389305 0 0 0 0 1</matrix>
                                </node>
                              </node>
                            </node>
                          </node>
                        </node>
                      </node>
                    </node>
                    <node id="node-Bone006" name="Bone006">
                      <matrix>0.1961011 -2.98023e-8 0.9805841 0.2309459 -0.97891 0.05840611 0.1957663 0.03429446 -0.0572721 -0.9982932 0.01145346 -0.0269171 0 0 0 1</matrix>
                      <node id="node-Bone007" name="Bone007">
                        <matrix>0.9117421 -0.01410427 0.4105206 0.04605401 0.01401885 0.9998967 0.003218506 7.45058e-9 -0.4105236 0.00282057 0.9118454 1.19209e-7 0 0 0 1</matrix>
                        <node id="node-Bone008" name="Bone008">
                          <matrix>0.9392016 0.1158517 0.3232316 0.04755576 -0.1007923 0.9929103 -0.06300743 0 -0.3282396 0.02659744 0.9442203 0 0 0 0 1</matrix>
                          <node id="node-Bone009" name="Bone009">
                            <matrix>0.9081648 5.73482e-4 0.4186126 0.05169481 -3.70691e-4 0.9999999 -5.65726e-4 1.49012e-8 -0.4186127 3.58613e-4 0.9081649 -2.38419e-7 0 0 0 1</matrix>
                            <node id="node-Bone010" name="Bone010">
                              <matrix>0.9252815 -0.277404 0.2586524 0.06606352 0.1212467 0.8625091 0.4913011 -8.9407e-8 -0.3593791 -0.4232312 0.8316981 1.19209e-7 0 0 0 1</matrix>
                              <node id="node-Bone011" name="Bone011">
                                <matrix>0.9589167 -0.2158548 -0.1840784 0.06010842 0.2631019 0.4340237 0.8616267 1.11759e-7 -0.1060918 -0.8746601 0.4729846 0 0 0 0 1</matrix>
                                <node id="node-Bone012" name="Bone012">
                                  <matrix>0.9669531 -0.1915677 -0.1682376 0.05975711 0.2547095 0.7547974 0.6044863 8.64267e-7 0.01118527 -0.6273614 0.7786477 -1.78814e-7 0 0 0 1</matrix>
                                  <node id="node-Bone013" name="Bone013">
                                    <matrix>0.8543545 -0.00135579 -0.5196888 0.05263507 0.002830356 0.999994 0.002043989 -8.9407e-8 0.5196829 -0.003217154 0.8543533 3.57628e-7 0 0 0 1</matrix>
                                  </node>
                                </node>
                              </node>
                            </node>
                          </node>
                        </node>
                      </node>
                    </node>
                    <node id="node-Bone021" name="Bone021">
                      <matrix>0.4470657 -1.49012e-7 0.8945013 0.2271245 -0.8945012 6.32484e-6 0.4470657 0.05075829 -5.72205e-6 -1 2.69897e-6 1.2666e-7 0 0 0 1</matrix>
                      <node id="node-Bone022" name="Bone022">
                        <matrix>0.9064242 4.99189e-6 0.4223689 0.03557795 -5.62007e-6 1 2.45869e-7 -1.11759e-8 -0.4223688 -2.59094e-6 0.9064241 0 0 0 0 1</matrix>
                        <node id="node-Bone023" name="Bone023">
                          <matrix>0.9613261 -9.53209e-7 0.2754122 0.04570849 9.16421e-7 1 2.64496e-7 0 -0.2754122 -3.72529e-9 0.9613261 1.19209e-7 0 0 0 1</matrix>
                          <node id="node-Bone024" name="Bone024">
                            <matrix>0.8313265 -1.69547e-6 0.5557857 0.05609787 1.18837e-6 1 1.27219e-6 1.11759e-8 -0.5557856 -3.91155e-7 0.8313264 -2.26498e-6 0 0 0 1</matrix>
                            <node id="node-Bone025" name="Bone025">
                              <matrix>0.9055954 0 0.424142 0.06339753 1.86265e-9 1 1.86265e-9 1.86265e-8 -0.424142 0 0.9055954 7.15256e-7 0 0 0 1</matrix>
                              <node id="node-Bone026" name="Bone026">
                                <matrix>0.9644743 1.10548e-5 0.2641778 0.06756556 -9.20147e-7 1 -3.84962e-5 7.45058e-9 -0.2641778 3.6886e-5 0.9644743 8.9407e-7 0 0 0 1</matrix>
                                <node id="node-Bone027" name="Bone027">
                                  <matrix>0.9817944 -1.14366e-6 -0.1899466 0.07909274 9.84222e-6 1 4.48273e-5 1.11759e-8 0.1899466 -4.58793e-5 0.9817943 -4.76837e-7 0 0 0 1</matrix>
                                  <node id="node-Bone028" name="Bone028">
                                    <matrix>0.9998927 2.06009e-6 0.01466206 0.07343221 -1.91107e-6 1 -1.03703e-5 3.72529e-9 -0.01466203 1.03395e-5 0.9998927 5.96046e-8 0 0 0 1</matrix>
                                  </node>
                                </node>
                              </node>
                            </node>
                          </node>
                        </node>
                      </node>
                    </node>
                    <node id="node-Bone029" name="Bone029">
                      <matrix>0.1961011 -1.00583e-7 0.980584 0.2309459 -0.9789101 -0.05839985 0.1957664 0.03429431 0.05726586 -0.9982935 -0.01145235 0.02691687 0 0 0 1</matrix>
                      <node id="node-Bone030" name="Bone030">
                        <matrix>0.9117723 0.01410466 0.4104536 0.04605374 -0.01401945 0.9998963 -0.00321755 -6.70552e-8 -0.4104564 -0.002820659 0.9118758 -3.93391e-6 0 0 0 1</matrix>
                        <node id="node-Bone031" name="Bone031">
                          <matrix>0.9391773 -0.1158523 0.3233028 0.04755457 0.1007911 0.992911 0.06300679 1.11759e-8 -0.3283099 -0.02658845 0.9441956 1.19209e-7 0 0 0 1</matrix>
                          <node id="node-Bone032" name="Bone032">
                            <matrix>0.9038531 0.04105057 0.4258698 0.05169505 -0.02617575 0.9988273 -0.04072464 -7.45058e-9 -0.4270422 0.02566156 0.9038681 2.38419e-7 0 0 0 1</matrix>
                            <node id="node-Bone033" name="Bone033">
                              <matrix>0.9352224 0.2103267 0.2848186 0.06606317 -0.09208231 0.9212399 -0.3779384 -3.72529e-9 -0.3418767 0.3272296 0.8809316 0 0 0 0 1</matrix>
                              <node id="node-Bone034" name="Bone034">
                                <matrix>0.954027 0.2209558 -0.2025129 0.06010938 -0.2726005 0.3588102 -0.8927173 1.49012e-8 -0.1245871 0.9068815 0.4025471 0 0 0 0 1</matrix>
                                <node id="node-Bone035" name="Bone035">
                                  <matrix>0.9640254 0.184163 -0.1916737 0.05975628 -0.2622839 0.7761135 -0.5734579 -2.98023e-8 0.0431506 0.603101 0.7964969 -1.19209e-7 0 0 0 1</matrix>
                                  <node id="node-Bone036" name="Bone036">
                                    <matrix>0.8694142 0.01521919 -0.4938492 0.05263555 -0.02966294 0.9993308 -0.02142419 -4.47035e-8 0.4931929 0.03327526 0.8692835 0 0 0 0 1</matrix>
                                  </node>
                                </node>
                              </node>
                            </node>
                          </node>
                        </node>
                      </node>
                    </node>
                    <node id="node-Bone037" name="Bone037">
                      <matrix>-0.03296208 1.63913e-7 0.9994568 0.2221859 -0.9989802 -0.03087518 -0.03294636 0.004512429 0.0308584 -0.9995236 0.001017876 0.05774583 0 0 0 1</matrix>
                      <node id="node-Bone038" name="Bone038">
                        <matrix>0.8929765 -0.1232729 0.4328945 0.04459451 0.1165006 0.9922915 0.04225146 4.84288e-8 -0.4347661 0.0127029 0.9004542 1.19209e-7 0 0 0 1</matrix>
                        <node id="node-Bone039" name="Bone039">
                          <matrix>0.8104645 -0.3801517 0.4456804 0.05171019 0.2161753 0.9012178 0.3755989 3.72529e-9 -0.5444399 -0.2080643 0.8125845 -1.66893e-6 0 0 0 1</matrix>
                          <node id="node-Bone040" name="Bone040">
                            <matrix>0.964831 -0.1429276 0.2206182 0.06625354 0.0789454 0.9580725 0.2754364 -2.98023e-8 -0.2507357 -0.2483327 0.9356617 0 0 0 0 1</matrix>
                            <node id="node-Bone041" name="Bone041">
                              <matrix>0.9759558 0.1838065 -0.1171584 0.07592773 -0.216068 0.7449557 -0.6311549 2.23517e-7 -0.02873263 0.6412934 0.7667581 0 0 0 0 1</matrix>
                              <node id="node-Bone042" name="Bone042">
                                <matrix>0.9450258 0.2399526 -0.2221448 0.05424106 -0.3174697 0.8360455 -0.4474816 1.86265e-8 0.07834879 0.4934064 0.8662629 2.38419e-7 0 0 0 1</matrix>
                                <node id="node-Bone043" name="Bone043">
                                  <matrix>0.7633407 0.4381691 -0.4746784 0.1070514 -0.4467452 -0.1726973 -0.8778355 -2.23517e-8 -0.4666158 0.8821476 0.06392279 0 0 0 0 1</matrix>
                                </node>
                              </node>
                            </node>
                          </node>
                        </node>
                      </node>
                    </node>
                    <node id="node-Bone055" name="Bone055">
                      <matrix>-0.09140575 1.88127e-7 0.9958145 0.2017386 -0.9919923 -0.08752596 -0.09105497 0.01348099 0.08715953 -0.9961624 0.008000558 0.06964709 0 0 0 1</matrix>
                      <node id="node-Bone056" name="Bone056">
                        <matrix>0.7861557 -0.1194354 0.6063782 0.07249787 0.08782187 0.9927816 0.08168432 3.57628e-7 -0.6117567 -0.01096336 0.7909698 0 0 0 0 1</matrix>
                        <node id="node-Bone057" name="Bone057">
                          <matrix>0.9220536 0.282224 0.2648902 0.06258512 -0.1853494 0.9227368 -0.3379383 -3.35276e-7 -0.339798 0.2625 0.9031229 0 0 0 0 1</matrix>
                          <node id="node-Bone058" name="Bone058">
                            <matrix>0.9331156 0.3402686 0.1162442 0.06108952 -0.172181 0.7066321 -0.6863126 2.6077e-8 -0.3156725 0.6203942 0.7179569 0 0 0 0 1</matrix>
                            <node id="node-Bone059" name="Bone059">
                              <matrix>0.9435686 -0.2433106 -0.2246736 0.07517004 0.22795 -0.01498587 0.9735574 5.96046e-8 -0.2402438 -0.9698327 0.04132235 5.96046e-8 0 0 0 1</matrix>
                              <node id="node-Bone060" name="Bone060">
                                <matrix>0.8586498 -0.1722088 -0.4827677 0.08048654 0.465779 0.6552851 0.5946857 5.96046e-8 0.2139404 -0.7354898 0.6428716 -1.19209e-7 0 0 0 1</matrix>
                              </node>
                            </node>
                          </node>
                        </node>
                      </node>
                    </node>
                    <node id="node-Bone061" name="Bone061">
                      <matrix>-0.2765532 5.73695e-7 0.9609987 0.1766738 -0.937687 -0.2189246 -0.2698443 0.0138644 0.2103862 -0.9757422 0.06054478 0.08005001 0 0 0 1</matrix>
                      <node id="node-Bone062" name="Bone062">
                        <matrix>0.8800435 0.03148923 0.4738474 0.06630629 -0.02342633 0.999463 -0.02291054 5.96046e-8 -0.4743145 0.009061755 0.8803089 -1.78814e-6 0 0 0 1</matrix>
                        <node id="node-Bone063" name="Bone063">
                          <matrix>0.8984271 0.4092895 0.1590955 0.05577612 -0.2856669 0.8199128 -0.4961224 -2.23517e-8 -0.3335019 0.4002814 0.8535523 0 0 0 0 1</matrix>
                          <node id="node-Bone064" name="Bone064">
                            <matrix>0.813628 0.4382423 -0.3820378 0.05538893 -0.1488503 -0.4781921 -0.8655491 -2.98023e-8 -0.562008 0.7611018 -0.323838 1.19209e-7 0 0 0 1</matrix>
                            <node id="node-Bone065" name="Bone065">
                              <matrix>0.8752897 0.08609422 -0.4758735 0.05682158 -0.3054109 0.8613695 -0.4059146 0 0.3749561 0.5006299 0.7802421 2.23517e-8 0 0 0 1</matrix>
                            </node>
                          </node>
                        </node>
                      </node>
                    </node>
                    <node id="node-Bone077" name="Bone077">
                      <matrix>-0.01158965 6.4075e-7 0.9999329 0.1375991 -0.872439 -0.488619 -0.01011163 0.03142533 0.4885862 -0.8724977 0.005663475 0.05968321 0 0 0 1</matrix>
                      <node id="node-Bone078" name="Bone078">
                        <matrix>0.7043356 -0.4953952 0.5084242 0.06178032 0.3977998 0.8686488 0.2953045 4.84288e-7 -0.5879344 -0.00574241 0.8088883 4.37498e-5 0 0 0 1</matrix>
                        <node id="node-Bone079" name="Bone079">
                          <matrix>0.7459559 -0.6548731 0.1212057 0.1102705 0.423767 0.6071163 0.6721835 0 -0.5137812 -0.4500562 0.7303954 2.38419e-7 0 0 0 1</matrix>
                          <node id="node-Bone080" name="Bone080">
                            <matrix>0.8926533 0.2532578 0.3728679 0.1663148 -0.1483835 0.9462287 -0.2874601 4.47035e-8 -0.4256199 0.2012751 0.8822338 5.96046e-8 0 0 0 1</matrix>
                            <node id="node-Bone081" name="Bone081">
                              <matrix>0.9320753 0.1246797 -0.3401321 0.1379911 -0.1721553 -0.673667 -0.7187042 2.98023e-8 -0.3187434 0.7284418 -0.6064443 -5.96046e-8 0 0 0 1</matrix>
                            </node>
                          </node>
                        </node>
                      </node>
                    </node>
                    <node id="node-Bone066" name="Bone066">
                      <matrix>-0.2908011 -2.90573e-7 0.9567836 0.1378932 -0.9335832 0.2188804 -0.2837497 0.009998888 -0.2094211 -0.9757517 -0.06365095 -0.07983376 0 0 0 1</matrix>
                      <node id="node-Bone067" name="Bone067">
                        <matrix>0.7965989 0.4133026 0.4411481 0.081056 -0.3324228 0.9090159 -0.2513689 -4.47035e-8 -0.5049019 0.05359239 0.8615117 -3.09944e-6 0 0 0 1</matrix>
                        <node id="node-Bone068" name="Bone068">
                          <matrix>0.9018515 0.4028897 0.1560252 0.064134 -0.2337511 0.758715 -0.6080389 -2.38419e-7 -0.3633518 0.5118899 0.7784243 3.57628e-7 0 0 0 1</matrix>
                          <node id="node-Bone069" name="Bone069">
                            <matrix>0.999895 0.01424578 0.002566814 0.08350694 -0.01418539 0.9996531 -0.02217153 0 -0.002882034 0.02213277 0.9997507 0 0 0 0 1</matrix>
                            <node id="node-Bone070" name="Bone070">
                              <matrix>0.9643174 -0.1502271 0.2179986 0.08289564 0.0969624 0.9666111 0.237196 0 -0.2463528 -0.2075952 0.946686 -5.96046e-8 0 0 0 1</matrix>
                              <node id="node-Bone071" name="Bone071">
                                <matrix>0.9585638 -0.1121205 0.2618872 0.0640018 0.03549378 0.9591345 0.2807151 2.98023e-8 -0.2826593 -0.2597879 0.923371 -5.96046e-8 0 0 0 1</matrix>
                                <node id="node-Bone072" name="Bone072">
                                  <matrix>0.9640762 -0.03288289 -0.2635827 0.07497597 0.2330033 -0.3717678 0.8986086 0 -0.1275405 -0.927743 -0.3507508 0 0 0 0 1</matrix>
                                </node>
                              </node>
                            </node>
                          </node>
                        </node>
                      </node>
                    </node>
                    <node id="node-Bone073" name="Bone073">
                      <matrix>-0.2925557 1.52737e-7 0.9562489 0.0924896 -0.9547041 0.0568094 -0.2920833 -0.0307889 -0.05432393 -0.9983851 -0.01661978 -0.07006145 0 0 0 1</matrix>
                      <node id="node-Bone074" name="Bone074">
                        <matrix>0.6387706 0.4660809 0.6121607 0.05861646 -0.2161334 0.8722982 -0.4386137 -7.45058e-9 -0.7384158 0.147865 0.6579339 1.19209e-7 0 0 0 1</matrix>
                        <node id="node-Bone075" name="Bone075">
                          <matrix>0.966939 -0.2549824 -0.003659874 0.08270764 0.2245849 0.8446918 0.4858575 0 -0.1207937 -0.4706161 0.8740308 -5.96046e-8 0 0 0 1</matrix>
                          <node id="node-Bone076" name="Bone076">
                            <matrix>0.9027888 -0.3799327 -0.2015529 0.1038884 0.1286855 -0.2085411 0.9695106 7.45058e-9 -0.4103809 -0.9012 -0.1393766 -1.19209e-7 0 0 0 1</matrix>
                          </node>
                        </node>
                      </node>
                    </node>
                    <node id="node-Bone082" name="Bone082">
                      <matrix>-0.3110904 3.12924e-7 0.9503806 0.09530389 -0.9488455 -0.0568068 -0.3105881 -0.03142177 0.05398794 -0.9983855 0.01767234 0.0684761 0 0 0 1</matrix>
                      <node id="node-Bone083" name="Bone083">
                        <matrix>0.6710567 -0.4341136 0.6010228 0.05861518 0.1827009 0.8824794 0.4334168 2.16067e-7 -0.7185423 -0.1810399 0.6715066 4.76837e-6 0 0 0 1</matrix>
                        <node id="node-Bone084" name="Bone084">
                          <matrix>0.979442 0.1983212 0.03691363 0.0827117 -0.1548231 0.8563237 -0.492687 4.47035e-8 -0.1293202 0.4768433 0.8694239 1.19209e-7 0 0 0 1</matrix>
                          <node id="node-Bone085" name="Bone085">
                            <matrix>0.9224287 0.3760583 -0.08778419 0.1038884 -0.1378097 0.1082106 -0.9845294 -1.18278e-7 -0.3607414 0.9202555 0.151641 -5.96046e-8 0 0 0 1</matrix>
                            <node id="node-Bone086" name="Bone086">
                              <matrix>0.9832617 0.04322939 -0.1769952 0.1096959 -0.123718 0.8715612 -0.4744205 2.38419e-7 0.1337533 0.4883772 0.8623211 5.96046e-8 0 0 0 1</matrix>
                            </node>
                          </node>
                        </node>
                      </node>
                    </node>
                  </node>
                </node>
                <node id="node-Bip001_backpack_01" name="Bip001_backpack_01">
                  <matrix>-0.9792179 0.202802 -0.001978796 0.2016007 -0.2027961 -0.9792172 -0.002801905 -0.08787811 -0.002505918 -0.00234239 0.9999942 4.37722e-7 0 0 0 1</matrix>
                  <node id="node-Bip001_rope_01" name="Bip001_rope_01">
                    <matrix>0.9283744 -0.371276 -0.01656949 0.4241232 -0.3631282 -0.915686 0.172211 0.08793235 -0.07911029 -0.1538593 -0.9849206 0.09921898 0 0 0 1</matrix>
                    <node id="node-Bip001_rope_02" name="Bip001_rope_02">
                      <matrix>0.9993812 -0.02325742 0.02639287 0.09590006 -0.02437364 -0.9987867 0.04279091 8.33869e-5 0.02536564 -0.04340789 -0.9987355 3.64333e-6 0 0 0 1</matrix>
                      <node id="node-Bip001_rope_03" name="Bip001_rope_03">
                        <matrix>0.9984596 -0.04565974 -0.03152195 0.1048737 0.03999326 0.9860584 -0.1615223 -1.02401e-4 0.03845753 0.1600128 0.9863656 -0.001042627 0 0 0 1</matrix>
                      </node>
                    </node>
                  </node>
                  <node id="node-Bip001_Xtra17" name="Bip001_Xtra17">
                    <matrix>-0.04419935 -0.7063962 -0.7064353 0.1551487 0.9990225 -0.03164932 -0.03085788 0.112457 -5.60377e-4 -0.7071086 0.7071046 6.88396e-5 0 0 0 1</matrix>
                    <node id="node-Bip001_Xtra18" name="Bip001_Xtra18">
                      <matrix>1 2.98023e-8 -2.98023e-8 0.02474701 0 1 3.27826e-7 -2.24113e-5 0 -2.68221e-7 1 5.96046e-8 0 0 0 1</matrix>
                    </node>
                    <node id="node-Bip001_Xtra19" name="Bip001_Xtra19">
                      <matrix>0.9999996 -7.96378e-4 7.98583e-4 0.02904582 -7.96407e-4 -0.9999998 -1.51992e-6 0.02995092 7.98553e-4 9.23872e-7 -0.9999999 -7.48038e-5 0 0 0 1</matrix>
                    </node>
                    <node id="node-Bip001_Xtra20" name="Bip001_Xtra20">
                      <matrix>0.9999918 -0.003981262 7.88838e-4 0.02889752 0.003981292 0.9999923 6.34789e-6 -0.03234422 -7.88897e-4 -3.12924e-6 0.9999999 -7.51019e-5 0 0 0 1</matrix>
                    </node>
                  </node>
                  <node id="node-Bip001_Xtra01" name="Bip001_Xtra01">
                    <matrix>0.9980923 -0.06089205 0.01018674 0.2139945 0.0608795 0.9981439 0.001538793 0.05373996 -0.01026155 -9.15676e-4 0.999947 0.1710362 0 0 0 1</matrix>
                  </node>
                  <node id="node-Bip001_Xtra01Opp" name="Bip001_Xtra01Opp">
                    <matrix>0.9982423 -0.05840909 0.01002974 0.2139941 0.05839634 0.9982923 0.001561789 0.05374002 -0.01010387 -9.73415e-4 0.9999486 -0.1722648 0 0 0 1</matrix>
                  </node>
                </node>
                <node id="node-Bip001_L_Clavicle" name="Bip001_L_Clavicle">
                  <matrix sid="matrix">-0.1281998 -7.44656e-4 0.9917482 0.1406263 -0.3513236 -0.9351178 -0.04611649 0.024672 0.9274356 -0.3543367 0.1196203 0.05035808 0 0 0 1</matrix>
                  <node id="node-Bip001_L_UpperArm" name="Bip001_L_UpperArm">
                    <matrix sid="matrix">0.06924885 0.872916 0.482931 0.17644 -0.9438434 0.2140937 -0.2516418 4.47035e-8 -0.3230545 -0.4383852 0.8387219 2.38419e-7 0 0 0 1</matrix>
                    <node id="node-Bip001_L_Forearm" name="Bip001_L_Forearm">
                      <matrix sid="matrix">0.4625669 0.8865845 0 0.302225 -0.8865844 0.4625669 0 0 -7.45058e-8 0 1 0 0 0 0 1</matrix>
                      <node id="node-Bip001_L_Hand" name="Bip001_L_Hand">
                        <matrix sid="matrix">0.9935147 0.1068601 0.03885217 0.303522 0.1108783 -0.8348094 -0.5392579 5.96046e-8 -0.025191 0.5400685 -0.841244 0 0 0 0 1</matrix>
                        <node id="node-Bip001_L_Finger0" name="Bip001_L_Finger0">
                          <matrix sid="matrix">0.8356916 0.4604326 0.2993667 0.01779109 0.3488944 -0.02411997 -0.9368513 0.01367199 -0.4241371 0.8873659 -0.1807994 -0.02770388 0 0 0 1</matrix>
                          <node id="node-Bip001_L_Finger01" name="Bip001_L_Finger01">
                            <matrix sid="matrix">0.9286611 -0.3498312 -0.1233151 0.05085588 0.3430111 0.9364538 -0.07346766 5.96046e-8 0.1411803 0.02592805 0.9896444 0 0 0 0 1</matrix>
                            <node id="node-Bip001_L_Finger02" name="Bip001_L_Finger02">
                              <matrix sid="matrix">0.8724154 -0.4768489 -0.107269 0.03437001 0.4679119 0.8782535 -0.09863719 0 0.1412444 0.03586009 0.989325 -5.96046e-8 0 0 0 1</matrix>
                            </node>
                          </node>
                        </node>
                        <node id="node-Bip001_L_Finger1" name="Bip001_L_Finger1">
                          <matrix sid="matrix">0.7875988 -0.5777801 0.2141439 0.08567601 0.6161227 0.7333546 -0.2873731 -0.005999684 0.008994579 0.3582735 0.933573 -0.02973515 0 0 0 1</matrix>
                          <node id="node-Bip001_L_Finger11" name="Bip001_L_Finger11">
                            <matrix sid="matrix">0.8068532 -0.5906616 -0.01033539 0.05795395 0.5841656 0.7951301 0.1628453 -5.96046e-8 -0.08796826 -0.1374298 0.9865975 1.19209e-7 0 0 0 1</matrix>
                            <node id="node-Bip001_L_Finger12" name="Bip001_L_Finger12">
                              <matrix sid="matrix">0.8553333 -0.5180618 0.004100025 0.0328511 0.510555 0.8442305 0.1631211 0 -0.08796817 -0.1374297 0.9865977 -1.19209e-7 0 0 0 1</matrix>
                            </node>
                          </node>
                        </node>
                        <node id="node-Bip001_L_Finger2" name="Bip001_L_Finger2">
                          <matrix sid="matrix">0.7565215 -0.6515098 0.05666195 0.09032303 0.6531388 0.7483508 -0.1156754 -0.01052225 0.03295979 0.1245188 0.9916694 -0.005256534 0 0 0 1</matrix>
                          <node id="node-Bip001_L_Finger21" name="Bip001_L_Finger21">
                            <matrix sid="matrix">0.7793905 -0.6265385 2.98023e-8 0.05795395 0.6265385 0.7793904 -1.49012e-8 0 0 1.21072e-8 1 5.96046e-8 0 0 0 1</matrix>
                            <node id="node-Bip001_L_Finger22" name="Bip001_L_Finger22">
                              <matrix sid="matrix">0.8664973 -0.4991817 0 0.04148102 0.4991817 0.8664975 -1.76951e-8 -2.98023e-8 0 0 1 0 0 0 0 1</matrix>
                            </node>
                          </node>
                        </node>
                        <node id="node-Bip001_L_Finger3" name="Bip001_L_Finger3">
                          <matrix sid="matrix">0.657724 -0.733977 -0.1693397 0.08558697 0.7530017 0.6465454 0.1223437 -0.009840369 0.01968779 -0.2079815 0.9779346 0.02070284 0 0 0 1</matrix>
                          <node id="node-Bip001_L_Finger31" name="Bip001_L_Finger31">
                            <matrix sid="matrix">0.9186891 -0.3920495 -0.04803826 0.05795383 0.391521 0.9199442 -0.02034947 -2.98023e-8 0.05217049 -1.13185e-4 0.9986383 5.96046e-8 0 0 0 1</matrix>
                            <node id="node-Bip001_L_Finger32" name="Bip001_L_Finger32">
                              <matrix sid="matrix">0.8818747 -0.4692224 -0.04612377 0.03192699 0.4685886 0.8830801 -0.0243798 -2.98023e-8 0.05217047 -1.13185e-4 0.9986382 5.96046e-8 0 0 0 1</matrix>
                            </node>
                          </node>
                        </node>
                        <node id="node-Bip001_L_Finger4" name="Bip001_L_Finger4">
                          <matrix sid="matrix">0.5783082 -0.7306169 -0.3629862 0.08973402 0.8144987 0.5423664 0.2059859 -0.004826784 0.04637489 -0.4147746 0.908742 0.04668486 0 0 0 1</matrix>
                          <node id="node-Bip001_L_Finger41" name="Bip001_L_Finger41">
                            <matrix sid="matrix">0.9224263 -0.3861728 7.45058e-9 0.03496814 0.3861728 0.9224263 7.45058e-9 5.96046e-8 2.23517e-8 -9.31323e-9 1 0 0 0 0 1</matrix>
                            <node id="node-Bip001_L_Finger42" name="Bip001_L_Finger42">
                              <matrix sid="matrix">0.9604043 -0.2786096 7.45058e-9 0.02205002 0.2786096 0.9604043 1.30385e-8 2.98023e-8 7.45058e-9 1.67638e-8 1 -5.96046e-8 0 0 0 1</matrix>
                            </node>
                          </node>
                        </node>
                      </node>
                    </node>
                  </node>
                </node>
                <node id="node-Bip001_R_Clavicle" name="Bip001_R_Clavicle">
                  <matrix sid="matrix">-0.3068429 -7.85351e-4 -0.9517599 0.1406265 -0.157233 -0.9862177 0.05150492 0.02467227 -0.9386827 0.1654518 0.3024903 -0.05035794 0 0 0 1</matrix>
                  <node id="node-Bip001_R_UpperArm" name="Bip001_R_UpperArm">
                    <matrix sid="matrix">-0.4102962 0.8799395 -0.2395076 0.17644 -0.9089475 -0.3732857 0.1856678 -2.98023e-8 0.07397158 0.2938786 0.9529763 0 0 0 0 1</matrix>
                    <node id="node-Bip001_R_Forearm" name="Bip001_R_Forearm">
                      <matrix sid="matrix">0.8054037 0.5927267 0 0.302225 -0.5927266 0.8054036 0 -5.96046e-8 -1.04308e-7 5.96046e-8 1 0 0 0 0 1</matrix>
                      <node id="node-Bip001_R_Hand" name="Bip001_R_Hand">
                        <matrix sid="matrix">0.9370064 0.02798095 0.3481892 0.3035219 0.2195792 -0.8224065 -0.5248164 0 0.2716683 0.5682116 -0.7767444 0 0 0 0 1</matrix>
                        <node id="node-Bip001_R_Finger0" name="Bip001_R_Finger0">
                          <matrix>0.8037892 0.4602645 -0.3769335 0.01779103 0.5107172 -0.2089089 0.8339811 0.01367193 0.305108 -0.8628511 -0.4029841 0.027704 0 0 0 1</matrix>
                          <node id="node-Bip001_R_Finger01" name="Bip001_R_Finger01">
                            <matrix sid="matrix">0.8362533 -0.5468498 0.0404458 0.05085599 0.5191405 0.8133106 0.2627155 0 -0.1765608 -0.1986996 0.9640254 -1.19209e-7 0 0 0 1</matrix>
                            <node id="node-Bip001_R_Finger02" name="Bip001_R_Finger02">
                              <matrix sid="matrix">0.7565631 -0.6539195 -0.001300871 0.03436998 0.6290386 0.7272305 0.274675 -2.38419e-7 -0.1786693 -0.2086273 0.9615362 0 0 0 0 1</matrix>
                            </node>
                          </node>
                        </node>
                        <node id="node-Bip001_R_Finger1" name="Bip001_R_Finger1">
                          <matrix>0.9940405 0.04466013 -0.09943957 0.08567601 -0.005843533 0.9327439 0.3604919 -0.005999655 0.1088515 -0.3577622 0.9274465 0.02973533 0 0 0 1</matrix>
                          <node id="node-Bip001_R_Finger11" name="Bip001_R_Finger11">
                            <matrix>0.6196442 -0.7742287 -0.1288838 0.05795395 0.7718647 0.6308783 -0.07885131 0 0.1423589 -0.05062112 0.9885198 0 0 0 0 1</matrix>
                            <node id="node-Bip001_R_Finger12" name="Bip001_R_Finger12">
                              <matrix>0.164677 -0.9770169 -0.1353495 0.03285101 0.9822991 0.1748699 -0.06714964 0 0.08927488 -0.1218958 0.9885198 -1.19209e-7 0 0 0 1</matrix>
                            </node>
                          </node>
                        </node>
                        <node id="node-Bip001_R_Finger2" name="Bip001_R_Finger2">
                          <matrix>0.8943933 -0.3994735 0.2012011 0.09032306 0.4087127 0.9126506 -0.004815636 -0.01052219 -0.1817019 0.08654091 0.9795381 0.005256653 0 0 0 1</matrix>
                          <node id="node-Bip001_R_Finger21" name="Bip001_R_Finger21">
                            <matrix>-0.2901331 -0.9545646 0.06803821 0.05795395 0.9472035 -0.2965803 -0.1218422 2.98023e-8 0.136485 0.02909552 0.9902148 -1.19209e-7 0 0 0 1</matrix>
                            <node id="node-Bip001_R_Finger22" name="Bip001_R_Finger22">
                              <matrix>0.4759743 -0.8781217 0.0484845 0.04148102 0.8746051 0.4668428 -0.1308588 1.49012e-8 0.09227529 0.1046902 0.9902148 1.19209e-7 0 0 0 1</matrix>
                            </node>
                          </node>
                        </node>
                        <node id="node-Bip001_R_Finger3" name="Bip001_R_Finger3">
                          <matrix>0.80179 -0.5810539 0.1396718 0.08558697 0.5876558 0.8090758 -0.007588558 -0.009840548 -0.1085953 0.08816354 0.990169 -0.02070284 0 0 0 1</matrix>
