<?xml version="1.0" encoding="utf-8"?>
<COLLADA xmlns="http://www.collada.org/2005/11/COLLADASchema" version="1.4.1">
  <asset>
    <contributor>
      <author>Setsu</author>
      <authoring_tool>OpenCOLLADA for 3ds Max;  Version: 1.3.1;  Revision: 847M;  Platform: x64;  Configuration: Release_Max2012_static</authoring_tool>
      <source_data>file:///D:/_Work/webgl/models/man/animation/gun/draw_wpn_gun.max</source_data>
    </contributor>
    <created>2012-09-04T13:51:40</created>
    <modified>2012-09-04T13:51:40</modified>
    <unit name="meter" meter="1"/>
    <up_axis>Z_UP</up_axis>
  </asset>
  <library_lights>
    <light id="EnvironmentAmbientLight" name="EnvironmentAmbientLight">
      <technique_common>
        <ambient>
          <color>0.019608 0.019608 0.019608</color>
        </ambient>
      </technique_common>
    </light>
  </library_lights>
  <library_visual_scenes>
    <visual_scene id="MaxScene">
      <node name="EnvironmentAmbientLight">
        <instance_light url="#EnvironmentAmbientLight"/>
      </node>
      <node id="node-Bip001" name="Bip001">
        <matrix sid="matrix">-0.5723473 0.8200113 -3.72529e-9 -0.0364531 -0.8198809 -0.5722563 -0.01783047 -0.009825243 -0.01462119 -0.01020522 0.999841 0.9622645 0 0 0 1</matrix>
        <node id="node-Bip001_Pelvis" name="Bip001_Pelvis">
          <matrix sid="matrix">-0.04494381 0.9659261 0.2548857 -0.02786902 -0.1344771 -0.258671 0.9565591 2.08616e-6 0.9898969 0.008715119 0.1415206 -4.07517e-4 0 0 0 1</matrix>
          <node id="node-Bip001_Spine" name="Bip001_Spine">
            <matrix sid="matrix">0.9368828 -0.1882177 -0.2946605 0.1045137 0.1483527 0.9771134 -0.1524495 0.01650908 0.3166104 0.09911349 0.9433631 0.01917553 0 0 0 1</matrix>
            <node id="node-Bip001_Spine1" name="Bip001_Spine1">
              <matrix sid="matrix">0.9964889 0.06361146 -0.05443746 0.1646256 -0.06510969 0.9975341 -0.02620386 -1.30773e-4 0.05263634 0.02965635 0.9981734 -3.9041e-6 0 0 0 1</matrix>
              <node id="node-Bip001_Spine2" name="Bip001_Spine2">
                <matrix sid="matrix">0.9550759 -0.2963296 0.004349336 0.1646727 0.2963457 0.95477 -0.024364 -1.2517e-4 0.003067166 0.02455842 0.9996936 -3.18885e-6 0 0 0 1</matrix>
                <node id="node-Bip001_Neck" name="Bip001_Neck">
                  <matrix sid="matrix">0.9157389 -0.393865 -0.07932326 0.1743859 0.3872218 0.9178541 -0.08719578 -0.007498324 0.1071505 0.04913279 0.993028 -2.98023e-6 0 0 0 1</matrix>
                  <node id="node-Bip001_Head" name="Bip001_Head">
                    <matrix sid="matrix">0.975299 -0.02859896 -0.2190295 0.08447993 -0.08571702 0.8648779 -0.4946098 0.03011227 0.2035791 0.5011671 0.8410633 8.9407e-8 0 0 0 1</matrix>
                    <node id="node-Bip001_AngryBrowR" name="Bip001_AngryBrowR">
                      <matrix>0.00181213 -0.985268 0.1710073 0.1354002 0.9995395 -0.003395677 -0.03015608 0.1043414 0.03029251 0.1709832 0.9848081 -0.01978298 0 0 0 1</matrix>
                    </node>
                    <node id="node-Bip001_SillyBrowL" name="Bip001_SillyBrowL">
                      <matrix>-0.004057199 -0.9597189 -0.280933 0.1346171 0.78679 0.1703331 -0.5932521 0.08548486 0.6172074 -0.2234422 0.754406 0.05988091 0 0 0 1</matrix>
                    </node>
                    <node id="node-Bip001_SillyBrowR" name="Bip001_SillyBrowR">
                      <matrix>-0.004056901 -0.9597204 0.2809278 0.1346172 0.7867937 0.1703287 0.5932485 0.0854851 -0.6172027 0.2234389 0.7544109 -0.05988044 0 0 0 1</matrix>
                    </node>
                    <node id="node-Bip001_jaw" name="Bip001_jaw">
                      <matrix>0.3710407 -0.9275407 -0.04469162 0.07394242 0.8026185 0.3445304 -0.4869317 0.01053751 0.4670465 0.1448012 0.8722959 -1.20569e-5 0 0 0 1</matrix>
                      <node id="node-Bip001_lowerLipL" name="Bip001_lowerLipL">
                        <matrix>-0.8336917 -0.3554322 -0.4226424 0.107451 0.3746175 -0.9263142 0.04004893 -0.0348357 -0.4057342 -0.1249408 0.9054114 0.009654492 0 0 0 1</matrix>
                      </node>
                      <node id="node-Bip001_lowerLipR" name="Bip001_lowerLipR">
                        <matrix>0.7819586 1.78814e-6 -0.6233305 0.1074492 -0.6233305 -3.96371e-6 -0.7819585 -0.03484023 -3.93391e-6 1 -1.99676e-6 -0.009658992 0 0 0 1</matrix>
                      </node>
                    </node>
                    <node id="node-Bip001_upperLipL" name="Bip001_upperLipL">
                      <matrix>2.08616e-7 -6.4671e-6 -1 0.04530907 1 3.11434e-6 2.38419e-7 0.1161031 3.14508e-6 -1 6.40284e-6 0.009555258 0 0 0 1</matrix>
                    </node>
                    <node id="node-Bip001_upperLipR" name="Bip001_upperLipR">
                      <matrix>1.78814e-7 -1.20131e-5 1 0.04530895 1 -2.43075e-6 -2.68221e-7 0.1161032 2.40095e-6 1 1.19526e-5 -0.009554604 0 0 0 1</matrix>
                    </node>
                    <node id="node-Bip001_AngryBrowL" name="Bip001_AngryBrowL">
                      <matrix>0.0018121 -0.9852672 -0.1710128 0.1354003 0.9995397 -0.003394812 0.03015059 0.1043411 -0.03028696 -0.1709887 0.9848074 0.01978357 0 0 0 1</matrix>
                    </node>
                    <node id="node-Bone050" name="Bone050">
                      <matrix>-0.2718078 -4.09782e-7 0.9623518 0.1766741 -0.9409113 0.2099089 -0.2657521 0.01386487 -0.2020061 -0.977721 -0.05705522 -0.080042 0 0 0 1</matrix>
                      <node id="node-Bone051" name="Bone051">
                        <matrix>0.8727056 -0.06772889 0.4835261 0.06664181 0.04994019 0.9975202 0.0495895 -1.49012e-8 -0.4856859 -0.01912963 0.873924 1.19209e-7 0 0 0 1</matrix>
                        <node id="node-Bone052" name="Bone052">
                          <matrix>0.9062542 -0.3886849 0.1662162 0.05545183 0.271581 0.8366386 0.4756894 2.98023e-8 -0.323956 -0.3859543 0.8637663 -1.19209e-7 0 0 0 1</matrix>
                          <node id="node-Bone053" name="Bone053">
                            <matrix>0.8183509 -0.4357322 -0.3747522 0.05517268 0.1430369 -0.4771262 0.8671162 0 -0.5566342 -0.7632089 -0.3281313 0 0 0 0 1</matrix>
                            <node id="node-Bone054" name="Bone054">
                              <matrix>0.8138615 -0.1123603 -0.570092 0.05649626 0.4602881 0.7234692 0.5145156 -2.98023e-8 0.354633 -0.681151 0.6405218 1.19209e-7 0 0 0 1</matrix>
                            </node>
                          </node>
                        </node>
                      </node>
                    </node>
                    <node id="node-Bone044" name="Bone044">
                      <matrix>-0.09140614 -3.83705e-7 0.9958136 0.2017386 -0.9919918 0.08753213 -0.09105524 0.0134815 -0.08716562 -0.9961616 -0.008001353 -0.06964707 0 0 0 1</matrix>
                      <node id="node-Bone045" name="Bone045">
                        <matrix>0.7861627 0.1194515 0.6063657 0.07249832 -0.08783492 0.9927796 -0.08169394 2.83122e-7 -0.611746 0.01096465 0.7909785 -1.54972e-6 0 0 0 1</matrix>
                        <node id="node-Bone046" name="Bone046">
                          <matrix>0.9278777 -0.2364843 0.2883031 0.0625881 0.1528029 0.9464127 0.2845247 -1.3411e-7 -0.3401393 -0.2199506 0.9142908 4.05312e-6 0 0 0 1</matrix>
                          <node id="node-Bone047" name="Bone047">
                            <matrix>0.9307666 -0.3523222 0.09768249 0.06108761 0.17673 0.6674464 0.7233815 0 -0.3200613 -0.6560363 0.6835029 -1.19209e-7 0 0 0 1</matrix>
                            <node id="node-Bone048" name="Bone048">
                              <matrix>0.9457323 0.2373301 -0.2219569 0.07517123 -0.2279812 -0.002116352 -0.9736633 0 -0.2315491 0.971427 0.05210522 0 0 0 0 1</matrix>
                              <node id="node-Bone049" name="Bone049">
                                <matrix>0.8586522 0.1722121 -0.4827631 0.08048499 -0.4657756 0.6552923 -0.5946814 -1.19209e-7 0.2139394 0.7354833 0.6428802 0 0 0 0 1</matrix>
                              </node>
                            </node>
                          </node>
                        </node>
                      </node>
                    </node>
                    <node id="node-Bone014" name="Bone014">
                      <matrix>-0.0286549 -2.96161e-7 0.999589 0.222186 -0.9993564 0.02160657 -0.02864829 0.004512906 -0.02159768 -0.9997668 -6.19429e-4 -0.05774581 0 0 0 1</matrix>
                      <node id="node-Bone015" name="Bone015">
                        <matrix>0.8968284 0.1569262 0.4136094 0.04459417 -0.1405922 0.9876003 -0.06985629 7.45058e-9 -0.4194429 0.004498851 0.907771 -3.8147e-6 0 0 0 1</matrix>
                        <node id="node-Bone016" name="Bone016">
                          <matrix>0.8073794 0.3848706 0.4472287 0.05171204 -0.2289694 0.9029424 -0.3636863 1.3411e-7 -0.5437936 0.1912311 0.8171406 2.38419e-7 0 0 0 1</matrix>
                          <node id="node-Bone017" name="Bone017">
                            <matrix>0.9567486 0.1163464 0.2666372 0.06625271 -0.06016745 0.9758648 -0.2099231 0 -0.2846259 0.1848007 0.9406573 1.19209e-7 0 0 0 1</matrix>
                            <node id="node-Bone018" name="Bone018">
                              <matrix>0.9759618 -0.1837635 -0.1171753 0.07592648 0.2160518 0.7450929 0.6309979 1.78814e-7 -0.02864775 -0.6411462 0.7668844 -4.52995e-6 0 0 0 1</matrix>
                              <node id="node-Bone019" name="Bone019">
                                <matrix>0.9469508 -0.1838324 -0.26361 0.05424261 0.2948284 0.8233756 0.4849016 -5.96046e-8 0.1279093 -0.5368976 0.8338952 0 0 0 0 1</matrix>
                                <node id="node-Bone020" name="Bone020">
                                  <matrix>0.7088869 -0.5135252 -0.4834987 0.1070501 0.4797029 -0.1515179 0.8642493 0 -0.5170729 -0.8445908 0.1389304 -1.19209e-7 0 0 0 1</matrix>
                                </node>
                              </node>
                            </node>
                          </node>
                        </node>
                      </node>
                    </node>
                    <node id="node-Bone006" name="Bone006">
                      <matrix>0.196101 -2.98023e-8 0.980584 0.2309459 -0.9789099 0.0584061 0.1957662 0.03429449 -0.05727208 -0.998293 0.01145346 -0.02691709 0 0 0 1</matrix>
                      <node id="node-Bone007" name="Bone007">
                        <matrix>0.9117422 -0.01410429 0.4105207 0.04605412 0.01401885 0.9998968 0.003218502 -7.45058e-9 -0.4105236 0.002820563 0.9118454 0 0 0 0 1</matrix>
                        <node id="node-Bone008" name="Bone008">
                          <matrix>0.9392014 0.1158517 0.3232317 0.0475558 -0.1007923 0.9929104 -0.06300744 0 -0.3282396 0.02659745 0.9442203 0 0 0 0 1</matrix>
                          <node id="node-Bone009" name="Bone009">
                            <matrix>0.9081649 5.73462e-4 0.4186127 0.05169478 -3.70703e-4 0.9999999 -5.6573e-4 7.45058e-9 -0.4186129 3.58596e-4 0.9081649 -1.19209e-7 0 0 0 1</matrix>
                            <node id="node-Bone010" name="Bone010">
                              <matrix>0.9252815 -0.277404 0.2586523 0.06606337 0.1212467 0.8625091 0.4913011 -8.19564e-8 -0.359379 -0.4232312 0.831698 1.19209e-7 0 0 0 1</matrix>
                              <node id="node-Bone011" name="Bone011">
                                <matrix>0.9589167 -0.2158549 -0.1840784 0.06010842 0.2631019 0.4340237 0.8616269 1.19209e-7 -0.1060919 -0.8746601 0.4729846 0 0 0 0 1</matrix>
                                <node id="node-Bone012" name="Bone012">
                                  <matrix>0.9669531 -0.1915677 -0.1682376 0.05975711 0.2547094 0.7547973 0.6044863 8.34465e-7 0.01118527 -0.6273614 0.7786477 -1.49012e-7 0 0 0 1</matrix>
                                  <node id="node-Bone013" name="Bone013">
                                    <matrix>0.8543546 -0.001355857 -0.5196889 0.05263495 0.002830356 0.9999941 0.002044074 -1.19209e-7 0.519683 -0.003217265 0.8543532 3.8743e-7 0 0 0 1</matrix>
                                  </node>
                                </node>
                              </node>
                            </node>
                          </node>
                        </node>
                      </node>
                    </node>
                    <node id="node-Bone021" name="Bone021">
                      <matrix>0.4470656 -1.4808e-7 0.8945011 0.2271245 -0.8945011 6.32461e-6 0.4470656 0.05075836 -5.72205e-6 -1 2.69827e-6 1.2666e-7 0 0 0 1</matrix>
                      <node id="node-Bone022" name="Bone022">
                        <matrix>0.9064242 4.99189e-6 0.4223689 0.03557789 -5.62053e-6 1 2.43075e-7 -1.49012e-8 -0.4223688 -2.59373e-6 0.9064242 0 0 0 0 1</matrix>
                        <node id="node-Bone023" name="Bone023">
                          <matrix>0.9613261 -9.55537e-7 0.2754122 0.04570842 9.16421e-7 1 2.62633e-7 1.86265e-9 -0.2754122 -2.79397e-9 0.9613261 0 0 0 0 1</matrix>
                          <node id="node-Bone024" name="Bone024">
                            <matrix>0.8313264 -1.69687e-6 0.5557857 0.05609792 1.18988e-6 1 1.27405e-6 -3.72529e-9 -0.5557857 -3.96743e-7 0.8313264 -2.02656e-6 0 0 0 1</matrix>
                            <node id="node-Bone025" name="Bone025">
                              <matrix>0.9055953 -3.49246e-10 0.424142 0.06339753 4.19095e-9 1 0 7.45058e-9 -0.424142 0 0.9055954 7.15256e-7 0 0 0 1</matrix>
                              <node id="node-Bone026" name="Bone026">
                                <matrix>0.9644742 1.10571e-5 0.2641778 0.06756556 -9.22009e-7 1 -3.84971e-5 7.45058e-9 -0.2641778 3.68878e-5 0.9644743 8.34465e-7 0 0 0 1</matrix>
                                <node id="node-Bone027" name="Bone027">
                                  <matrix>0.9817942 -1.13808e-6 -0.1899465 0.07909274 9.83756e-6 1 4.48246e-5 5.58794e-9 0.1899466 -4.58779e-5 0.9817941 -3.57628e-7 0 0 0 1</matrix>
                                  <node id="node-Bone028" name="Bone028">
                                    <matrix>0.9998926 2.05915e-6 0.01466206 0.07343227 -1.90735e-6 1 -1.03693e-5 3.72529e-9 -0.01466209 1.03414e-5 0.9998926 1.19209e-7 0 0 0 1</matrix>
                                  </node>
                                </node>
                              </node>
                            </node>
                          </node>
                        </node>
                      </node>
                    </node>
                    <node id="node-Bone029" name="Bone029">
                      <matrix>0.196101 -1.00583e-7 0.9805838 0.2309459 -0.97891 -0.0583998 0.1957664 0.03429437 0.05726586 -0.9982934 -0.01145236 0.02691686 0 0 0 1</matrix>
                      <node id="node-Bone030" name="Bone030">
                        <matrix>0.9117723 0.01410466 0.4104535 0.04605377 -0.01401945 0.9998963 -0.003217554 -7.07805e-8 -0.4104563 -0.002820661 0.9118757 -3.93391e-6 0 0 0 1</matrix>
                        <node id="node-Bone031" name="Bone031">
                          <matrix>0.9391773 -0.1158523 0.3233028 0.04755455 0.1007911 0.992911 0.06300678 7.45058e-9 -0.3283099 -0.02658845 0.9441957 1.19209e-7 0 0 0 1</matrix>
                          <node id="node-Bone032" name="Bone032">
                            <matrix>0.9038532 0.04105058 0.4258697 0.05169511 -0.02617575 0.9988273 -0.04072464 -1.11759e-8 -0.4270421 0.02566157 0.903868 1.19209e-7 0 0 0 1</matrix>
                            <node id="node-Bone033" name="Bone033">
                              <matrix>0.9352224 0.2103268 0.2848186 0.06606314 -0.09208228 0.9212399 -0.3779384 3.72529e-9 -0.3418767 0.3272296 0.8809316 0 0 0 0 1</matrix>
                              <node id="node-Bone034" name="Bone034">
                                <matrix>0.9540271 0.2209558 -0.2025129 0.06010938 -0.2726005 0.3588101 -0.8927172 2.98023e-8 -0.1245871 0.9068816 0.4025471 0 0 0 0 1</matrix>
                                <node id="node-Bone035" name="Bone035">
                                  <matrix>0.9640256 0.184163 -0.1916738 0.05975628 -0.2622838 0.7761135 -0.573458 1.19209e-7 0.04315072 0.6031011 0.7964969 -5.96046e-8 0 0 0 1</matrix>
                                  <node id="node-Bone036" name="Bone036">
                                    <matrix>0.8694143 0.01521912 -0.4938492 0.05263555 -0.02966288 0.9993308 -0.02142411 0 0.4931929 0.03327514 0.8692835 0 0 0 0 1</matrix>
                                  </node>
                                </node>
                              </node>
                            </node>
                          </node>
                        </node>
                      </node>
                    </node>
                    <node id="node-Bone037" name="Bone037">
                      <matrix>-0.03296214 1.60187e-7 0.9994565 0.2221859 -0.9989801 -0.03087517 -0.03294641 0.004512548 0.03085839 -0.9995234 0.001017871 0.05774581 0 0 0 1</matrix>
                      <node id="node-Bone038" name="Bone038">
                        <matrix>0.8929765 -0.1232729 0.4328946 0.04459441 0.1165006 0.9922915 0.04225146 5.02914e-8 -0.434766 0.01270289 0.9004543 -1.19209e-7 0 0 0 1</matrix>
                        <node id="node-Bone039" name="Bone039">
                          <matrix>0.8104645 -0.3801516 0.4456805 0.05171016 0.2161753 0.9012178 0.3755989 7.45058e-9 -0.5444399 -0.2080643 0.8125845 -1.66893e-6 0 0 0 1</matrix>
                          <node id="node-Bone040" name="Bone040">
                            <matrix>0.9648311 -0.1429276 0.2206182 0.06625342 0.07894544 0.9580725 0.2754362 0 -0.2507358 -0.2483326 0.9356616 0 0 0 0 1</matrix>
                            <node id="node-Bone041" name="Bone041">
                              <matrix>0.9759559 0.1838065 -0.1171584 0.07592779 -0.216068 0.7449557 -0.6311549 1.78814e-7 -0.02873258 0.6412934 0.7667582 0 0 0 0 1</matrix>
                              <node id="node-Bone042" name="Bone042">
                                <matrix>0.9450258 0.2399527 -0.2221448 0.054241 -0.3174697 0.8360454 -0.4474816 1.49012e-8 0.0783488 0.4934064 0.8662629 3.57628e-7 0 0 0 1</matrix>
                                <node id="node-Bone043" name="Bone043">
                                  <matrix>0.7633407 0.4381691 -0.4746784 0.1070513 -0.4467451 -0.1726974 -0.8778356 -5.96046e-8 -0.4666158 0.8821476 0.06392274 0 0 0 0 1</matrix>
                                </node>
                              </node>
                            </node>
                          </node>
                        </node>
                      </node>
                    </node>
                    <node id="node-Bone055" name="Bone055">
                      <matrix>-0.09140584 1.86265e-7 0.9958144 0.2017387 -0.9919922 -0.08752595 -0.09105495 0.01348102 0.08715953 -0.9961623 0.008000558 0.06964708 0 0 0 1</matrix>
                      <node id="node-Bone056" name="Bone056">
                        <matrix>0.7861557 -0.1194354 0.6063782 0.07249773 0.08782188 0.9927815 0.08168434 3.53903e-7 -0.6117567 -0.01096336 0.7909698 1.19209e-7 0 0 0 1</matrix>
                        <node id="node-Bone057" name="Bone057">
                          <matrix>0.9220536 0.2822241 0.2648902 0.06258501 -0.1853494 0.9227368 -0.3379383 -3.27826e-7 -0.339798 0.2625001 0.9031228 2.38419e-7 0 0 0 1</matrix>
                          <node id="node-Bone058" name="Bone058">
                            <matrix>0.9331156 0.3402687 0.1162441 0.06108946 -0.172181 0.7066321 -0.6863126 5.96046e-8 -0.3156725 0.6203942 0.717957 1.19209e-7 0 0 0 1</matrix>
                            <node id="node-Bone059" name="Bone059">
                              <matrix>0.9435687 -0.2433106 -0.2246736 0.07517016 0.22795 -0.01498593 0.9735572 0 -0.2402438 -0.9698328 0.04132229 5.96046e-8 0 0 0 1</matrix>
                              <node id="node-Bone060" name="Bone060">
                                <matrix>0.8586498 -0.1722089 -0.4827677 0.08048648 0.4657791 0.655285 0.5946857 5.96046e-8 0.2139404 -0.7354897 0.6428716 0 0 0 0 1</matrix>
                              </node>
                            </node>
                          </node>
                        </node>
                      </node>
                    </node>
                    <node id="node-Bone061" name="Bone061">
                      <matrix>-0.2765531 5.51343e-7 0.9609984 0.1766738 -0.9376868 -0.2189246 -0.2698443 0.0138644 0.2103862 -0.9757421 0.06054477 0.08004999 0 0 0 1</matrix>
                      <node id="node-Bone062" name="Bone062">
                        <matrix>0.8800435 0.0314892 0.4738473 0.06630629 -0.02342633 0.999463 -0.02291054 5.96046e-8 -0.4743145 0.009061739 0.8803087 -1.90735e-6 0 0 0 1</matrix>
                        <node id="node-Bone063" name="Bone063">
                          <matrix>0.8984271 0.4092897 0.1590954 0.05577615 -0.2856668 0.8199127 -0.4961224 -1.49012e-8 -0.333502 0.4002814 0.8535522 0 0 0 0 1</matrix>
                          <node id="node-Bone064" name="Bone064">
                            <matrix>0.8136281 0.4382423 -0.3820377 0.05538905 -0.1488504 -0.4781922 -0.8655491 0 -0.5620081 0.7611017 -0.3238379 0 0 0 0 1</matrix>
                            <node id="node-Bone065" name="Bone065">
                              <matrix>0.8752897 0.0860942 -0.4758737 0.05682147 -0.3054108 0.8613694 -0.4059147 0 0.374956 0.50063 0.7802422 5.96046e-8 0 0 0 1</matrix>
                            </node>
                          </node>
                        </node>
                      </node>
                    </node>
                    <node id="node-Bone077" name="Bone077">
                      <matrix>-0.01158962 6.25849e-7 0.9999329 0.1375992 -0.8724389 -0.488619 -0.01011163 0.03142536 0.4885862 -0.8724975 0.005663481 0.0596832 0 0 0 1</matrix>
                      <node id="node-Bone078" name="Bone078">
                        <matrix>0.7043357 -0.4953953 0.5084243 0.06178033 0.3977997 0.868649 0.2953045 4.17233e-7 -0.5879346 -0.005742398 0.8088883 4.37498e-5 0 0 0 1</matrix>
                        <node id="node-Bone079" name="Bone079">
                          <matrix>0.745956 -0.6548734 0.1212058 0.1102705 0.4237671 0.6071162 0.6721836 -1.49012e-8 -0.5137812 -0.4500563 0.7303956 2.38419e-7 0 0 0 1</matrix>
                          <node id="node-Bone080" name="Bone080">
                            <matrix>0.8926533 0.2532578 0.3728679 0.1663147 -0.1483835 0.9462287 -0.2874601 0 -0.4256199 0.2012751 0.8822339 0 0 0 0 1</matrix>
                            <node id="node-Bone081" name="Bone081">
                              <matrix>0.9320754 0.1246797 -0.340132 0.137991 -0.1721554 -0.673667 -0.7187042 5.96046e-8 -0.3187433 0.7284418 -0.6064443 0 0 0 0 1</matrix>
                            </node>
                          </node>
                        </node>
                      </node>
                    </node>
                    <node id="node-Bone066" name="Bone066">
                      <matrix>-0.2908011 -3.05474e-7 0.9567834 0.1378933 -0.9335831 0.2188804 -0.2837497 0.009998918 -0.2094212 -0.9757516 -0.06365091 -0.07983376 0 0 0 1</matrix>
                      <node id="node-Bone067" name="Bone067">
                        <matrix>0.7965989 0.4133026 0.4411483 0.08105606 -0.3324228 0.9090159 -0.2513689 -1.49012e-8 -0.5049019 0.05359238 0.8615116 -2.98023e-6 0 0 0 1</matrix>
                        <node id="node-Bone068" name="Bone068">
                          <matrix>0.9018514 0.4028898 0.1560252 0.06413399 -0.2337512 0.758715 -0.6080388 -2.38419e-7 -0.3633517 0.5118901 0.7784242 2.38419e-7 0 0 0 1</matrix>
                          <node id="node-Bone069" name="Bone069">
                            <matrix>0.999895 0.01424582 0.002566949 0.08350694 -0.01418534 0.9996532 -0.0221715 0 -0.002881944 0.02213278 0.9997507 -1.19209e-7 0 0 0 1</matrix>
                            <node id="node-Bone070" name="Bone070">
                              <matrix>0.9643174 -0.150227 0.2179988 0.08289564 0.0969623 0.966611 0.2371961 0 -0.2463528 -0.2075951 0.946686 1.19209e-7 0 0 0 1</matrix>
                              <node id="node-Bone071" name="Bone071">
                                <matrix>0.9585639 -0.1121205 0.2618873 0.06400186 0.03549382 0.9591346 0.2807153 0 -0.2826593 -0.2597879 0.9233713 0 0 0 0 1</matrix>
                                <node id="node-Bone072" name="Bone072">
                                  <matrix>0.9640762 -0.03288302 -0.2635827 0.07497585 0.2330033 -0.3717678 0.8986087 -5.96046e-8 -0.1275404 -0.9277431 -0.3507507 -1.19209e-7 0 0 0 1</matrix>
                                </node>
                              </node>
                            </node>
                          </node>
                        </node>
                      </node>
                    </node>
                    <node id="node-Bone073" name="Bone073">
                      <matrix>-0.2925557 1.52737e-7 0.9562488 0.0924896 -0.9547039 0.05680939 -0.2920834 -0.03078878 -0.05432392 -0.998385 -0.01661978 -0.07006145 0 0 0 1</matrix>
                      <node id="node-Bone074" name="Bone074">
                        <matrix>0.6387706 0.4660809 0.6121608 0.05861646 -0.2161335 0.8722984 -0.4386138 1.49012e-8 -0.7384159 0.1478651 0.6579341 1.19209e-7 0 0 0 1</matrix>
                        <node id="node-Bone075" name="Bone075">
                          <matrix>0.9669391 -0.2549824 -0.003659785 0.08270764 0.224585 0.8446919 0.4858575 0 -0.1207936 -0.4706161 0.8740308 0 0 0 0 1</matrix>
                          <node id="node-Bone076" name="Bone076">
                            <matrix>0.9027886 -0.3799326 -0.201553 0.1038884 0.1286855 -0.2085411 0.9695106 0 -0.4103808 -0.9011999 -0.1393765 0 0 0 0 1</matrix>
                          </node>
                        </node>
                      </node>
                    </node>
                    <node id="node-Bone082" name="Bone082">
                      <matrix>-0.3110905 3.05474e-7 0.9503803 0.09530389 -0.9488455 -0.05680679 -0.3105881 -0.03142178 0.05398793 -0.9983854 0.01767234 0.06847608 0 0 0 1</matrix>
                      <node id="node-Bone083" name="Bone083">
                        <matrix>0.6710566 -0.4341135 0.6010226 0.05861509 0.1827009 0.8824793 0.4334168 2.12342e-7 -0.7185423 -0.18104 0.6715066 4.64916e-6 0 0 0 1</matrix>
                        <node id="node-Bone084" name="Bone084">
                          <matrix>0.9794421 0.1983213 0.03691369 0.08271182 -0.1548231 0.8563237 -0.492687 0 -0.1293202 0.4768434 0.869424 2.38419e-7 0 0 0 1</matrix>
                          <node id="node-Bone085" name="Bone085">
                            <matrix>0.9224285 0.3760583 -0.0877842 0.1038884 -0.1378096 0.1082106 -0.9845294 -1.04308e-7 -0.3607413 0.9202555 0.151641 0 0 0 0 1</matrix>
                            <node id="node-Bone086" name="Bone086">
                              <matrix>0.9832618 0.04322946 -0.1769952 0.1096958 -0.1237181 0.8715612 -0.4744205 1.19209e-7 0.1337534 0.4883772 0.8623211 4.47035e-8 0 0 0 1</matrix>
                            </node>
                          </node>
                        </node>
                      </node>
                    </node>
                  </node>
                </node>
                <node id="node-Bip001_backpack_01" name="Bip001_backpack_01">
                  <matrix>-0.9792178 0.2028019 -0.00197877 0.2016007 -0.2027961 -0.9792171 -0.002801873 -0.08787805 -0.002505913 -0.002342425 0.9999942 4.47035e-7 0 0 0 1</matrix>
                  <node id="node-Bip001_rope_01" name="Bip001_rope_01">
                    <matrix sid="matrix">0.759483 -0.5985568 0.2547839 0.4241406 -0.6277122 -0.7771153 0.04548522 0.0879218 0.170771 -0.1944762 -0.9659278 0.09922205 0 0 0 1</matrix>
                    <node id="node-Bip001_rope_02" name="Bip001_rope_02">
                      <matrix>0.9993812 -0.02325743 0.02639287 0.09590006 -0.02437364 -0.9987867 0.04279105 8.33869e-5 0.02536565 -0.04340786 -0.9987354 3.60981e-6 0 0 0 1</matrix>
                      <node id="node-Bip001_rope_03" name="Bip001_rope_03">
                        <matrix>0.9984595 -0.04565974 -0.03152194 0.1048737 0.03999325 0.9860582 -0.1615222 -1.02311e-4 0.03845752 0.1600129 0.9863654 -0.001042593 0 0 0 1</matrix>
                      </node>
                    </node>
                  </node>
                  <node id="node-Bip001_Xtra17" name="Bip001_Xtra17">
                    <matrix>-0.04419938 -0.7063962 -0.7064352 0.155149 0.9990226 -0.03164938 -0.03085788 0.112457 -5.60299e-4 -0.7071087 0.7071047 6.88434e-5 0 0 0 1</matrix>
                    <node id="node-Bip001_Xtra18" name="Bip001_Xtra18">
                      <matrix>1 0 0 0.02474689 -2.98023e-8 1 2.98023e-7 -2.25306e-5 0 -3.27826e-7 1 0 0 0 0 1</matrix>
                    </node>
                    <node id="node-Bip001_Xtra19" name="Bip001_Xtra19">
                      <matrix>0.9999994 -7.96348e-4 7.98583e-4 0.02904582 -7.96348e-4 -0.9999996 -1.49012e-6 0.02995086 7.98598e-4 8.64267e-7 -0.9999998 -7.48634e-5 0 0 0 1</matrix>
                    </node>
                    <node id="node-Bip001_Xtra20" name="Bip001_Xtra20">
                      <matrix>0.9999918 -0.003981292 7.88867e-4 0.02889752 0.003981292 0.999992 6.25849e-6 -0.03234422 -7.88912e-4 -3.15905e-6 0.9999998 -7.51019e-5 0 0 0 1</matrix>
                    </node>
                  </node>
                  <node id="node-Bip001_Xtra01" name="Bip001_Xtra01">
                    <matrix>0.9980924 -0.06089211 0.01018673 0.2139946 0.06087953 0.9981439 0.001538858 0.05374002 -0.01026154 -9.15676e-4 0.9999471 0.1710363 0 0 0 1</matrix>
                  </node>
                  <node id="node-Bip001_Xtra01Opp" name="Bip001_Xtra01Opp">
                    <matrix>0.9982424 -0.05840918 0.01002978 0.2139944 0.05839637 0.9982923 0.00156194 0.05373991 -0.0101039 -9.73344e-4 0.9999486 -0.1722647 0 0 0 1</matrix>
                  </node>
                </node>
                <node id="node-Bip001_L_Clavicle" name="Bip001_L_Clavicle">
                  <matrix sid="matrix">-0.1281997 -7.44641e-4 0.991748 0.1406267 -0.3513237 -0.9351176 -0.04611644 0.02467197 0.9274355 -0.3543367 0.1196202 0.05035807 0 0 0 1</matrix>
                  <node id="node-Bip001_L_UpperArm" name="Bip001_L_UpperArm">
                    <matrix sid="matrix">0.02756681 0.9978518 0.0594336 0.17644 -0.7614908 0.05948048 -0.6454409 0 -0.6475894 -0.0274654 0.7614946 -1.19209e-7 0 0 0 1</matrix>
                    <node id="node-Bip001_L_Forearm" name="Bip001_L_Forearm">
                      <matrix sid="matrix">0.7403264 0.6722476 2.98023e-8 0.3022251 -0.6722475 0.7403263 -1.11759e-8 1.49012e-8 -2.98023e-8 0 1 0 0 0 0 1</matrix>
                      <node id="node-Bip001_L_Hand" name="Bip001_L_Hand">
                        <matrix sid="matrix">0.9935147 0.1068602 0.03885217 0.3035221 0.1108783 -0.8348095 -0.539258 1.19209e-7 -0.02519101 0.5400686 -0.841244 -5.96046e-8 0 0 0 1</matrix>
                        <node id="node-Bip001_L_Finger0" name="Bip001_L_Finger0">
                          <matrix sid="matrix">0.8356916 0.4604326 0.2993668 0.01779097 0.3488943 -0.02412002 -0.9368514 0.01367193 -0.4241371 0.887366 -0.1807995 -0.02770385 0 0 0 1</matrix>
                          <node id="node-Bip001_L_Finger01" name="Bip001_L_Finger01">
                            <matrix sid="matrix">0.9286612 -0.349831 -0.1233152 0.05085602 0.343011 0.9364539 -0.07346766 -8.9407e-8 0.1411801 0.02592807 0.9896443 -1.19209e-7 0 0 0 1</matrix>
                            <node id="node-Bip001_L_Finger02" name="Bip001_L_Finger02">
                              <matrix sid="matrix">0.8724153 -0.476849 -0.107269 0.03437001 0.4679119 0.8782535 -0.09863716 0 0.1412444 0.03586011 0.989325 1.19209e-7 0 0 0 1</matrix>
                            </node>
                          </node>
                        </node>
                        <node id="node-Bip001_L_Finger1" name="Bip001_L_Finger1">
                          <matrix sid="matrix">0.7875988 -0.5777802 0.2141439 0.08567593 0.6161227 0.7333548 -0.2873731 -0.005999684 0.008994622 0.3582736 0.933573 -0.02973524 0 0 0 1</matrix>
                          <node id="node-Bip001_L_Finger11" name="Bip001_L_Finger11">
                            <matrix sid="matrix">0.8068533 -0.5906616 -0.01033539 0.05795401 0.5841656 0.7951301 0.1628452 0 -0.0879684 -0.1374298 0.9865974 5.96046e-8 0 0 0 1</matrix>
                            <node id="node-Bip001_L_Finger12" name="Bip001_L_Finger12">
                              <matrix sid="matrix">0.8553333 -0.5180618 0.004099997 0.0328511 0.510555 0.8442304 0.1631211 5.96046e-8 -0.0879682 -0.1374296 0.9865976 0 0 0 0 1</matrix>
                            </node>
                          </node>
                        </node>
                        <node id="node-Bip001_L_Finger2" name="Bip001_L_Finger2">
                          <matrix sid="matrix">0.7565215 -0.6515097 0.056662 0.09032291 0.6531389 0.7483509 -0.1156754 -0.01052225 0.03295986 0.1245188 0.9916695 -0.005256653 0 0 0 1</matrix>
                          <node id="node-Bip001_L_Finger21" name="Bip001_L_Finger21">
                            <matrix sid="matrix">0.7793903 -0.6265385 -1.851e-8 0.05795398 0.6265385 0.7793905 0 0 -1.86265e-8 3.72529e-9 1 -2.98023e-8 0 0 0 1</matrix>
                            <node id="node-Bip001_L_Finger22" name="Bip001_L_Finger22">
                              <matrix sid="matrix">0.8664974 -0.4991817 0 0.04148108 0.4991817 0.8664975 1.11759e-8 0 1.11759e-8 -3.91155e-8 1 2.98023e-8 0 0 0 1</matrix>
                            </node>
                          </node>
                        </node>
                        <node id="node-Bip001_L_Finger3" name="Bip001_L_Finger3">
                          <matrix sid="matrix">0.6577244 -0.7339766 -0.1693397 0.08558694 0.7530013 0.6465461 0.1223437 -0.009840488 0.01968796 -0.2079815 0.9779348 0.02070282 0 0 0 1</matrix>
                          <node id="node-Bip001_L_Finger31" name="Bip001_L_Finger31">
                            <matrix sid="matrix">0.9186891 -0.3920494 -0.04803822 0.05795395 0.3915209 0.9199442 -0.02034947 -1.19209e-7 0.05217052 -1.13189e-4 0.9986382 0 0 0 0 1</matrix>
                            <node id="node-Bip001_L_Finger32" name="Bip001_L_Finger32">
                              <matrix sid="matrix">0.8818747 -0.4692224 -0.04612378 0.03192705 0.4685886 0.8830801 -0.02437976 0 0.05217052 -1.1313e-4 0.9986382 2.98023e-8 0 0 0 1</matrix>
                            </node>
                          </node>
                        </node>
                        <node id="node-Bip001_L_Finger4" name="Bip001_L_Finger4">
                          <matrix sid="matrix">0.5783079 -0.7306172 -0.3629863 0.08973399 0.814499 0.5423661 0.2059859 -0.004826844 0.04637481 -0.4147746 0.9087421 0.04668486 0 0 0 1</matrix>
                          <node id="node-Bip001_L_Finger41" name="Bip001_L_Finger41">
                            <matrix sid="matrix">0.9224265 -0.3861728 1.49012e-8 0.03496796 0.3861729 0.9224265 -2.98023e-8 0 -2.98023e-8 2.98023e-8 1 2.98023e-8 0 0 0 1</matrix>
                            <node id="node-Bip001_L_Finger42" name="Bip001_L_Finger42">
                              <matrix sid="matrix">0.9604044 -0.2786097 -2.98023e-8 0.02205002 0.2786097 0.9604045 2.98023e-8 0 2.98023e-8 -2.98023e-8 1 0 0 0 0 1</matrix>
                            </node>
                          </node>
                        </node>
                      </node>
                    </node>
                  </node>
                </node>
                <node id="node-Bip001_R_Clavicle" name="Bip001_R_Clavicle">
                  <matrix sid="matrix">-0.3068428 -7.85321e-4 -0.9517598 0.1406265 -0.1572329 -0.9862176 0.05150488 0.02467227 -0.9386827 0.1654519 0.3024903 -0.05035794 0 0 0 1</matrix>
                  <node id="node-Bip001_R_UpperArm" name="Bip001_R_UpperArm">
                    <matrix sid="matrix">-0.07057557 0.9969106 -0.03447383 0.17644 -0.8255875 -0.03898059 0.5629259 0 0.5598431 0.06818997 0.8257881 1.19209e-7 0 0 0 1</matrix>
                    <node id="node-Bip001_R_Forearm" name="Bip001_R_Forearm">
                      <matrix sid="matrix">0.7535138 0.6574321 -2.98023e-8 0.302225 -0.6574322 0.7535139 5.58794e-8 7.45058e-9 -2.98023e-8 1.19209e-7 0.9999999 0 0 0 0 1</matrix>
                      <node id="node-Bip001_R_Hand" name="Bip001_R_Hand">
                        <matrix sid="matrix">0.9370065 -0.01708595 0.3488936 0.303522 0.2195793 -0.7479831 -0.6263435 -5.96046e-8 0.2716682 0.6634979 -0.6971133 -1.19209e-7 0 0 0 1</matrix>
                        <node id="node-Bip001_R_Finger0" name="Bip001_R_Finger0">
                          <matrix>0.8037893 0.4602646 -0.3769333 0.01779103 0.5107172 -0.2089089 0.8339813 0.01367195 0.3051081 -0.8628513 -0.4029842 0.02770394 0 0 0 1</matrix>
                          <node id="node-Bip001_R_Finger01" name="Bip001_R_Finger01">
                            <matrix sid="matrix">0.8362536 -0.5468491 0.04044589 0.05085602 0.5191399 0.8133109 0.2627153 0 -0.1765606 -0.1986997 0.9640254 2.98023e-8 0 0 0 1</matrix>
                            <node id="node-Bip001_R_Finger02" name="Bip001_R_Finger02">
                              <matrix sid="matrix">0.756563 -0.6539197 -0.001300842 0.03437006 0.6290388 0.7272303 0.2746751 0 -0.1786694 -0.2086272 0.9615362 0 0 0 0 1</matrix>
                            </node>
                          </node>
                        </node>
                        <node id="node-Bip001_R_Finger1" name="Bip001_R_Finger1">
                          <matrix>0.9940405 0.04466016 -0.09943962 0.08567601 -0.005843516 0.9327439 0.3604919 -0.005999625 0.1088515 -0.3577623 0.9274466 0.02973533 0 0 0 1</matrix>
                          <node id="node-Bip001_R_Finger11" name="Bip001_R_Finger11">
                            <matrix>0.6196443 -0.7742288 -0.1288838 0.05795401 0.7718646 0.6308784 -0.07885131 0 0.1423589 -0.05062112 0.9885199 -5.96046e-8 0 0 0 1</matrix>
                            <node id="node-Bip001_R_Finger12" name="Bip001_R_Finger12">
                              <matrix>0.1646769 -0.977017 -0.1353496 0.03285098 0.9822991 0.1748699 -0.0671497 8.9407e-8 0.0892749 -0.1218958 0.9885198 0 0 0 0 1</matrix>
                            </node>
                          </node>
                        </node>
                        <node id="node-Bip001_R_Finger2" name="Bip001_R_Finger2">
                          <matrix>0.8943933 -0.3994737 0.201201 0.09032303 0.4087129 0.9126505 -0.004815597 -0.01052217 -0.1817018 0.08654091 0.9795382 0.005256653 0 0 0 1</matrix>
                          <node id="node-Bip001_R_Finger21" name="Bip001_R_Finger21">
                            <matrix>-0.2901332 -0.9545648 0.06803812 0.05795395 0.9472036 -0.2965805 -0.1218422 2.98023e-8 0.136485 0.02909544 0.9902147 0 0 0 0 1</matrix>
                            <node id="node-Bip001_R_Finger22" name="Bip001_R_Finger22">
                              <matrix>0.4759744 -0.8781217 0.04848449 0.04148096 0.8746049 0.4668429 -0.1308588 0 0.09227531 0.1046902 0.9902147 0 0 0 0 1</matrix>
                            </node>
                          </node>
                        </node>
                        <node id="node-Bip001_R_Finger3" name="Bip001_R_Finger3">
                          <matrix>0.8017901 -0.581054 0.1396718 0.08558697 0.587656 0.8090758 -0.007588495 -0.009840518 -0.1085953 0.0881635 0.990169 -0.02070272 0 0 0 1</matrix>
                          <node id="node-Bip001_R_Finger31" name="Bip001_R_Finger31">
