<?xml version="1.0" encoding="utf-8"?>
<COLLADA xmlns="http://www.collada.org/2005/11/COLLADASchema" version="1.4.1">
  <asset>
    <contributor>
      <author>Setsu</author>
      <authoring_tool>OpenCOLLADA for 3ds Max;  Version: 1.3.1;  Revision: 847M;  Platform: x64;  Configuration: Release_Max2012_static</authoring_tool>
      <source_data>file:///D:/_Work/webgl/models/man/animation/gun/draw_wpn_gun.max</source_data>
    </contributor>
    <created>2012-09-04T13:40:13</created>
    <modified>2012-09-04T13:40:13</modified>
    <unit name="meter" meter="1"/>
    <up_axis>Z_UP</up_axis>
  </asset>
  <library_lights>
    <light id="EnvironmentAmbientLight" name="EnvironmentAmbientLight">
      <technique_common>
        <ambient>
          <color>0.019608 0.019608 0.019608</color>
        </ambient>
      </technique_common>
    </light>
  </library_lights>
  <library_visual_scenes>
    <visual_scene id="MaxScene">
      <node name="EnvironmentAmbientLight">
        <instance_light url="#EnvironmentAmbientLight"/>
      </node>
      <node id="node-Bip001" name="Bip001">
        <matrix sid="matrix">-0.5723473 0.8200113 -3.72529e-9 -0.0364531 -0.8198809 -0.5722563 -0.01783047 -0.009825243 -0.01462119 -0.01020522 0.999841 0.9622645 0 0 0 1</matrix>
        <node id="node-Bip001_Pelvis" name="Bip001_Pelvis">
          <matrix sid="matrix">-0.04494381 0.9659261 0.2548857 -0.02786902 -0.1344771 -0.258671 0.9565591 2.08616e-6 0.9898969 0.008715119 0.1415206 -4.07517e-4 0 0 0 1</matrix>
          <node id="node-Bip001_Spine" name="Bip001_Spine">
            <matrix sid="matrix">0.9391098 -0.1888746 -0.2870529 0.1045138 0.1483425 0.9763744 -0.1571224 0.01650918 0.3099474 0.1049729 0.9449407 0.01917477 0 0 0 1</matrix>
            <node id="node-Bip001_Spine1" name="Bip001_Spine1">
              <matrix sid="matrix">0.9969085 0.06334157 -0.04649109 0.1646256 -0.06480607 0.9974256 -0.03069938 -1.30743e-4 0.04442687 0.03361738 0.9984468 -4.39584e-6 0 0 0 1</matrix>
              <node id="node-Bip001_Spine2" name="Bip001_Spine2">
                <matrix sid="matrix">0.9549788 -0.2963725 0.01336801 0.1646729 0.2966297 0.9546447 -0.0257726 -1.2517e-4 -0.005123466 0.02857765 0.9995785 -3.75509e-6 0 0 0 1</matrix>
                <node id="node-Bip001_Neck" name="Bip001_Neck">
                  <matrix sid="matrix">0.9170024 -0.3902808 -0.08238375 0.1743857 0.3827092 0.9190678 -0.0940629 -0.007498324 0.1124273 0.0547269 0.9921516 -3.33786e-6 0 0 0 1</matrix>
                  <node id="node-Bip001_Head" name="Bip001_Head">
                    <matrix sid="matrix">0.9669912 -0.03357369 -0.2525886 0.08447993 -0.09608242 0.870065 -0.4834824 0.03011227 0.2360008 0.4917926 0.8381194 8.9407e-8 0 0 0 1</matrix>
                    <node id="node-Bip001_AngryBrowR" name="Bip001_AngryBrowR">
                      <matrix>0.00181216 -0.9852683 0.1710074 0.1354003 0.9995396 -0.003395706 -0.03015608 0.1043413 0.03029251 0.1709832 0.9848083 -0.01978298 0 0 0 1</matrix>
                    </node>
                    <node id="node-Bip001_SillyBrowL" name="Bip001_SillyBrowL">
                      <matrix>-0.004057169 -0.9597188 -0.280933 0.1346171 0.7867901 0.1703331 -0.5932522 0.0854848 0.6172074 -0.2234422 0.7544062 0.05988092 0 0 0 1</matrix>
                    </node>
                    <node id="node-Bip001_SillyBrowR" name="Bip001_SillyBrowR">
                      <matrix>-0.004056841 -0.9597205 0.2809278 0.1346171 0.7867939 0.1703287 0.5932485 0.0854851 -0.6172029 0.2234389 0.754411 -0.05988044 0 0 0 1</matrix>
                    </node>
                    <node id="node-Bip001_jaw" name="Bip001_jaw">
                      <matrix>0.3710407 -0.9275407 -0.04469162 0.07394218 0.8026186 0.3445304 -0.4869318 0.01053751 0.4670466 0.1448012 0.872296 -1.20588e-5 0 0 0 1</matrix>
                      <node id="node-Bip001_lowerLipL" name="Bip001_lowerLipL">
                        <matrix>-0.8336915 -0.3554322 -0.4226423 0.1074509 0.3746175 -0.9263142 0.04004896 -0.03483582 -0.4057342 -0.1249408 0.9054113 0.009654522 0 0 0 1</matrix>
                      </node>
                      <node id="node-Bip001_lowerLipR" name="Bip001_lowerLipR">
                        <matrix>0.7819585 1.84774e-6 -0.6233305 0.1074493 -0.6233306 -4.02331e-6 -0.7819585 -0.03484023 -3.91155e-6 1 -2.02656e-6 -0.009658933 0 0 0 1</matrix>
                      </node>
                    </node>
                    <node id="node-Bip001_upperLipL" name="Bip001_upperLipL">
                      <matrix>2.38419e-7 -6.46617e-6 -1 0.04530883 1 3.11574e-6 2.38419e-7 0.1161032 3.14415e-6 -1 6.40564e-6 0.009555254 0 0 0 1</matrix>
                    </node>
                    <node id="node-Bip001_upperLipR" name="Bip001_upperLipR">
                      <matrix>2.38419e-7 -1.20141e-5 1 0.04530883 1 -2.43122e-6 -2.08616e-7 0.1161032 2.40328e-6 1 1.19517e-5 -0.009554598 0 0 0 1</matrix>
                    </node>
                    <node id="node-Bip001_AngryBrowL" name="Bip001_AngryBrowL">
                      <matrix>0.00181216 -0.9852673 -0.1710128 0.1354002 0.9995397 -0.003394961 0.03015059 0.1043413 -0.03028696 -0.1709887 0.9848074 0.01978357 0 0 0 1</matrix>
                    </node>
                    <node id="node-Bone050" name="Bone050">
                      <matrix>-0.2718078 -3.94881e-7 0.962352 0.1766741 -0.9409115 0.209909 -0.2657522 0.01386476 -0.2020061 -0.9777212 -0.05705521 -0.080042 0 0 0 1</matrix>
                      <node id="node-Bone051" name="Bone051">
                        <matrix>0.8727056 -0.0677289 0.4835261 0.06664187 0.04994023 0.9975201 0.04958951 1.49012e-8 -0.4856859 -0.01912963 0.8739239 1.19209e-7 0 0 0 1</matrix>
                        <node id="node-Bone052" name="Bone052">
                          <matrix>0.9062542 -0.3886849 0.1662162 0.05545187 0.2715809 0.8366386 0.4756894 2.98023e-8 -0.3239559 -0.3859543 0.8637664 -1.19209e-7 0 0 0 1</matrix>
                          <node id="node-Bone053" name="Bone053">
                            <matrix>0.8183509 -0.4357321 -0.3747523 0.05517274 0.1430369 -0.4771262 0.8671163 -5.96046e-8 -0.5566342 -0.7632089 -0.3281313 0 0 0 0 1</matrix>
                            <node id="node-Bone054" name="Bone054">
                              <matrix>0.8138614 -0.1123603 -0.5700921 0.05649626 0.4602882 0.7234693 0.5145158 0 0.3546332 -0.6811509 0.6405218 0 0 0 0 1</matrix>
                            </node>
                          </node>
                        </node>
                      </node>
                    </node>
                    <node id="node-Bone044" name="Bone044">
                      <matrix>-0.09140614 -3.72529e-7 0.9958137 0.2017385 -0.9919919 0.08753214 -0.09105536 0.01348138 -0.08716565 -0.9961617 -0.00800135 -0.06964707 0 0 0 1</matrix>
                      <node id="node-Bone045" name="Bone045">
                        <matrix>0.7861628 0.1194515 0.6063657 0.07249838 -0.08783492 0.9927797 -0.08169394 2.5332e-7 -0.6117461 0.01096465 0.7909785 -1.43051e-6 0 0 0 1</matrix>
                        <node id="node-Bone046" name="Bone046">
                          <matrix>0.9278776 -0.2364842 0.288303 0.06258807 0.1528029 0.9464126 0.2845247 -1.04308e-7 -0.3401392 -0.2199506 0.9142908 4.05312e-6 0 0 0 1</matrix>
                          <node id="node-Bone047" name="Bone047">
                            <matrix>0.9307666 -0.3523223 0.09768249 0.06108767 0.1767301 0.6674466 0.7233816 5.96046e-8 -0.3200613 -0.6560364 0.683503 -1.19209e-7 0 0 0 1</matrix>
                            <node id="node-Bone048" name="Bone048">
                              <matrix>0.9457324 0.2373301 -0.2219569 0.07517123 -0.2279813 -0.002116308 -0.9736634 -1.19209e-7 -0.2315492 0.971427 0.05210519 0 0 0 0 1</matrix>
                              <node id="node-Bone049" name="Bone049">
                                <matrix>0.8586522 0.1722121 -0.4827631 0.08048499 -0.4657756 0.6552923 -0.5946811 -1.19209e-7 0.2139394 0.7354834 0.6428803 1.19209e-7 0 0 0 1</matrix>
                              </node>
                            </node>
                          </node>
                        </node>
                      </node>
                    </node>
                    <node id="node-Bone014" name="Bone014">
                      <matrix>-0.02865502 -2.94298e-7 0.9995892 0.2221859 -0.9993565 0.02160657 -0.0286482 0.004512906 -0.02159768 -0.9997668 -6.1943e-4 -0.05774582 0 0 0 1</matrix>
                      <node id="node-Bone015" name="Bone015">
                        <matrix>0.8968284 0.1569262 0.4136093 0.04459429 -0.1405922 0.9876002 -0.06985626 1.49012e-8 -0.419443 0.004498862 0.9077709 -3.93391e-6 0 0 0 1</matrix>
                        <node id="node-Bone016" name="Bone016">
                          <matrix>0.8073795 0.3848706 0.4472286 0.05171204 -0.2289694 0.9029424 -0.3636864 1.49012e-7 -0.5437936 0.1912312 0.8171406 2.38419e-7 0 0 0 1</matrix>
                          <node id="node-Bone017" name="Bone017">
                            <matrix>0.9567485 0.1163464 0.2666372 0.06625277 -0.06016748 0.9758647 -0.209923 0 -0.2846259 0.1848008 0.9406572 2.38419e-7 0 0 0 1</matrix>
                            <node id="node-Bone018" name="Bone018">
                              <matrix>0.9759617 -0.1837635 -0.1171753 0.07592642 0.2160517 0.7450927 0.6309979 1.19209e-7 -0.02864781 -0.641146 0.7668842 -4.52995e-6 0 0 0 1</matrix>
                              <node id="node-Bone019" name="Bone019">
                                <matrix>0.9469506 -0.1838324 -0.2636099 0.05424261 0.2948284 0.8233756 0.4849015 -2.98023e-8 0.1279092 -0.5368977 0.8338951 0 0 0 0 1</matrix>
                                <node id="node-Bone020" name="Bone020">
                                  <matrix>0.7088868 -0.5135251 -0.4834985 0.1070501 0.4797028 -0.1515179 0.8642494 0 -0.5170729 -0.8445907 0.1389304 0 0 0 0 1</matrix>
                                </node>
                              </node>
                            </node>
                          </node>
                        </node>
                      </node>
                    </node>
                    <node id="node-Bone006" name="Bone006">
                      <matrix>0.196101 -2.98023e-8 0.980584 0.2309459 -0.97891 0.05840611 0.1957662 0.03429449 -0.05727209 -0.9982931 0.01145346 -0.0269171 0 0 0 1</matrix>
                      <node id="node-Bone007" name="Bone007">
                        <matrix>0.9117422 -0.01410427 0.4105207 0.04605401 0.01401885 0.9998966 0.003218498 0 -0.4105237 0.002820563 0.9118454 0 0 0 0 1</matrix>
                        <node id="node-Bone008" name="Bone008">
                          <matrix>0.9392016 0.1158517 0.3232317 0.04755574 -0.1007923 0.9929104 -0.06300743 0 -0.3282396 0.02659745 0.9442204 1.19209e-7 0 0 0 1</matrix>
                          <node id="node-Bone009" name="Bone009">
                            <matrix>0.9081647 5.73508e-4 0.4186126 0.05169481 -3.7071e-4 0.9999999 -5.65736e-4 1.49012e-8 -0.4186128 3.58585e-4 0.9081648 -1.19209e-7 0 0 0 1</matrix>
                            <node id="node-Bone010" name="Bone010">
                              <matrix>0.9252816 -0.277404 0.2586523 0.0660634 0.1212467 0.8625093 0.4913011 -7.45058e-8 -0.3593791 -0.4232312 0.8316979 0 0 0 0 1</matrix>
                              <node id="node-Bone011" name="Bone011">
                                <matrix>0.9589166 -0.2158548 -0.1840784 0.06010842 0.2631018 0.4340237 0.8616266 1.49012e-7 -0.1060917 -0.87466 0.4729844 0 0 0 0 1</matrix>
                                <node id="node-Bone012" name="Bone012">
                                  <matrix>0.966953 -0.1915676 -0.1682376 0.05975711 0.2547095 0.7547972 0.6044863 9.53674e-7 0.01118523 -0.6273614 0.7786475 -2.08616e-7 0 0 0 1</matrix>
                                  <node id="node-Bone013" name="Bone013">
                                    <matrix>0.8543546 -0.001355827 -0.5196888 0.05263519 0.002830356 0.9999942 0.00204397 -5.96046e-8 0.5196829 -0.003217191 0.8543534 3.8743e-7 0 0 0 1</matrix>
                                  </node>
                                </node>
                              </node>
                            </node>
                          </node>
                        </node>
                      </node>
                    </node>
                    <node id="node-Bone021" name="Bone021">
                      <matrix>0.4470656 -1.44355e-7 0.8945012 0.2271243 -0.8945013 6.32461e-6 0.4470657 0.05075836 -5.72298e-6 -1 2.69793e-6 1.19209e-7 0 0 0 1</matrix>
                      <node id="node-Bone022" name="Bone022">
                        <matrix>0.9064242 4.99003e-6 0.4223689 0.03557789 -5.62007e-6 1 2.42144e-7 -1.86265e-8 -0.4223689 -2.59175e-6 0.9064242 0 0 0 0 1</matrix>
                        <node id="node-Bone023" name="Bone023">
                          <matrix>0.9613262 -9.5414e-7 0.2754122 0.04570854 9.16421e-7 1 2.62633e-7 -1.49012e-8 -0.2754123 4.65661e-10 0.9613262 0 0 0 0 1</matrix>
                          <node id="node-Bone024" name="Bone024">
                            <matrix>0.8313265 -1.69501e-6 0.5557857 0.05609787 1.18875e-6 1 1.27126e-6 7.45058e-9 -0.5557857 -3.95812e-7 0.8313265 -2.14577e-6 0 0 0 1</matrix>
                            <node id="node-Bone025" name="Bone025">
                              <matrix>0.9055952 5.82077e-11 0.4241419 0.06339753 9.31323e-10 1 0 0 -0.4241419 0 0.9055953 7.15256e-7 0 0 0 1</matrix>
                              <node id="node-Bone026" name="Bone026">
                                <matrix>0.9644741 1.10557e-5 0.2641778 0.06756556 -9.20612e-7 0.9999999 -3.84976e-5 7.45058e-9 -0.2641777 3.68864e-5 0.9644743 8.34465e-7 0 0 0 1</matrix>
                                <node id="node-Bone027" name="Bone027">
                                  <matrix>0.9817942 -1.13761e-6 -0.1899466 0.07909274 9.83197e-6 1 4.48292e-5 7.45058e-9 0.1899466 -4.58783e-5 0.9817942 -5.96046e-7 0 0 0 1</matrix>
                                  <node id="node-Bone028" name="Bone028">
                                    <matrix>0.9998927 2.05869e-6 0.01466203 0.07343221 -1.90688e-6 1 -1.03707e-5 -3.72529e-9 -0.01466206 1.03419e-5 0.9998927 0 0 0 0 1</matrix>
                                  </node>
                                </node>
                              </node>
                            </node>
                          </node>
                        </node>
                      </node>
                    </node>
                    <node id="node-Bone029" name="Bone029">
                      <matrix>0.1961011 -9.87202e-8 0.9805838 0.2309458 -0.9789101 -0.05839983 0.1957663 0.03429437 0.05726588 -0.9982933 -0.01145236 0.02691687 0 0 0 1</matrix>
                      <node id="node-Bone030" name="Bone030">
                        <matrix>0.9117724 0.01410466 0.4104535 0.04605365 -0.01401946 0.9998964 -0.003217548 -7.45058e-8 -0.4104564 -0.002820665 0.9118758 -3.93391e-6 0 0 0 1</matrix>
                        <node id="node-Bone031" name="Bone031">
                          <matrix>0.9391772 -0.1158523 0.3233027 0.04755455 0.1007911 0.9929109 0.06300678 0 -0.3283098 -0.02658845 0.9441957 1.19209e-7 0 0 0 1</matrix>
                          <node id="node-Bone032" name="Bone032">
                            <matrix>0.9038532 0.04105058 0.4258696 0.05169514 -0.02617575 0.9988274 -0.04072464 0 -0.4270421 0.02566157 0.9038679 0 0 0 0 1</matrix>
                            <node id="node-Bone033" name="Bone033">
                              <matrix>0.9352221 0.2103268 0.2848186 0.06606317 -0.0920823 0.9212399 -0.3779384 -1.86265e-9 -0.3418767 0.3272296 0.8809316 0 0 0 0 1</matrix>
                              <node id="node-Bone034" name="Bone034">
                                <matrix>0.9540269 0.2209558 -0.202513 0.06010938 -0.2726005 0.3588101 -0.8927174 5.96046e-8 -0.1245871 0.9068815 0.4025471 0 0 0 0 1</matrix>
                                <node id="node-Bone035" name="Bone035">
                                  <matrix>0.9640254 0.184163 -0.1916737 0.05975628 -0.262284 0.7761135 -0.5734579 0 0.04315071 0.6031009 0.7964967 -5.96046e-8 0 0 0 1</matrix>
                                  <node id="node-Bone036" name="Bone036">
                                    <matrix>0.8694143 0.01521921 -0.4938492 0.05263567 -0.02966288 0.9993308 -0.02142417 -1.19209e-7 0.4931928 0.03327514 0.8692834 0 0 0 0 1</matrix>
                                  </node>
                                </node>
                              </node>
                            </node>
                          </node>
                        </node>
                      </node>
                    </node>
                    <node id="node-Bone037" name="Bone037">
                      <matrix>-0.03296223 1.65775e-7 0.9994566 0.2221859 -0.9989802 -0.03087517 -0.03294644 0.004512548 0.03085839 -0.9995236 0.001017877 0.05774582 0 0 0 1</matrix>
                      <node id="node-Bone038" name="Bone038">
                        <matrix>0.8929765 -0.1232729 0.4328945 0.04459441 0.1165006 0.9922913 0.04225146 5.21541e-8 -0.434766 0.01270288 0.9004542 0 0 0 0 1</matrix>
                        <node id="node-Bone039" name="Bone039">
                          <matrix>0.8104644 -0.3801516 0.4456804 0.05171022 0.2161753 0.9012178 0.3755988 7.45058e-9 -0.5444399 -0.2080643 0.8125844 -1.78814e-6 0 0 0 1</matrix>
                          <node id="node-Bone040" name="Bone040">
                            <matrix>0.9648311 -0.1429276 0.2206183 0.06625348 0.07894541 0.9580725 0.2754364 -5.96046e-8 -0.2507358 -0.2483326 0.9356616 0 0 0 0 1</matrix>
                            <node id="node-Bone041" name="Bone041">
                              <matrix>0.9759557 0.1838065 -0.1171585 0.07592791 -0.2160679 0.7449557 -0.6311549 2.38419e-7 -0.02873255 0.6412933 0.7667582 0 0 0 0 1</matrix>
                              <node id="node-Bone042" name="Bone042">
                                <matrix>0.9450258 0.2399526 -0.2221448 0.05424112 -0.3174697 0.8360454 -0.4474816 1.49012e-8 0.07834879 0.4934064 0.8662629 2.38419e-7 0 0 0 1</matrix>
                                <node id="node-Bone043" name="Bone043">
                                  <matrix>0.7633408 0.4381691 -0.4746785 0.1070514 -0.4467452 -0.1726973 -0.8778356 -5.96046e-8 -0.4666158 0.8821476 0.06392273 -1.19209e-7 0 0 0 1</matrix>
                                </node>
                              </node>
                            </node>
                          </node>
                        </node>
                      </node>
                    </node>
                    <node id="node-Bone055" name="Bone055">
                      <matrix>-0.09140578 1.78814e-7 0.9958143 0.2017386 -0.9919923 -0.08752596 -0.09105495 0.01348102 0.08715954 -0.9961624 0.00800056 0.06964708 0 0 0 1</matrix>
                      <node id="node-Bone056" name="Bone056">
                        <matrix>0.7861558 -0.1194354 0.6063781 0.07249784 0.08782187 0.9927815 0.08168432 3.57628e-7 -0.6117567 -0.01096335 0.7909697 -1.19209e-7 0 0 0 1</matrix>
                        <node id="node-Bone057" name="Bone057">
                          <matrix>0.9220536 0.282224 0.2648901 0.06258498 -0.1853494 0.9227366 -0.3379383 -3.27826e-7 -0.339798 0.2625 0.9031228 0 0 0 0 1</matrix>
                          <node id="node-Bone058" name="Bone058">
                            <matrix>0.9331158 0.3402687 0.1162441 0.06108952 -0.1721811 0.7066321 -0.6863126 0 -0.3156725 0.6203943 0.7179571 1.19209e-7 0 0 0 1</matrix>
                            <node id="node-Bone059" name="Bone059">
                              <matrix>0.9435688 -0.2433106 -0.2246736 0.07516992 0.22795 -0.01498595 0.9735572 0 -0.2402438 -0.9698328 0.04132229 0 0 0 0 1</matrix>
                              <node id="node-Bone060" name="Bone060">
                                <matrix>0.8586497 -0.1722088 -0.4827677 0.08048636 0.465779 0.655285 0.5946857 5.96046e-8 0.2139404 -0.7354898 0.6428717 -1.19209e-7 0 0 0 1</matrix>
                              </node>
                            </node>
                          </node>
                        </node>
                      </node>
                    </node>
                    <node id="node-Bone061" name="Bone061">
                      <matrix>-0.2765532 5.88596e-7 0.9609985 0.1766738 -0.9376869 -0.2189246 -0.2698443 0.0138644 0.2103862 -0.9757422 0.06054478 0.08005001 0 0 0 1</matrix>
                      <node id="node-Bone062" name="Bone062">
                        <matrix>0.8800435 0.03148922 0.4738474 0.06630623 -0.02342629 0.999463 -0.02291051 7.45058e-8 -0.4743145 0.009061739 0.8803089 -1.90735e-6 0 0 0 1</matrix>
                        <node id="node-Bone063" name="Bone063">
                          <matrix>0.898427 0.4092895 0.1590954 0.05577612 -0.2856669 0.8199126 -0.4961223 -1.49012e-8 -0.3335019 0.4002814 0.8535521 0 0 0 0 1</matrix>
                          <node id="node-Bone064" name="Bone064">
                            <matrix>0.813628 0.4382423 -0.3820377 0.05538911 -0.1488504 -0.4781921 -0.8655492 -1.19209e-7 -0.562008 0.7611018 -0.3238379 0 0 0 0 1</matrix>
                            <node id="node-Bone065" name="Bone065">
                              <matrix>0.8752897 0.08609423 -0.4758735 0.05682147 -0.3054109 0.8613696 -0.4059146 0 0.374956 0.5006299 0.7802421 -5.96046e-8 0 0 0 1</matrix>
                            </node>
                          </node>
                        </node>
                      </node>
                    </node>
                    <node id="node-Bone077" name="Bone077">
                      <matrix>-0.01158974 5.96046e-7 0.999933 0.1375991 -0.872439 -0.4886191 -0.01011166 0.03142536 0.4885862 -0.8724975 0.005663479 0.05968321 0 0 0 1</matrix>
                      <node id="node-Bone078" name="Bone078">
                        <matrix>0.7043356 -0.4953953 0.5084243 0.06178039 0.3977997 0.8686491 0.2953046 4.76837e-7 -0.5879346 -0.005742433 0.8088884 4.37498e-5 0 0 0 1</matrix>
                        <node id="node-Bone079" name="Bone079">
                          <matrix>0.7459561 -0.6548733 0.1212058 0.1102705 0.4237671 0.6071163 0.6721836 -7.45058e-9 -0.5137812 -0.4500562 0.7303956 1.19209e-7 0 0 0 1</matrix>
                          <node id="node-Bone080" name="Bone080">
                            <matrix>0.8926533 0.2532577 0.3728679 0.1663148 -0.1483835 0.9462286 -0.2874602 0 -0.4256198 0.201275 0.8822337 0 0 0 0 1</matrix>
                            <node id="node-Bone081" name="Bone081">
                              <matrix>0.9320754 0.1246797 -0.3401321 0.137991 -0.1721553 -0.6736671 -0.7187042 0 -0.3187435 0.7284418 -0.6064442 -1.19209e-7 0 0 0 1</matrix>
                            </node>
                          </node>
                        </node>
                      </node>
                    </node>
                    <node id="node-Bone066" name="Bone066">
                      <matrix>-0.2908011 -2.75671e-7 0.9567835 0.1378931 -0.9335833 0.2188804 -0.2837497 0.009998918 -0.2094211 -0.9757518 -0.06365094 -0.07983375 0 0 0 1</matrix>
                      <node id="node-Bone067" name="Bone067">
                        <matrix>0.7965989 0.4133026 0.4411482 0.08105612 -0.3324228 0.909016 -0.2513688 -2.98023e-8 -0.504902 0.05359238 0.8615116 -2.98023e-6 0 0 0 1</matrix>
                        <node id="node-Bone068" name="Bone068">
                          <matrix>0.9018515 0.4028897 0.1560252 0.06413402 -0.2337512 0.7587149 -0.608039 -2.68221e-7 -0.3633517 0.5118901 0.7784244 2.38419e-7 0 0 0 1</matrix>
                          <node id="node-Bone069" name="Bone069">
                            <matrix>0.999895 0.01424572 0.002566934 0.08350694 -0.01418543 0.9996532 -0.02217156 1.19209e-7 -0.002881914 0.02213269 0.9997508 0 0 0 0 1</matrix>
                            <node id="node-Bone070" name="Bone070">
                              <matrix>0.9643175 -0.1502271 0.2179987 0.08289564 0.09696233 0.9666111 0.237196 0 -0.2463528 -0.2075951 0.946686 1.19209e-7 0 0 0 1</matrix>
                              <node id="node-Bone071" name="Bone071">
                                <matrix>0.9585639 -0.1121205 0.2618872 0.06400186 0.0354937 0.9591345 0.2807152 0 -0.2826594 -0.2597879 0.9233711 0 0 0 0 1</matrix>
                                <node id="node-Bone072" name="Bone072">
                                  <matrix>0.9640761 -0.03288293 -0.2635826 0.07497579 0.2330034 -0.3717678 0.8986086 5.96046e-8 -0.1275405 -0.9277429 -0.3507507 0 0 0 0 1</matrix>
                                </node>
                              </node>
                            </node>
                          </node>
                        </node>
                      </node>
                    </node>
                    <node id="node-Bone073" name="Bone073">
                      <matrix>-0.2925558 1.49012e-7 0.9562489 0.0924896 -0.954704 0.05680941 -0.2920834 -0.03078878 -0.05432393 -0.998385 -0.01661978 -0.07006145 0 0 0 1</matrix>
                      <node id="node-Bone074" name="Bone074">
                        <matrix>0.6387706 0.4660809 0.6121608 0.05861652 -0.2161335 0.8722985 -0.4386137 2.23517e-8 -0.7384159 0.1478651 0.657934 0 0 0 0 1</matrix>
                        <node id="node-Bone075" name="Bone075">
                          <matrix>0.9669389 -0.2549824 -0.003659755 0.08270764 0.2245849 0.8446918 0.4858575 0 -0.1207937 -0.4706161 0.8740307 -1.19209e-7 0 0 0 1</matrix>
                          <node id="node-Bone076" name="Bone076">
                            <matrix>0.9027888 -0.3799327 -0.201553 0.1038885 0.1286856 -0.2085412 0.9695105 0 -0.4103809 -0.9012 -0.1393765 -1.19209e-7 0 0 0 1</matrix>
                          </node>
                        </node>
                      </node>
                    </node>
                    <node id="node-Bone082" name="Bone082">
                      <matrix>-0.3110905 3.22238e-7 0.9503804 0.09530377 -0.9488456 -0.05680679 -0.3105882 -0.03142178 0.05398794 -0.9983854 0.01767235 0.06847609 0 0 0 1</matrix>
                      <node id="node-Bone083" name="Bone083">
                        <matrix>0.6710566 -0.4341135 0.6010228 0.05861515 0.1827009 0.8824793 0.4334168 2.12342e-7 -0.7185423 -0.18104 0.6715065 4.88758e-6 0 0 0 1</matrix>
                        <node id="node-Bone084" name="Bone084">
                          <matrix>0.9794418 0.1983212 0.03691365 0.08271182 -0.1548231 0.8563237 -0.492687 5.96046e-8 -0.1293202 0.4768433 0.8694237 1.19209e-7 0 0 0 1</matrix>
                          <node id="node-Bone085" name="Bone085">
                            <matrix>0.9224286 0.3760584 -0.08778418 0.1038883 -0.1378097 0.1082106 -0.9845294 -1.3411e-7 -0.3607414 0.9202556 0.151641 -1.19209e-7 0 0 0 1</matrix>
                            <node id="node-Bone086" name="Bone086">
                              <matrix>0.9832617 0.04322931 -0.1769952 0.1096957 -0.1237179 0.8715611 -0.4744205 2.38419e-7 0.1337534 0.4883772 0.8623211 5.96046e-8 0 0 0 1</matrix>
                            </node>
                          </node>
                        </node>
                      </node>
                    </node>
                  </node>
                </node>
                <node id="node-Bip001_backpack_01" name="Bip001_backpack_01">
                  <matrix sid="matrix">-0.9792178 0.2028019 -0.001978815 0.2016004 -0.2027961 -0.9792169 -0.002801955 -0.08787799 -0.002505928 -0.002342381 0.999994 4.47035e-7 0 0 0 1</matrix>
                  <node id="node-Bip001_rope_01" name="Bip001_rope_01">
                    <matrix sid="matrix">0.7911105 -0.5706268 0.2202929 0.4241386 -0.5960024 -0.8001148 0.06780408 0.08792353 0.1375688 -0.1849356 -0.9730744 0.09922138 0 0 0 1</matrix>
                    <node id="node-Bip001_rope_02" name="Bip001_rope_02">
                      <matrix sid="matrix">0.9993812 -0.02325742 0.02639263 0.09589994 -0.02437364 -0.9987869 0.042791 8.34167e-5 0.02536541 -0.04340784 -0.9987356 3.60608e-6 0 0 0 1</matrix>
                      <node id="node-Bip001_rope_03" name="Bip001_rope_03">
                        <matrix sid="matrix">0.9984597 -0.04565974 -0.03152194 0.1048738 0.03999326 0.9860584 -0.1615222 -1.02341e-4 0.03845754 0.1600128 0.9863656 -0.001042627 0 0 0 1</matrix>
                      </node>
                    </node>
                  </node>
                  <node id="node-Bip001_Xtra17" name="Bip001_Xtra17">
                    <matrix>-0.04419938 -0.7063962 -0.7064353 0.1551489 0.9990226 -0.03164938 -0.03085795 0.112457 -5.60299e-4 -0.7071087 0.7071046 6.88136e-5 0 0 0 1</matrix>
                    <node id="node-Bip001_Xtra18" name="Bip001_Xtra18">
                      <matrix>1 2.98023e-8 -2.98023e-8 0.02474701 -2.98023e-8 1 2.68221e-7 -2.25306e-5 -2.98023e-8 -3.27826e-7 1 0 0 0 0 1</matrix>
                    </node>
                    <node id="node-Bip001_Xtra19" name="Bip001_Xtra19">
                      <matrix>0.9999994 -7.96348e-4 7.98613e-4 0.0290457 -7.96378e-4 -0.9999998 -1.46031e-6 0.02995086 7.98494e-4 9.23872e-7 -0.9999999 -7.4923e-5 0 0 0 1</matrix>
                    </node>
                    <node id="node-Bip001_Xtra20" name="Bip001_Xtra20">
                      <matrix>0.9999918 -0.003981292 7.88838e-4 0.0288974 0.003981233 0.9999922 6.28829e-6 -0.03234434 -7.88957e-4 -3.21865e-6 0.9999998 -7.51019e-5 0 0 0 1</matrix>
                    </node>
                  </node>
                  <node id="node-Bip001_Xtra01" name="Bip001_Xtra01">
                    <matrix sid="matrix">0.9980924 -0.06089211 0.01018675 0.2139946 0.06087953 0.998144 0.001538828 0.05373996 -0.01026151 -9.15766e-4 0.999947 0.1710362 0 0 0 1</matrix>
                  </node>
                  <node id="node-Bip001_Xtra01Opp" name="Bip001_Xtra01Opp">
                    <matrix sid="matrix">0.9982424 -0.05840915 0.01002972 0.2139944 0.05839637 0.9982924 0.001561791 0.05373996 -0.01010384 -9.73374e-4 0.9999486 -0.1722648 0 0 0 1</matrix>
                  </node>
                </node>
                <node id="node-Bip001_L_Clavicle" name="Bip001_L_Clavicle">
                  <matrix sid="matrix">-0.1281997 -7.44641e-4 0.9917479 0.1406265 -0.3513236 -0.9351176 -0.0461165 0.02467197 0.9274355 -0.3543366 0.1196202 0.05035806 0 0 0 1</matrix>
                  <node id="node-Bip001_L_UpperArm" name="Bip001_L_UpperArm">
                    <matrix sid="matrix">0.007492587 0.9982226 0.05912715 0.17644 -0.7505038 0.04468828 -0.6593537 -5.96046e-8 -0.6608238 -0.03943483 0.7495046 -1.19209e-7 0 0 0 1</matrix>
                    <node id="node-Bip001_L_Forearm" name="Bip001_L_Forearm">
                      <matrix sid="matrix">0.7399204 0.6726944 0 0.3022251 -0.6726943 0.7399203 -1.49012e-8 0 7.45058e-8 2.98023e-8 0.9999999 0 0 0 0 1</matrix>
                      <node id="node-Bip001_L_Hand" name="Bip001_L_Hand">
                        <matrix sid="matrix">0.9935942 0.1066474 0.03737757 0.3035221 0.1100154 -0.8372326 -0.5356662 0 -0.02583365 0.5363469 -0.8436022 -5.96046e-8 0 0 0 1</matrix>
                        <node id="node-Bip001_L_Finger0" name="Bip001_L_Finger0">
                          <matrix sid="matrix">0.8354492 0.460425 0.3000545 0.01779106 0.349596 -0.02397901 -0.9365933 0.01367187 -0.424037 0.8873737 -0.1809963 -0.02770387 0 0 0 1</matrix>
                          <node id="node-Bip001_L_Finger01" name="Bip001_L_Finger01">
                            <matrix sid="matrix">0.928767 -0.3497777 -0.1226678 0.05085602 0.3430289 0.9364774 -0.07308389 0 0.1404387 0.02579926 0.9897532 0 0 0 0 1</matrix>
                            <node id="node-Bip001_L_Finger02" name="Bip001_L_Finger02">
                              <matrix sid="matrix">0.8725142 -0.4767998 -0.1066811 0.03437003 0.4679507 0.8782853 -0.09816784 5.96046e-8 0.1405028 0.03573137 0.9894352 5.96046e-8 0 0 0 1</matrix>
                            </node>
                          </node>
                        </node>
                        <node id="node-Bip001_L_Finger1" name="Bip001_L_Finger1">
                          <matrix sid="matrix">0.7886922 -0.5762146 0.214338 0.08567595 0.6147271 0.7342128 -0.2881702 -0.005999684 0.008677909 0.3590369 0.9332829 -0.02973522 0 0 0 1</matrix>
                          <node id="node-Bip001_L_Finger11" name="Bip001_L_Finger11">
                            <matrix sid="matrix">0.8078932 -0.5892418 -0.01013756 0.05795407 0.5828136 0.7962922 0.1620093 -5.96046e-8 -0.08739024 -0.1367945 0.9867372 0 0 0 0 1</matrix>
                            <node id="node-Bip001_L_Finger12" name="Bip001_L_Finger12">
                              <matrix sid="matrix">0.8562497 -0.5165449 0.004223205 0.03285098 0.5091163 0.8452626 0.162271 0 -0.08738995 -0.1367944 0.9867373 5.96046e-8 0 0 0 1</matrix>
                            </node>
                          </node>
                        </node>
                        <node id="node-Bip001_L_Finger2" name="Bip001_L_Finger2">
                          <matrix sid="matrix">0.7575086 -0.6503618 0.05666201 0.09032303 0.6520032 0.7493406 -0.1156754 -0.01052225 0.03277094 0.1245687 0.9916696 -0.005256549 0 0 0 1</matrix>
                          <node id="node-Bip001_L_Finger21" name="Bip001_L_Finger21">
                            <matrix sid="matrix">0.7803397 -0.6253559 -2.61934e-9 0.05795404 0.6253559 0.7803397 -3.72529e-9 0 -3.72529e-9 1.11759e-8 1 0 0 0 0 1</matrix>
                            <node id="node-Bip001_L_Finger22" name="Bip001_L_Finger22">
                              <matrix sid="matrix">0.8672533 -0.4978672 7.45058e-9 0.04148102 0.4978673 0.8672533 -1.86265e-8 0 -3.72529e-9 -3.72529e-9 1 0 0 0 0 1</matrix>
                            </node>
                          </node>
                        </node>
                        <node id="node-Bip001_L_Finger3" name="Bip001_L_Finger3">
                          <matrix sid="matrix">0.6588644 -0.7330018 -0.169131 0.08558702 0.752003 0.6476727 0.1225249 -0.009840608 0.01972993 -0.2079143 0.9779482 0.02070282 0 0 0 1</matrix>
                          <node id="node-Bip001_L_Finger31" name="Bip001_L_Finger31">
                            <matrix sid="matrix">0.9187069 -0.3920389 -0.04778475 0.05795395 0.391516 0.9199487 -0.02024174 0 0.05189511 -1.12236e-4 0.9986526 0 0 0 0 1</matrix>
                            <node id="node-Bip001_L_Finger32" name="Bip001_L_Finger32">
                              <matrix sid="matrix">0.8818927 -0.4692123 -0.04588039 0.03192699 0.4685852 0.8830854 -0.02425082 0 0.05189507 -1.12258e-4 0.9986526 -2.98023e-8 0 0 0 1</matrix>
                            </node>
                          </node>
                        </node>
                        <node id="node-Bip001_L_Finger4" name="Bip001_L_Finger4">
                          <matrix sid="matrix">0.5801266 -0.729174 -0.3629862 0.08973402 0.8131449 0.5443941 0.2059859 -0.004826784 0.04740814 -0.4146577 0.9087421 0.04668491 0 0 0 1</matrix>
                          <node id="node-Bip001_L_Finger41" name="Bip001_L_Finger41">
                            <matrix sid="matrix">0.9220994 -0.3869533 -7.45058e-9 0.03496796 0.3869532 0.9220994 -2.98023e-8 0 -4.47035e-8 -2.98023e-8 0.9999999 -2.98023e-8 0 0 0 1</matrix>
                            <node id="node-Bip001_L_Finger42" name="Bip001_L_Finger42">
                              <matrix sid="matrix">0.9601684 -0.2794223 1.49012e-8 0.02205002 0.2794222 0.9601682 5.96046e-8 -5.96046e-8 0 -4.47035e-8 0.9999999 2.98023e-8 0 0 0 1</matrix>
                            </node>
                          </node>
                        </node>
                      </node>
                    </node>
                  </node>
                </node>
                <node id="node-Bip001_R_Clavicle" name="Bip001_R_Clavicle">
                  <matrix sid="matrix">-0.3068428 -7.85351e-4 -0.9517597 0.1406267 -0.1572329 -0.9862174 0.05150488 0.0246723 -0.9386827 0.1654519 0.3024903 -0.05035791 0 0 0 1</matrix>
                  <node id="node-Bip001_R_UpperArm" name="Bip001_R_UpperArm">
                    <matrix sid="matrix">-0.04463991 0.998637 -0.02704703 0.1764399 -0.829785 -0.02198874 0.5576499 2.98023e-8 0.5562949 0.04733663 0.8296356 -1.19209e-7 0 0 0 1</matrix>
                    <node id="node-Bip001_R_Forearm" name="Bip001_R_Forearm">
                      <matrix sid="matrix">0.7495179 0.6619843 0 0.3022249 -0.6619842 0.7495177 -1.11759e-8 1.49012e-8 2.98023e-8 2.98023e-8 1 0 0 0 0 1</matrix>
                      <node id="node-Bip001_R_Hand" name="Bip001_R_Hand">
                        <matrix sid="matrix">0.9330397 0.02469859 0.3589247 0.303522 0.2582377 -0.7406049 -0.6203367 5.96046e-8 0.2504999 0.6714867 -0.6973919 0 0 0 0 1</matrix>
                        <node id="node-Bip001_R_Finger0" name="Bip001_R_Finger0">
                          <matrix sid="matrix">0.8037893 0.4602646 -0.3769333 0.01779103 0.5107172 -0.2089089 0.8339812 0.01367196 0.3051081 -0.8628511 -0.4029841 0.02770382 0 0 0 1</matrix>
                          <node id="node-Bip001_R_Finger01" name="Bip001_R_Finger01">
                            <matrix sid="matrix">0.8362537 -0.5468491 0.04044579 0.05085593 0.5191398 0.8133107 0.2627153 -1.19209e-7 -0.1765607 -0.1986995 0.9640253 2.98023e-8 0 0 0 1</matrix>
                            <node id="node-Bip001_R_Finger02" name="Bip001_R_Finger02">
                              <matrix sid="matrix">0.7565628 -0.6539194 -0.001300842 0.03437012 0.6290388 0.7272303 0.2746751 0 -0.1786693 -0.2086273 0.9615361 0 0 0 0 1</matrix>
                            </node>
                          </node>
                        </node>
                        <node id="node-Bip001_R_Finger1" name="Bip001_R_Finger1">
                          <matrix>0.9940406 0.04466018 -0.09943962 0.08567607 -0.005843595 0.9327438 0.3604919 -0.005999655 0.1088514 -0.3577622 0.9274465 0.02973527 0 0 0 1</matrix>
                          <node id="node-Bip001_R_Finger11" name="Bip001_R_Finger11">
                            <matrix>0.6196442 -0.7742287 -0.1288838 0.05795392 0.7718645 0.6308783 -0.07885136 5.96046e-8 0.142359 -0.05062115 0.9885198 0 0 0 0 1</matrix>
                            <node id="node-Bip001_R_Finger12" name="Bip001_R_Finger12">
                              <matrix>0.164677 -0.977017 -0.1353495 0.03285092 0.9822991 0.1748698 -0.06714964 2.98023e-8 0.08927488 -0.1218957 0.9885198 0 0 0 0 1</matrix>
                            </node>
                          </node>
                        </node>
                        <node id="node-Bip001_R_Finger2" name="Bip001_R_Finger2">
                          <matrix>0.8943933 -0.3994736 0.201201 0.09032297 0.4087128 0.9126504 -0.00481561 -0.01052213 -0.1817018 0.08654091 0.9795381 0.005256593 0 0 0 1</matrix>
                          <node id="node-Bip001_R_Finger21" name="Bip001_R_Finger21">
                            <matrix>-0.2901331 -0.9545647 0.06803811 0.05795395 0.9472038 -0.2965803 -0.1218422 -2.98023e-8 0.136485 0.02909543 0.9902147 0 0 0 0 1</matrix>
                            <node id="node-Bip001_R_Finger22" name="Bip001_R_Finger22">
                              <matrix>0.4759742 -0.8781216 0.04848452 0.04148096 0.8746049 0.4668427 -0.1308587 -5.96046e-8 0.09227534 0.1046902 0.9902148 0 0 0 0 1</matrix>
                            </node>
                          </node>
                        </node>
                        <node id="node-Bip001_R_Finger3" name="Bip001_R_Finger3">
