<?xml version="1.0" encoding="utf-8"?>
<COLLADA xmlns="http://www.collada.org/2005/11/COLLADASchema" version="1.4.1">
  <asset>
    <contributor>
      <author>Setsu</author>
      <authoring_tool>OpenCOLLADA for 3ds Max;  Version: 1.3.1;  Revision: 847M;  Platform: x64;  Configuration: Release_Max2012_static</authoring_tool>
      <source_data>file:///D:/_Work/webgl/models/man/animation/gun/draw_wpn_gun.max</source_data>
    </contributor>
    <created>2012-09-04T14:03:37</created>
    <modified>2012-09-04T14:03:37</modified>
    <unit name="meter" meter="1"/>
    <up_axis>Z_UP</up_axis>
  </asset>
  <library_lights>
    <light id="EnvironmentAmbientLight" name="EnvironmentAmbientLight">
      <technique_common>
        <ambient>
          <color>0.019608 0.019608 0.019608</color>
        </ambient>
      </technique_common>
    </light>
  </library_lights>
  <library_visual_scenes>
    <visual_scene id="MaxScene">
      <node name="EnvironmentAmbientLight">
        <instance_light url="#EnvironmentAmbientLight"/>
      </node>
      <node id="node-Bip001" name="Bip001">
        <matrix sid="matrix">-0.5723473 0.8200113 -3.72529e-9 -0.0364531 -0.8198809 -0.5722563 -0.01783047 -0.009825243 -0.01462119 -0.01020522 0.999841 0.9622645 0 0 0 1</matrix>
        <node id="node-Bip001_Pelvis" name="Bip001_Pelvis">
          <matrix sid="matrix">-0.04494381 0.9659261 0.2548857 -0.02786902 -0.1344771 -0.258671 0.9565591 2.08616e-6 0.9898969 0.008715119 0.1415206 -4.07517e-4 0 0 0 1</matrix>
          <node id="node-Bip001_Spine" name="Bip001_Spine">
            <matrix sid="matrix">0.9955621 0.06586148 -0.06721959 0.1044804 -0.07480726 0.987228 -0.1406586 0.01650777 0.05709707 0.1450627 0.9877734 0.01916952 0 0 0 1</matrix>
            <node id="node-Bip001_Spine1" name="Bip001_Spine1">
              <matrix sid="matrix">0.9964873 0.06361252 -0.05446751 0.1646255 -0.06511074 0.9975343 -0.02618681 -1.30773e-4 0.05266738 0.02964139 0.9981722 -3.89293e-6 0 0 0 1</matrix>
              <node id="node-Bip001_Spine2" name="Bip001_Spine2">
                <matrix sid="matrix">0.9553794 -0.2953402 0.0049341 0.1646726 0.2953759 0.9551264 -0.02205859 -1.25244e-4 0.001802113 0.02253172 0.9997444 -2.95416e-6 0 0 0 1</matrix>
                <node id="node-Bip001_Neck" name="Bip001_Neck">
                  <matrix sid="matrix">0.9803016 -0.1869298 0.06376389 0.1743733 0.193147 0.9747844 -0.1117565 -0.007501706 -0.04126541 0.121871 0.9916877 -7.3947e-6 0 0 0 1</matrix>
                  <node id="node-Bip001_Head" name="Bip001_Head">
                    <matrix sid="matrix">0.9659931 0.1381177 -0.2185887 0.08447993 -0.2325786 0.8335212 -0.5011485 0.03011218 0.1129808 0.534945 0.8372991 8.9407e-8 0 0 0 1</matrix>
                    <node id="node-Bip001_AngryBrowR" name="Bip001_AngryBrowR">
                      <matrix>0.001812048 -0.9852682 0.1710073 0.1354003 0.9995394 -0.003395706 -0.03015608 0.1043413 0.03029251 0.1709832 0.9848082 -0.01978298 0 0 0 1</matrix>
                    </node>
                    <node id="node-Bip001_SillyBrowL" name="Bip001_SillyBrowL">
                      <matrix>-0.004057266 -0.9597188 -0.280933 0.1346171 0.78679 0.1703331 -0.5932521 0.08548471 0.6172074 -0.2234422 0.7544061 0.05988092 0 0 0 1</matrix>
                    </node>
                    <node id="node-Bip001_SillyBrowR" name="Bip001_SillyBrowR">
                      <matrix>-0.004056901 -0.9597204 0.2809277 0.1346172 0.7867938 0.1703287 0.5932484 0.08548505 -0.6172028 0.2234389 0.7544109 -0.05988046 0 0 0 1</matrix>
                    </node>
                    <node id="node-Bip001_jaw" name="Bip001_jaw">
                      <matrix>0.3710406 -0.9275407 -0.04469161 0.07394242 0.8026185 0.3445303 -0.4869317 0.01053736 0.4670464 0.1448011 0.8722959 -1.20476e-5 0 0 0 1</matrix>
                      <node id="node-Bip001_lowerLipL" name="Bip001_lowerLipL">
                        <matrix>-0.8336917 -0.3554322 -0.4226423 0.107451 0.3746175 -0.9263141 0.0400489 -0.03483582 -0.4057342 -0.1249408 0.9054114 0.009654507 0 0 0 1</matrix>
                      </node>
                      <node id="node-Bip001_lowerLipR" name="Bip001_lowerLipR">
                        <matrix>0.7819586 1.7602e-6 -0.6233305 0.1074494 -0.6233305 -4.04194e-6 -0.7819585 -0.03484035 -3.87616e-6 1 -2.02283e-6 -0.009658959 0 0 0 1</matrix>
                      </node>
                    </node>
                    <node id="node-Bip001_upperLipL" name="Bip001_upperLipL">
                      <matrix>1.63913e-7 -6.4671e-6 -1 0.04530871 1 3.11551e-6 2.30968e-7 0.116103 3.14531e-6 -1 6.40377e-6 0.009555247 0 0 0 1</matrix>
                    </node>
                    <node id="node-Bip001_upperLipR" name="Bip001_upperLipR">
                      <matrix>1.49012e-7 -1.20178e-5 1 0.04530895 1 -2.43238e-6 -2.30968e-7 0.1161031 2.40142e-6 1 1.19545e-5 -0.009554606 0 0 0 1</matrix>
                    </node>
                    <node id="node-Bip001_AngryBrowL" name="Bip001_AngryBrowL">
                      <matrix>0.001812063 -0.9852672 -0.1710128 0.1354002 0.9995396 -0.003394932 0.03015059 0.1043411 -0.03028696 -0.1709887 0.9848074 0.01978357 0 0 0 1</matrix>
                    </node>
                    <node id="node-Bone050" name="Bone050">
                      <matrix>-0.2718078 -3.91155e-7 0.9623518 0.1766741 -0.9409114 0.2099089 -0.2657521 0.01386482 -0.2020061 -0.9777212 -0.05705521 -0.080042 0 0 0 1</matrix>
                      <node id="node-Bone051" name="Bone051">
                        <matrix>0.8727055 -0.06772886 0.4835262 0.06664184 0.04994024 0.9975202 0.04958953 7.45058e-9 -0.4856857 -0.01912965 0.873924 1.19209e-7 0 0 0 1</matrix>
                        <node id="node-Bone052" name="Bone052">
                          <matrix>0.9062542 -0.3886849 0.1662162 0.05545199 0.2715809 0.8366386 0.4756894 -7.45058e-9 -0.323956 -0.3859544 0.8637663 -1.19209e-7 0 0 0 1</matrix>
                          <node id="node-Bone053" name="Bone053">
                            <matrix>0.818351 -0.4357321 -0.3747522 0.0551728 0.1430369 -0.4771263 0.8671163 0 -0.5566343 -0.7632089 -0.3281312 0 0 0 0 1</matrix>
                            <node id="node-Bone054" name="Bone054">
                              <matrix>0.8138614 -0.1123602 -0.5700921 0.05649626 0.4602882 0.7234693 0.5145156 -2.98023e-8 0.354633 -0.681151 0.6405218 2.23517e-8 0 0 0 1</matrix>
                            </node>
                          </node>
                        </node>
                      </node>
                    </node>
                    <node id="node-Bone044" name="Bone044">
                      <matrix>-0.09140614 -3.7998e-7 0.9958137 0.2017386 -0.9919919 0.08753213 -0.09105526 0.01348138 -0.08716565 -0.9961617 -0.008001354 -0.06964708 0 0 0 1</matrix>
                      <node id="node-Bone045" name="Bone045">
                        <matrix>0.7861626 0.1194515 0.6063656 0.0724983 -0.08783491 0.9927796 -0.08169392 2.75671e-7 -0.611746 0.01096465 0.7909784 -1.3113e-6 0 0 0 1</matrix>
                        <node id="node-Bone046" name="Bone046">
                          <matrix>0.9278778 -0.2364843 0.2883031 0.0625881 0.1528029 0.9464127 0.2845247 -1.11759e-7 -0.3401394 -0.2199506 0.914291 3.93391e-6 0 0 0 1</matrix>
                          <node id="node-Bone047" name="Bone047">
                            <matrix>0.9307666 -0.3523222 0.09768248 0.06108773 0.1767301 0.6674464 0.7233816 2.98023e-8 -0.3200612 -0.6560364 0.683503 -1.19209e-7 0 0 0 1</matrix>
                            <node id="node-Bone048" name="Bone048">
                              <matrix>0.9457324 0.2373301 -0.2219569 0.07517111 -0.2279812 -0.002116309 -0.9736635 0 -0.2315492 0.9714271 0.05210523 0 0 0 0 1</matrix>
                              <node id="node-Bone049" name="Bone049">
                                <matrix>0.8586522 0.1722122 -0.4827632 0.08048499 -0.4657756 0.6552923 -0.5946811 -1.04308e-7 0.2139394 0.7354834 0.6428801 0 0 0 0 1</matrix>
                              </node>
                            </node>
                          </node>
                        </node>
                      </node>
                    </node>
                    <node id="node-Bone014" name="Bone014">
                      <matrix>-0.0286549 -2.94298e-7 0.999589 0.2221859 -0.9993564 0.02160657 -0.02864822 0.004512727 -0.02159768 -0.9997666 -6.19434e-4 -0.05774581 0 0 0 1</matrix>
                      <node id="node-Bone015" name="Bone015">
                        <matrix>0.8968284 0.1569262 0.4136093 0.04459424 -0.1405922 0.9876003 -0.06985628 7.45058e-9 -0.4194429 0.004498856 0.9077711 -3.57628e-6 0 0 0 1</matrix>
                        <node id="node-Bone016" name="Bone016">
                          <matrix>0.8073794 0.3848706 0.4472287 0.05171204 -0.2289694 0.9029424 -0.3636864 1.3411e-7 -0.5437937 0.1912311 0.8171406 1.19209e-7 0 0 0 1</matrix>
                          <node id="node-Bone017" name="Bone017">
                            <matrix>0.9567486 0.1163465 0.2666372 0.06625259 -0.0601674 0.9758646 -0.2099231 0 -0.2846259 0.1848009 0.9406573 0 0 0 0 1</matrix>
                            <node id="node-Bone018" name="Bone018">
                              <matrix>0.9759616 -0.1837635 -0.1171754 0.07592642 0.2160517 0.7450927 0.6309978 1.04308e-7 -0.02864778 -0.6411459 0.7668843 -4.58956e-6 0 0 0 1</matrix>
                              <node id="node-Bone019" name="Bone019">
                                <matrix>0.9469509 -0.1838324 -0.26361 0.05424261 0.2948284 0.8233756 0.4849016 -4.84288e-8 0.1279092 -0.5368977 0.8338951 0 0 0 0 1</matrix>
                                <node id="node-Bone020" name="Bone020">
                                  <matrix>0.7088869 -0.5135252 -0.4834986 0.1070502 0.4797028 -0.1515178 0.8642493 -1.49012e-8 -0.5170729 -0.8445908 0.1389304 -1.19209e-7 0 0 0 1</matrix>
                                </node>
                              </node>
                            </node>
                          </node>
                        </node>
                      </node>
                    </node>
                    <node id="node-Bone006" name="Bone006">
                      <matrix>0.196101 -2.6077e-8 0.9805839 0.2309459 -0.97891 0.0584061 0.1957663 0.03429444 -0.05727208 -0.998293 0.01145346 -0.0269171 0 0 0 1</matrix>
                      <node id="node-Bone007" name="Bone007">
                        <matrix>0.9117423 -0.01410429 0.4105207 0.04605401 0.01401885 0.9998968 0.003218502 0 -0.4105236 0.002820563 0.9118454 0 0 0 0 1</matrix>
                        <node id="node-Bone008" name="Bone008">
                          <matrix>0.9392017 0.1158517 0.3232316 0.04755577 -0.1007923 0.9929103 -0.06300744 7.45058e-9 -0.3282396 0.02659745 0.9442204 0 0 0 0 1</matrix>
                          <node id="node-Bone009" name="Bone009">
                            <matrix>0.9081646 5.73484e-4 0.4186126 0.05169481 -3.70692e-4 0.9999999 -5.65724e-4 1.49012e-8 -0.4186129 3.58598e-4 0.9081649 0 0 0 0 1</matrix>
                            <node id="node-Bone010" name="Bone010">
                              <matrix>0.9252817 -0.277404 0.2586523 0.0660634 0.1212467 0.8625092 0.4913012 -7.45058e-8 -0.3593791 -0.4232312 0.8316981 0 0 0 0 1</matrix>
                              <node id="node-Bone011" name="Bone011">
                                <matrix>0.9589167 -0.2158548 -0.1840783 0.06010842 0.2631018 0.4340237 0.8616267 1.04308e-7 -0.1060917 -0.87466 0.4729845 0 0 0 0 1</matrix>
                                <node id="node-Bone012" name="Bone012">
                                  <matrix>0.966953 -0.1915677 -0.1682376 0.05975723 0.2547095 0.7547973 0.6044864 8.64267e-7 0.01118524 -0.6273614 0.7786476 -1.78814e-7 0 0 0 1</matrix>
                                  <node id="node-Bone013" name="Bone013">
                                    <matrix>0.8543544 -0.001355819 -0.5196887 0.05263507 0.002830338 0.9999941 0.00204397 -1.19209e-7 0.519683 -0.003217154 0.8543534 4.76837e-7 0 0 0 1</matrix>
                                  </node>
                                </node>
                              </node>
                            </node>
                          </node>
                        </node>
                      </node>
                    </node>
                    <node id="node-Bone021" name="Bone021">
                      <matrix>0.4470657 -1.45286e-7 0.8945011 0.2271243 -0.8945011 6.32438e-6 0.4470656 0.05075827 -5.72205e-6 -0.9999999 2.69525e-6 1.22935e-7 0 0 0 1</matrix>
                      <node id="node-Bone022" name="Bone022">
                        <matrix>0.906424 4.99189e-6 0.4223688 0.03557789 -5.61774e-6 0.9999999 2.49594e-7 -1.11759e-8 -0.4223689 -2.5928e-6 0.906424 0 0 0 0 1</matrix>
                        <node id="node-Bone023" name="Bone023">
                          <matrix>0.9613259 -9.53674e-7 0.2754121 0.04570848 9.15024e-7 0.9999999 2.64496e-7 -1.11759e-8 -0.2754121 0 0.9613259 0 0 0 0 1</matrix>
                          <node id="node-Bone024" name="Bone024">
                            <matrix>0.8313264 -1.6964e-6 0.5557857 0.05609785 1.18837e-6 1 1.27219e-6 0 -0.5557856 -3.91155e-7 0.8313264 -2.26498e-6 0 0 0 1</matrix>
                            <node id="node-Bone025" name="Bone025">
                              <matrix>0.9055954 0 0.4241419 0.06339753 0 0.9999999 -2.79397e-9 1.11759e-8 -0.424142 0 0.9055953 8.34465e-7 0 0 0 1</matrix>
                              <node id="node-Bone026" name="Bone026">
                                <matrix>0.9644742 1.10567e-5 0.2641778 0.06756556 -9.27597e-7 1 -3.84971e-5 7.45058e-9 -0.2641777 3.6886e-5 0.9644742 8.34465e-7 0 0 0 1</matrix>
                                <node id="node-Bone027" name="Bone027">
                                  <matrix>0.9817943 -1.14366e-6 -0.1899466 0.07909274 9.83849e-6 1 4.48264e-5 -7.45058e-9 0.1899466 -4.58788e-5 0.9817942 -5.06639e-7 0 0 0 1</matrix>
                                  <node id="node-Bone028" name="Bone028">
                                    <matrix>0.9998927 2.06009e-6 0.01466206 0.07343209 -1.90735e-6 0.9999999 -1.03703e-5 7.45058e-9 -0.01466206 1.03405e-5 0.9998926 5.96046e-8 0 0 0 1</matrix>
                                  </node>
                                </node>
                              </node>
                            </node>
                          </node>
                        </node>
                      </node>
                    </node>
                    <node id="node-Bone029" name="Bone029">
                      <matrix>0.1961011 -9.31323e-8 0.9805839 0.2309458 -0.97891 -0.0583998 0.1957663 0.0342943 0.05726586 -0.9982934 -0.01145236 0.02691686 0 0 0 1</matrix>
                      <node id="node-Bone030" name="Bone030">
                        <matrix>0.9117724 0.01410466 0.4104536 0.04605371 -0.01401945 0.9998964 -0.00321755 -7.07805e-8 -0.4104564 -0.002820663 0.9118757 -3.93391e-6 0 0 0 1</matrix>
                        <node id="node-Bone031" name="Bone031">
                          <matrix>0.9391773 -0.1158523 0.3233028 0.04755457 0.1007911 0.9929109 0.06300677 1.49012e-8 -0.3283098 -0.02658846 0.9441957 2.38419e-7 0 0 0 1</matrix>
                          <node id="node-Bone032" name="Bone032">
                            <matrix>0.9038533 0.04105058 0.4258697 0.05169511 -0.02617574 0.9988274 -0.04072464 -7.45058e-9 -0.4270422 0.02566156 0.9038681 1.19209e-7 0 0 0 1</matrix>
                            <node id="node-Bone033" name="Bone033">
                              <matrix>0.9352225 0.2103267 0.2848187 0.06606317 -0.09208226 0.9212399 -0.3779385 3.72529e-9 -0.3418767 0.3272297 0.8809317 0 0 0 0 1</matrix>
                              <node id="node-Bone034" name="Bone034">
                                <matrix>0.9540269 0.2209559 -0.2025129 0.06010926 -0.2726005 0.3588102 -0.8927172 1.49012e-8 -0.1245871 0.9068816 0.4025471 0 0 0 0 1</matrix>
                                <node id="node-Bone035" name="Bone035">
                                  <matrix>0.9640256 0.184163 -0.1916736 0.0597564 -0.2622839 0.7761134 -0.573458 0 0.04315066 0.603101 0.7964968 0 0 0 0 1</matrix>
                                  <node id="node-Bone036" name="Bone036">
                                    <matrix>0.8694142 0.01521922 -0.4938492 0.05263555 -0.02966277 0.9993308 -0.02142422 -1.49012e-8 0.4931929 0.03327532 0.8692835 0 0 0 0 1</matrix>
                                  </node>
                                </node>
                              </node>
                            </node>
                          </node>
                        </node>
                      </node>
                    </node>
                    <node id="node-Bone037" name="Bone037">
                      <matrix>-0.03296205 1.75089e-7 0.9994567 0.2221857 -0.99898 -0.03087517 -0.03294637 0.004512429 0.0308584 -0.9995236 0.00101788 0.05774581 0 0 0 1</matrix>
                      <node id="node-Bone038" name="Bone038">
                        <matrix>0.8929765 -0.1232729 0.4328946 0.0445945 0.1165006 0.9922914 0.04225147 5.21541e-8 -0.434766 0.01270289 0.9004542 0 0 0 0 1</matrix>
                        <node id="node-Bone039" name="Bone039">
                          <matrix>0.8104645 -0.3801516 0.4456804 0.05171025 0.2161753 0.9012178 0.3755988 7.45058e-9 -0.5444399 -0.2080643 0.8125845 -1.54972e-6 0 0 0 1</matrix>
                          <node id="node-Bone040" name="Bone040">
                            <matrix>0.9648312 -0.1429276 0.2206183 0.0662533 0.07894535 0.9580724 0.2754363 -2.98023e-8 -0.2507358 -0.2483327 0.9356616 1.19209e-7 0 0 0 1</matrix>
                            <node id="node-Bone041" name="Bone041">
                              <matrix>0.9759558 0.1838065 -0.1171584 0.07592785 -0.216068 0.7449555 -0.6311549 2.23517e-7 -0.02873248 0.6412933 0.7667581 0 0 0 0 1</matrix>
                              <node id="node-Bone042" name="Bone042">
                                <matrix>0.9450259 0.2399527 -0.2221448 0.05424094 -0.3174697 0.8360454 -0.4474816 1.86265e-8 0.07834882 0.4934064 0.8662629 3.57628e-7 0 0 0 1</matrix>
                                <node id="node-Bone043" name="Bone043">
                                  <matrix>0.7633407 0.4381691 -0.4746785 0.1070514 -0.4467451 -0.1726973 -0.8778355 -2.98023e-8 -0.4666158 0.8821476 0.06392278 0 0 0 0 1</matrix>
                                </node>
                              </node>
                            </node>
                          </node>
                        </node>
                      </node>
                    </node>
                    <node id="node-Bone055" name="Bone055">
                      <matrix>-0.09140572 1.8999e-7 0.9958143 0.2017386 -0.9919921 -0.08752595 -0.09105495 0.01348099 0.08715953 -0.9961624 0.00800056 0.06964707 0 0 0 1</matrix>
                      <node id="node-Bone056" name="Bone056">
                        <matrix>0.7861556 -0.1194354 0.6063781 0.07249787 0.08782187 0.9927815 0.08168433 3.57628e-7 -0.6117568 -0.01096335 0.7909697 0 0 0 0 1</matrix>
                        <node id="node-Bone057" name="Bone057">
                          <matrix>0.9220536 0.2822241 0.2648902 0.062585 -0.1853494 0.9227367 -0.3379383 -3.20375e-7 -0.3397979 0.2625001 0.903123 1.19209e-7 0 0 0 1</matrix>
                          <node id="node-Bone058" name="Bone058">
                            <matrix>0.9331157 0.3402687 0.1162441 0.06108952 -0.172181 0.7066321 -0.6863126 2.6077e-8 -0.3156725 0.6203943 0.7179569 2.38419e-7 0 0 0 1</matrix>
                            <node id="node-Bone059" name="Bone059">
                              <matrix>0.9435687 -0.2433106 -0.2246737 0.07517004 0.2279499 -0.01498586 0.9735572 7.45058e-8 -0.2402438 -0.9698327 0.0413223 5.96046e-8 0 0 0 1</matrix>
                              <node id="node-Bone060" name="Bone060">
                                <matrix>0.8586498 -0.1722088 -0.4827678 0.08048642 0.465779 0.6552851 0.5946858 5.96046e-8 0.2139404 -0.7354898 0.6428716 -1.19209e-7 0 0 0 1</matrix>
                              </node>
                            </node>
                          </node>
                        </node>
                      </node>
                    </node>
                    <node id="node-Bone061" name="Bone061">
                      <matrix>-0.2765531 5.71832e-7 0.9609985 0.1766737 -0.9376869 -0.2189246 -0.2698442 0.0138644 0.2103862 -0.9757421 0.06054477 0.08005 0 0 0 1</matrix>
                      <node id="node-Bone062" name="Bone062">
                        <matrix>0.8800436 0.0314892 0.4738474 0.06630635 -0.02342632 0.999463 -0.02291049 5.96046e-8 -0.4743145 0.009061746 0.8803088 -2.02656e-6 0 0 0 1</matrix>
                        <node id="node-Bone063" name="Bone063">
                          <matrix>0.8984269 0.4092895 0.1590954 0.05577612 -0.2856669 0.8199126 -0.4961224 -2.6077e-8 -0.3335019 0.4002815 0.8535521 0 0 0 0 1</matrix>
                          <node id="node-Bone064" name="Bone064">
                            <matrix>0.813628 0.4382423 -0.3820378 0.05538893 -0.1488503 -0.4781922 -0.8655491 -2.98023e-8 -0.5620081 0.7611018 -0.323838 0 0 0 0 1</matrix>
                            <node id="node-Bone065" name="Bone065">
                              <matrix>0.8752897 0.08609424 -0.4758735 0.05682158 -0.3054108 0.8613694 -0.4059147 1.49012e-8 0.3749561 0.5006298 0.7802421 2.98023e-8 0 0 0 1</matrix>
                            </node>
                          </node>
                        </node>
                      </node>
                    </node>
                    <node id="node-Bone077" name="Bone077">
                      <matrix>-0.01158966 6.42613e-7 0.9999328 0.1375991 -0.8724389 -0.488619 -0.01011162 0.0314253 0.4885862 -0.8724976 0.005663473 0.05968321 0 0 0 1</matrix>
                      <node id="node-Bone078" name="Bone078">
                        <matrix>0.7043356 -0.4953953 0.5084243 0.06178033 0.3977998 0.8686489 0.2953045 4.8615e-7 -0.5879346 -0.005742416 0.8088884 4.37498e-5 0 0 0 1</matrix>
                        <node id="node-Bone079" name="Bone079">
                          <matrix>0.7459559 -0.6548733 0.1212058 0.1102705 0.423767 0.6071163 0.6721835 -7.45058e-9 -0.5137812 -0.4500563 0.7303956 1.19209e-7 0 0 0 1</matrix>
                          <node id="node-Bone080" name="Bone080">
                            <matrix>0.8926534 0.2532578 0.372868 0.1663147 -0.1483835 0.9462287 -0.2874602 1.49012e-8 -0.4256199 0.2012752 0.8822339 5.96046e-8 0 0 0 1</matrix>
                            <node id="node-Bone081" name="Bone081">
                              <matrix>0.9320753 0.1246797 -0.340132 0.137991 -0.1721553 -0.6736669 -0.7187042 0 -0.3187435 0.7284418 -0.6064443 -2.98023e-8 0 0 0 1</matrix>
                            </node>
                          </node>
                        </node>
                      </node>
                    </node>
                    <node id="node-Bone066" name="Bone066">
                      <matrix>-0.2908011 -2.86847e-7 0.9567834 0.1378931 -0.9335831 0.2188804 -0.2837497 0.009998888 -0.2094211 -0.9757517 -0.06365093 -0.07983372 0 0 0 1</matrix>
                      <node id="node-Bone067" name="Bone067">
                        <matrix>0.7965987 0.4133026 0.4411481 0.081056 -0.3324227 0.9090158 -0.2513688 -4.47035e-8 -0.5049019 0.05359237 0.8615116 -3.09944e-6 0 0 0 1</matrix>
                        <node id="node-Bone068" name="Bone068">
                          <matrix>0.9018514 0.4028898 0.1560251 0.06413388 -0.2337511 0.7587149 -0.6080388 -2.38419e-7 -0.3633517 0.51189 0.7784242 2.38419e-7 0 0 0 1</matrix>
                          <node id="node-Bone069" name="Bone069">
                            <matrix>0.999895 0.01424575 0.002566934 0.08350706 -0.01418533 0.9996532 -0.02217149 -2.98023e-8 -0.002882034 0.02213278 0.9997509 -5.96046e-8 0 0 0 1</matrix>
                            <node id="node-Bone070" name="Bone070">
                              <matrix>0.9643173 -0.1502271 0.2179987 0.08289552 0.09696238 0.9666109 0.2371961 -2.98023e-8 -0.2463528 -0.2075952 0.946686 5.96046e-8 0 0 0 1</matrix>
                              <node id="node-Bone071" name="Bone071">
                                <matrix>0.9585638 -0.1121205 0.2618873 0.0640018 0.03549378 0.9591345 0.2807151 0 -0.2826593 -0.2597879 0.9233711 0 0 0 0 1</matrix>
                                <node id="node-Bone072" name="Bone072">
                                  <matrix>0.964076 -0.03288296 -0.2635827 0.07497585 0.2330033 -0.3717677 0.8986086 0 -0.1275405 -0.927743 -0.3507507 0 0 0 0 1</matrix>
                                </node>
                              </node>
                            </node>
                          </node>
                        </node>
                      </node>
                    </node>
                    <node id="node-Bone073" name="Bone073">
                      <matrix>-0.2925557 1.49012e-7 0.9562488 0.09248972 -0.954704 0.05680939 -0.2920833 -0.0307889 -0.05432393 -0.998385 -0.01661978 -0.07006145 0 0 0 1</matrix>
                      <node id="node-Bone074" name="Bone074">
                        <matrix>0.6387705 0.4660809 0.6121607 0.05861649 -0.2161335 0.8722983 -0.4386137 7.45058e-9 -0.7384157 0.147865 0.657934 0 0 0 0 1</matrix>
                        <node id="node-Bone075" name="Bone075">
                          <matrix>0.966939 -0.2549824 -0.003659785 0.08270764 0.2245849 0.8446919 0.4858574 -2.98023e-8 -0.1207937 -0.4706162 0.8740307 -1.19209e-7 0 0 0 1</matrix>
                          <node id="node-Bone076" name="Bone076">
                            <matrix>0.9027888 -0.3799328 -0.2015529 0.1038883 0.1286855 -0.2085411 0.9695107 0 -0.4103809 -0.9011999 -0.1393765 -1.78814e-7 0 0 0 1</matrix>
                          </node>
                        </node>
                      </node>
                    </node>
                    <node id="node-Bone082" name="Bone082">
                      <matrix>-0.3110904 3.20375e-7 0.9503804 0.09530389 -0.9488455 -0.05680677 -0.310588 -0.03142177 0.05398793 -0.9983853 0.01767234 0.06847608 0 0 0 1</matrix>
                      <node id="node-Bone083" name="Bone083">
                        <matrix>0.6710567 -0.4341135 0.6010227 0.05861518 0.1827009 0.8824794 0.4334169 2.19792e-7 -0.7185423 -0.1810399 0.6715065 4.88758e-6 0 0 0 1</matrix>
                        <node id="node-Bone084" name="Bone084">
                          <matrix>0.979442 0.1983213 0.03691363 0.08271194 -0.1548231 0.8563237 -0.4926871 2.98023e-8 -0.1293202 0.4768434 0.8694239 1.19209e-7 0 0 0 1</matrix>
                          <node id="node-Bone085" name="Bone085">
                            <matrix>0.9224285 0.3760583 -0.08778422 0.1038884 -0.1378096 0.1082106 -0.9845295 -1.20141e-7 -0.3607413 0.9202555 0.151641 -1.19209e-7 0 0 0 1</matrix>
                            <node id="node-Bone086" name="Bone086">
                              <matrix>0.9832616 0.04322941 -0.1769952 0.1096958 -0.123718 0.8715612 -0.4744205 2.38419e-7 0.1337533 0.4883772 0.8623211 8.9407e-8 0 0 0 1</matrix>
                            </node>
                          </node>
                        </node>
                      </node>
                    </node>
                  </node>
                </node>
                <node id="node-Bip001_backpack_01" name="Bip001_backpack_01">
                  <matrix>-0.9792177 0.202802 -0.00197881 0.2016007 -0.2027961 -0.979217 -0.002801904 -0.08787806 -0.002505878 -0.002342325 0.9999942 4.28408e-7 0 0 0 1</matrix>
                  <node id="node-Bip001_rope_01" name="Bip001_rope_01">
                    <matrix>0.9283746 -0.371276 -0.01656955 0.4241234 -0.3631281 -0.9156861 0.1722108 0.08793241 -0.07911032 -0.1538594 -0.9849209 0.09921902 0 0 0 1</matrix>
                    <node id="node-Bip001_rope_02" name="Bip001_rope_02">
                      <matrix>0.9993811 -0.02325742 0.0263929 0.09589994 -0.02437364 -0.9987867 0.04279112 8.34167e-5 0.02536564 -0.04340786 -0.9987353 3.64333e-6 0 0 0 1</matrix>
                      <node id="node-Bip001_rope_03" name="Bip001_rope_03">
                        <matrix>0.9984595 -0.04565974 -0.03152195 0.1048737 0.03999325 0.9860583 -0.1615222 -1.02371e-4 0.03845752 0.1600128 0.9863655 -0.001042597 0 0 0 1</matrix>
                      </node>
                    </node>
                  </node>
                  <node id="node-Bip001_Xtra17" name="Bip001_Xtra17">
                    <matrix>-0.04419935 -0.7063963 -0.7064354 0.155149 0.9990225 -0.0316494 -0.03085794 0.112457 -5.60172e-4 -0.7071087 0.7071047 6.88303e-5 0 0 0 1</matrix>
                    <node id="node-Bip001_Xtra18" name="Bip001_Xtra18">
                      <matrix>0.9999999 0 0 0.02474701 -2.98023e-8 1 2.98023e-7 -2.24113e-5 -2.98023e-8 -3.57628e-7 0.9999999 1.19209e-7 0 0 0 1</matrix>
                    </node>
                    <node id="node-Bip001_Xtra19" name="Bip001_Xtra19">
                      <matrix>0.9999994 -7.96348e-4 7.98583e-4 0.02904594 -7.96378e-4 -0.9999996 -1.51992e-6 0.02995092 7.98553e-4 9.53674e-7 -0.9999997 -7.47442e-5 0 0 0 1</matrix>
                    </node>
                    <node id="node-Bip001_Xtra20" name="Bip001_Xtra20">
                      <matrix>0.9999918 -0.003981322 7.88838e-4 0.02889752 0.003981262 0.999992 6.34789e-6 -0.03234422 -7.88927e-4 -3.18885e-6 0.9999997 -7.50422e-5 0 0 0 1</matrix>
                    </node>
                  </node>
                  <node id="node-Bip001_Xtra01" name="Bip001_Xtra01">
                    <matrix>0.9980925 -0.06089211 0.01018674 0.2139946 0.06087953 0.9981439 0.001538846 0.05374008 -0.01026156 -9.15624e-4 0.999947 0.1710363 0 0 0 1</matrix>
                  </node>
                  <node id="node-Bip001_Xtra01Opp" name="Bip001_Xtra01Opp">
                    <matrix>0.9982425 -0.05840909 0.01002978 0.2139944 0.05839631 0.9982923 0.001561943 0.05374002 -0.01010386 -9.73343e-4 0.9999487 -0.1722648 0 0 0 1</matrix>
                  </node>
                </node>
                <node id="node-Bip001_L_Clavicle" name="Bip001_L_Clavicle">
                  <matrix sid="matrix">-0.1281998 -7.44671e-4 0.9917481 0.1406265 -0.3513236 -0.9351177 -0.04611647 0.02467199 0.9274355 -0.3543367 0.1196202 0.05035807 0 0 0 1</matrix>
                  <node id="node-Bip001_L_UpperArm" name="Bip001_L_UpperArm">
                    <matrix sid="matrix">0.07112074 0.8721095 0.4841147 0.17644 -0.9433243 0.2165368 -0.2514981 0 -0.3241623 -0.4387903 0.8380821 1.19209e-7 0 0 0 1</matrix>
                    <node id="node-Bip001_L_Forearm" name="Bip001_L_Forearm">
                      <matrix sid="matrix">0.4625669 0.8865845 0 0.3022249 -0.8865844 0.462567 -2.98023e-8 -5.96046e-8 1.49012e-8 -1.49012e-7 1 0 0 0 0 1</matrix>
                      <node id="node-Bip001_L_Hand" name="Bip001_L_Hand">
                        <matrix sid="matrix">0.9935147 0.1068602 0.0388522 0.303522 0.1108783 -0.8348095 -0.5392578 5.96046e-8 -0.02519103 0.5400686 -0.841244 -1.19209e-7 0 0 0 1</matrix>
                        <node id="node-Bip001_L_Finger0" name="Bip001_L_Finger0">
                          <matrix sid="matrix">0.8356918 0.4604326 0.2993668 0.01779091 0.3488944 -0.02411997 -0.9368513 0.01367187 -0.424137 0.887366 -0.1807994 -0.02770394 0 0 0 1</matrix>
                          <node id="node-Bip001_L_Finger01" name="Bip001_L_Finger01">
                            <matrix sid="matrix">0.928661 -0.349831 -0.1233152 0.05085588 0.343011 0.9364538 -0.07346767 2.98023e-8 0.1411802 0.02592808 0.9896443 5.96046e-8 0 0 0 1</matrix>
                            <node id="node-Bip001_L_Finger02" name="Bip001_L_Finger02">
                              <matrix sid="matrix">0.8724154 -0.4768488 -0.107269 0.03437001 0.4679118 0.8782536 -0.09863722 0 0.1412444 0.03586012 0.989325 -5.96046e-8 0 0 0 1</matrix>
                            </node>
                          </node>
                        </node>
                        <node id="node-Bip001_L_Finger1" name="Bip001_L_Finger1">
                          <matrix sid="matrix">0.7875989 -0.5777801 0.2141439 0.08567595 0.6161227 0.7333548 -0.2873731 -0.005999565 0.00899455 0.3582736 0.933573 -0.02973527 0 0 0 1</matrix>
                          <node id="node-Bip001_L_Finger11" name="Bip001_L_Finger11">
                            <matrix sid="matrix">0.8068532 -0.5906616 -0.01033545 0.05795407 0.5841656 0.7951303 0.1628452 -2.98023e-8 -0.08796832 -0.1374298 0.9865975 5.96046e-8 0 0 0 1</matrix>
                            <node id="node-Bip001_L_Finger12" name="Bip001_L_Finger12">
                              <matrix sid="matrix">0.8553334 -0.5180619 0.004099965 0.0328511 0.5105551 0.8442304 0.1631212 2.98023e-8 -0.0879682 -0.1374296 0.9865977 -1.78814e-7 0 0 0 1</matrix>
                            </node>
                          </node>
                        </node>
                        <node id="node-Bip001_L_Finger2" name="Bip001_L_Finger2">
                          <matrix sid="matrix">0.7565215 -0.6515099 0.05666198 0.09032297 0.6531389 0.7483508 -0.1156754 -0.01052225 0.0329598 0.1245188 0.9916694 -0.005256593 0 0 0 1</matrix>
                          <node id="node-Bip001_L_Finger21" name="Bip001_L_Finger21">
                            <matrix sid="matrix">0.7793905 -0.6265383 2.98023e-8 0.05795395 0.6265384 0.7793906 -1.49012e-8 5.96046e-8 5.96046e-8 -1.39698e-8 1 0 0 0 0 1</matrix>
                            <node id="node-Bip001_L_Finger22" name="Bip001_L_Finger22">
                              <matrix sid="matrix">0.8664973 -0.4991818 -2.98023e-8 0.04148102 0.4991817 0.8664973 5.58794e-9 -2.98023e-8 -5.96046e-8 0 1 -5.96046e-8 0 0 0 1</matrix>
                            </node>
                          </node>
                        </node>
                        <node id="node-Bip001_L_Finger3" name="Bip001_L_Finger3">
                          <matrix sid="matrix">0.657724 -0.7339771 -0.1693397 0.08558697 0.7530019 0.6465455 0.1223436 -0.009840488 0.01968785 -0.2079816 0.9779347 0.02070278 0 0 0 1</matrix>
                          <node id="node-Bip001_L_Finger31" name="Bip001_L_Finger31">
                            <matrix sid="matrix">0.9186891 -0.3920494 -0.04803823 0.05795407 0.3915209 0.9199442 -0.02034952 0 0.05217052 -1.13133e-4 0.9986382 5.96046e-8 0 0 0 1</matrix>
                            <node id="node-Bip001_L_Finger32" name="Bip001_L_Finger32">
                              <matrix sid="matrix">0.8818746 -0.4692223 -0.04612373 0.03192711 0.4685885 0.8830799 -0.02437977 2.98023e-8 0.05217049 -1.13174e-4 0.9986381 5.96046e-8 0 0 0 1</matrix>
                            </node>
                          </node>
                        </node>
                        <node id="node-Bip001_L_Finger4" name="Bip001_L_Finger4">
                          <matrix sid="matrix">0.5783083 -0.730617 -0.3629862 0.08973402 0.8144987 0.5423665 0.2059859 -0.004826784 0.0463749 -0.4147746 0.908742 0.0466848 0 0 0 1</matrix>
                          <node id="node-Bip001_L_Finger41" name="Bip001_L_Finger41">
                            <matrix sid="matrix">0.9224265 -0.3861728 0 0.0349679 0.3861728 0.9224266 -2.23517e-8 -5.96046e-8 -7.45058e-9 -2.04891e-8 1 0 0 0 0 1</matrix>
                            <node id="node-Bip001_L_Finger42" name="Bip001_L_Finger42">
                              <matrix sid="matrix">0.9604044 -0.2786096 7.45058e-9 0.02205002 0.2786096 0.9604043 1.86265e-9 2.98023e-8 1.49012e-8 3.72529e-9 0.9999999 0 0 0 0 1</matrix>
                            </node>
                          </node>
                        </node>
                      </node>
                    </node>
                  </node>
                </node>
                <node id="node-Bip001_R_Clavicle" name="Bip001_R_Clavicle">
                  <matrix sid="matrix">-0.3068428 -7.85366e-4 -0.9517598 0.1406268 -0.157233 -0.9862175 0.0515049 0.02467225 -0.9386827 0.1654519 0.3024903 -0.05035792 0 0 0 1</matrix>
                  <node id="node-Bip001_R_UpperArm" name="Bip001_R_UpperArm">
                    <matrix sid="matrix">-0.411759 0.8796905 -0.2379065 0.17644 -0.908133 -0.3743804 0.1874403 -1.49012e-8 0.07582196 0.2932308 0.9530302 0 0 0 0 1</matrix>
                    <node id="node-Bip001_R_Forearm" name="Bip001_R_Forearm">
                      <matrix sid="matrix">0.8054038 0.5927268 7.45058e-9 0.3022251 -0.5927266 0.8054035 2.98023e-8 0 0 1.19209e-7 1 1.19209e-7 0 0 0 1</matrix>
                      <node id="node-Bip001_R_Hand" name="Bip001_R_Hand">
                        <matrix sid="matrix">0.9370066 0.02798095 0.3481894 0.303522 0.2195793 -0.8224066 -0.5248164 -5.96046e-8 0.2716684 0.5682117 -0.7767444 -1.19209e-7 0 0 0 1</matrix>
                        <node id="node-Bip001_R_Finger0" name="Bip001_R_Finger0">
                          <matrix sid="matrix">0.8037892 0.4602645 -0.3769335 0.01779106 0.5107172 -0.2089089 0.8339812 0.0136719 0.3051081 -0.8628511 -0.4029842 0.027704 0 0 0 1</matrix>
                          <node id="node-Bip001_R_Finger01" name="Bip001_R_Finger01">
                            <matrix sid="matrix">0.8362532 -0.5468498 0.04044583 0.05085605 0.5191404 0.8133104 0.2627154 -1.19209e-7 -0.1765608 -0.1986996 0.9640253 0 0 0 0 1</matrix>
                            <node id="node-Bip001_R_Finger02" name="Bip001_R_Finger02">
                              <matrix sid="matrix">0.7565631 -0.6539195 -0.001300871 0.03436998 0.6290387 0.7272305 0.2746752 0 -0.1786694 -0.2086274 0.9615364 0 0 0 0 1</matrix>
                            </node>
                          </node>
                        </node>
                        <node id="node-Bip001_R_Finger1" name="Bip001_R_Finger1">
                          <matrix sid="matrix">0.9940405 0.04466008 -0.09943956 0.08567598 -0.005843476 0.9327439 0.3604918 -0.005999714 0.1088515 -0.3577622 0.9274465 0.02973533 0 0 0 1</matrix>
                          <node id="node-Bip001_R_Finger11" name="Bip001_R_Finger11">
                            <matrix sid="matrix">0.6196442 -0.7742287 -0.1288838 0.05795419 0.7718647 0.6308783 -0.07885128 5.96046e-8 0.1423589 -0.05062106 0.9885198 0 0 0 0 1</matrix>
                            <node id="node-Bip001_R_Finger12" name="Bip001_R_Finger12">
                              <matrix sid="matrix">0.164677 -0.977017 -0.1353496 0.03285097 0.9822991 0.1748699 -0.06714964 1.19209e-7 0.08927485 -0.1218958 0.9885198 0 0 0 0 1</matrix>
                            </node>
                          </node>
                        </node>
                        <node id="node-Bip001_R_Finger2" name="Bip001_R_Finger2">
                          <matrix sid="matrix">0.8943934 -0.3994735 0.2012011 0.090323 0.4087127 0.9126506 -0.004815646 -0.01052219 -0.1817019 0.08654091 0.9795381 0.005256653 0 0 0 1</matrix>
                          <node id="node-Bip001_R_Finger21" name="Bip001_R_Finger21">
                            <matrix sid="matrix">-0.2901335 -0.9545647 0.0680382 0.05795401 0.9472036 -0.2965807 -0.1218422 2.98023e-8 0.1364851 0.02909552 0.9902148 -1.19209e-7 0 0 0 1</matrix>
                            <node id="node-Bip001_R_Finger22" name="Bip001_R_Finger22">
                              <matrix sid="matrix">0.4759743 -0.8781217 0.04848449 0.04148102 0.8746049 0.4668428 -0.1308588 1.49012e-8 0.09227535 0.1046902 0.9902149 1.19209e-7 0 0 0 1</matrix>
                            </node>
                          </node>
                        </node>
                        <node id="node-Bip001_R_Finger3" name="Bip001_R_Finger3">
