<?xml version="1.0" encoding="utf-8"?>
<COLLADA xmlns="http://www.collada.org/2005/11/COLLADASchema" version="1.4.1">
  <asset>
    <contributor>
      <author>Setsu</author>
      <authoring_tool>OpenCOLLADA for 3ds Max;  Version: 1.3.1;  Revision: 847M;  Platform: x64;  Configuration: Release_Max2012_static</authoring_tool>
      <source_data>file:///D:/_Work/webgl/models/man/animation/gun/draw_wpn_gun.max</source_data>
    </contributor>
    <created>2012-09-04T14:04:21</created>
    <modified>2012-09-04T14:04:21</modified>
    <unit name="meter" meter="1"/>
    <up_axis>Z_UP</up_axis>
  </asset>
  <library_lights>
    <light id="EnvironmentAmbientLight" name="EnvironmentAmbientLight">
      <technique_common>
        <ambient>
          <color>0.019608 0.019608 0.019608</color>
        </ambient>
      </technique_common>
    </light>
  </library_lights>
  <library_visual_scenes>
    <visual_scene id="MaxScene">
      <node name="EnvironmentAmbientLight">
        <instance_light url="#EnvironmentAmbientLight"/>
      </node>
      <node id="node-Bip001" name="Bip001">
        <matrix sid="matrix">-0.5723473 0.8200113 -3.72529e-9 -0.0364531 -0.8198809 -0.5722563 -0.01783047 -0.009825243 -0.01462119 -0.01020522 0.999841 0.9622645 0 0 0 1</matrix>
        <node id="node-Bip001_Pelvis" name="Bip001_Pelvis">
          <matrix sid="matrix">-0.04494381 0.9659261 0.2548857 -0.02786902 -0.1344771 -0.258671 0.9565591 2.08616e-6 0.9898969 0.008715119 0.1415206 -4.07517e-4 0 0 0 1</matrix>
          <node id="node-Bip001_Spine" name="Bip001_Spine">
            <matrix sid="matrix">0.9755836 0.2187986 -0.01907337 0.1044603 -0.2184541 0.9577328 -0.1871513 0.01651164 -0.02268115 0.1867482 0.9821458 0.01916406 0 0 0 1</matrix>
            <node id="node-Bip001_Spine1" name="Bip001_Spine1">
              <matrix sid="matrix">0.9752806 0.2209279 -0.004343718 0.1646051 -0.2207884 0.9734904 -0.05973773 -1.27614e-4 -0.008969165 0.05922014 0.9982046 -7.77096e-6 0 0 0 1</matrix>
              <node id="node-Bip001_Spine2" name="Bip001_Spine2">
                <matrix sid="matrix">0.9890346 -0.1369614 0.05524808 0.1646519 0.1397918 0.9888617 -0.05109821 -1.2958e-4 -0.04763428 0.05826115 0.9971644 -7.65175e-6 0 0 0 1</matrix>
                <node id="node-Bip001_Neck" name="Bip001_Neck">
                  <matrix sid="matrix">0.9606481 0.1285282 0.2462434 0.1743544 -0.08141443 0.977858 -0.1927837 -0.00750187 -0.2655692 0.1651495 0.9498414 -9.99868e-6 0 0 0 1</matrix>
                  <node id="node-Bip001_Head" name="Bip001_Head">
                    <matrix sid="matrix">0.9837184 0.1666296 -0.06732323 0.08448005 -0.179716 0.9121404 -0.3683779 0.03011227 2.56002e-5 0.3744792 0.9272353 1.19209e-7 0 0 0 1</matrix>
                    <node id="node-Bip001_AngryBrowR" name="Bip001_AngryBrowR">
                      <matrix>0.00181213 -0.9852681 0.1710073 0.1354002 0.9995394 -0.003395647 -0.03015609 0.1043413 0.03029251 0.1709832 0.9848081 -0.01978299 0 0 0 1</matrix>
                    </node>
                    <node id="node-Bip001_SillyBrowL" name="Bip001_SillyBrowL">
                      <matrix>-0.004057229 -0.9597187 -0.280933 0.1346171 0.7867899 0.1703331 -0.5932521 0.08548462 0.6172073 -0.2234422 0.754406 0.05988093 0 0 0 1</matrix>
                    </node>
                    <node id="node-Bip001_SillyBrowR" name="Bip001_SillyBrowR">
                      <matrix>-0.004056841 -0.9597204 0.2809277 0.134617 0.7867937 0.1703287 0.5932484 0.08548498 -0.6172027 0.2234389 0.7544109 -0.05988044 0 0 0 1</matrix>
                    </node>
                    <node id="node-Bip001_jaw" name="Bip001_jaw">
                      <matrix>0.3710406 -0.9275406 -0.04469165 0.0739423 0.8026184 0.3445304 -0.4869317 0.01053751 0.4670465 0.1448012 0.8722959 -1.2055e-5 0 0 0 1</matrix>
                      <node id="node-Bip001_lowerLipL" name="Bip001_lowerLipL">
                        <matrix>-0.8336917 -0.3554322 -0.4226424 0.1074508 0.3746175 -0.9263142 0.04004893 -0.03483576 -0.4057343 -0.1249408 0.9054115 0.009654552 0 0 0 1</matrix>
                      </node>
                      <node id="node-Bip001_lowerLipR" name="Bip001_lowerLipR">
                        <matrix>0.7819586 1.78814e-6 -0.6233306 0.1074493 -0.6233305 -4.02331e-6 -0.7819585 -0.03484017 -3.93391e-6 1 -2.01911e-6 -0.009658962 0 0 0 1</matrix>
                      </node>
                    </node>
                    <node id="node-Bip001_upperLipL" name="Bip001_upperLipL">
                      <matrix>2.38419e-7 -6.46338e-6 -0.9999999 0.04530895 0.9999999 3.11434e-6 2.38419e-7 0.1161031 3.14601e-6 -1 6.40377e-6 0.00955525 0 0 0 1</matrix>
                    </node>
                    <node id="node-Bip001_upperLipR" name="Bip001_upperLipR">
                      <matrix>2.38419e-7 -1.20159e-5 0.9999999 0.04530895 0.9999999 -2.43261e-6 -2.98023e-7 0.1161031 2.40281e-6 1 1.19507e-5 -0.00955461 0 0 0 1</matrix>
                    </node>
                    <node id="node-Bip001_AngryBrowL" name="Bip001_AngryBrowL">
                      <matrix>0.00181216 -0.9852671 -0.1710128 0.1354002 0.9995396 -0.003394902 0.0301506 0.1043413 -0.03028696 -0.1709887 0.9848074 0.01978357 0 0 0 1</matrix>
                    </node>
                    <node id="node-Bone050" name="Bone050">
                      <matrix>-0.2718078 -3.94881e-7 0.9623518 0.1766741 -0.9409112 0.2099089 -0.2657522 0.01386476 -0.202006 -0.977721 -0.05705522 -0.080042 0 0 0 1</matrix>
                      <node id="node-Bone051" name="Bone051">
                        <matrix>0.8727056 -0.06772894 0.4835261 0.06664181 0.0499402 0.9975201 0.04958954 1.49012e-8 -0.4856858 -0.01912968 0.873924 2.38419e-7 0 0 0 1</matrix>
                        <node id="node-Bone052" name="Bone052">
                          <matrix>0.9062542 -0.3886849 0.1662162 0.05545175 0.2715809 0.8366386 0.4756894 2.98023e-8 -0.323956 -0.3859543 0.8637663 -1.19209e-7 0 0 0 1</matrix>
                          <node id="node-Bone053" name="Bone053">
                            <matrix>0.818351 -0.4357321 -0.3747523 0.0551728 0.1430369 -0.4771263 0.8671165 -5.96046e-8 -0.5566343 -0.763209 -0.3281312 2.98023e-8 0 0 0 1</matrix>
                            <node id="node-Bone054" name="Bone054">
                              <matrix>0.8138614 -0.1123603 -0.5700921 0.05649626 0.4602882 0.7234694 0.5145158 -1.49012e-8 0.354633 -0.6811511 0.6405219 1.19209e-7 0 0 0 1</matrix>
                            </node>
                          </node>
                        </node>
                      </node>
                    </node>
                    <node id="node-Bone044" name="Bone044">
                      <matrix>-0.09140617 -3.72529e-7 0.9958135 0.2017386 -0.9919916 0.08753212 -0.09105518 0.01348138 -0.08716562 -0.9961616 -0.008001355 -0.06964707 0 0 0 1</matrix>
                      <node id="node-Bone045" name="Bone045">
                        <matrix>0.7861626 0.1194515 0.6063656 0.0724982 -0.0878349 0.9927796 -0.08169393 2.68221e-7 -0.611746 0.01096465 0.7909784 -1.43051e-6 0 0 0 1</matrix>
                        <node id="node-Bone046" name="Bone046">
                          <matrix>0.9278777 -0.2364843 0.288303 0.0625881 0.1528028 0.9464126 0.2845247 -1.2666e-7 -0.3401393 -0.2199506 0.9142908 4.05312e-6 0 0 0 1</matrix>
                          <node id="node-Bone047" name="Bone047">
                            <matrix>0.9307666 -0.3523223 0.09768249 0.06108749 0.1767301 0.6674464 0.7233816 5.96046e-8 -0.3200613 -0.6560363 0.683503 -1.19209e-7 0 0 0 1</matrix>
                            <node id="node-Bone048" name="Bone048">
                              <matrix>0.9457324 0.2373301 -0.2219569 0.07517111 -0.2279812 -0.002116323 -0.9736634 5.96046e-8 -0.2315491 0.971427 0.05210517 0 0 0 0 1</matrix>
                              <node id="node-Bone049" name="Bone049">
                                <matrix>0.8586521 0.1722121 -0.482763 0.08048511 -0.4657756 0.6552922 -0.5946811 -1.19209e-7 0.2139395 0.7354831 0.6428801 2.98023e-8 0 0 0 1</matrix>
                              </node>
                            </node>
                          </node>
                        </node>
                      </node>
                    </node>
                    <node id="node-Bone014" name="Bone014">
                      <matrix>-0.02865496 -2.99886e-7 0.9995889 0.2221859 -0.9993563 0.02160656 -0.02864823 0.004512787 -0.02159768 -0.9997666 -6.19438e-4 -0.05774581 0 0 0 1</matrix>
                      <node id="node-Bone015" name="Bone015">
                        <matrix>0.8968285 0.1569262 0.4136093 0.04459417 -0.1405922 0.9876001 -0.06985628 1.30385e-8 -0.4194429 0.004498854 0.9077709 -3.8147e-6 0 0 0 1</matrix>
                        <node id="node-Bone016" name="Bone016">
                          <matrix>0.8073794 0.3848706 0.4472286 0.05171192 -0.2289694 0.9029424 -0.3636864 1.63913e-7 -0.5437936 0.1912311 0.8171406 1.19209e-7 0 0 0 1</matrix>
                          <node id="node-Bone017" name="Bone017">
                            <matrix>0.9567486 0.1163465 0.2666372 0.06625247 -0.06016746 0.9758647 -0.209923 -2.98023e-8 -0.284626 0.1848008 0.9406572 -2.98023e-8 0 0 0 1</matrix>
                            <node id="node-Bone018" name="Bone018">
                              <matrix>0.9759616 -0.1837634 -0.1171754 0.07592642 0.2160517 0.7450927 0.6309979 1.19209e-7 -0.02864775 -0.641146 0.7668844 -4.51505e-6 0 0 0 1</matrix>
                              <node id="node-Bone019" name="Bone019">
                                <matrix>0.9469509 -0.1838324 -0.2636099 0.05424261 0.2948284 0.8233756 0.4849015 -5.21541e-8 0.1279092 -0.5368976 0.8338951 -5.96046e-8 0 0 0 1</matrix>
                                <node id="node-Bone020" name="Bone020">
                                  <matrix>0.7088869 -0.5135252 -0.4834985 0.1070501 0.4797029 -0.1515179 0.8642494 -2.98023e-8 -0.5170728 -0.8445907 0.1389304 2.98023e-8 0 0 0 1</matrix>
                                </node>
                              </node>
                            </node>
                          </node>
                        </node>
                      </node>
                    </node>
                    <node id="node-Bone006" name="Bone006">
                      <matrix>0.196101 -3.0268e-8 0.9805838 0.2309459 -0.9789098 0.05840609 0.1957663 0.03429443 -0.05727208 -0.998293 0.01145345 -0.0269171 0 0 0 1</matrix>
                      <node id="node-Bone007" name="Bone007">
                        <matrix>0.9117422 -0.01410428 0.4105207 0.04605412 0.01401885 0.9998968 0.0032185 5.58794e-9 -0.4105235 0.002820566 0.9118453 0 0 0 0 1</matrix>
                        <node id="node-Bone008" name="Bone008">
                          <matrix>0.9392015 0.1158516 0.3232316 0.0475558 -0.1007923 0.9929103 -0.06300743 7.45058e-9 -0.3282394 0.02659746 0.9442204 0 0 0 0 1</matrix>
                          <node id="node-Bone009" name="Bone009">
                            <matrix>0.9081649 5.73497e-4 0.4186126 0.05169487 -3.70648e-4 0.9999999 -5.65734e-4 0 -0.4186128 3.58585e-4 0.9081647 -1.19209e-7 0 0 0 1</matrix>
                            <node id="node-Bone010" name="Bone010">
                              <matrix>0.9252816 -0.277404 0.2586523 0.06606328 0.1212467 0.8625092 0.4913011 -8.9407e-8 -0.3593791 -0.4232312 0.8316981 1.3411e-7 0 0 0 1</matrix>
                              <node id="node-Bone011" name="Bone011">
                                <matrix>0.9589168 -0.2158549 -0.1840784 0.06010842 0.2631018 0.4340237 0.8616267 1.19209e-7 -0.1060917 -0.87466 0.4729846 0 0 0 0 1</matrix>
                                <node id="node-Bone012" name="Bone012">
                                  <matrix>0.9669532 -0.1915677 -0.1682377 0.05975723 0.2547095 0.7547973 0.6044863 8.34465e-7 0.01118526 -0.6273614 0.7786475 -2.08616e-7 0 0 0 1</matrix>
                                  <node id="node-Bone013" name="Bone013">
                                    <matrix>0.8543545 -0.001355797 -0.5196888 0.05263507 0.002830401 0.999994 0.002043992 -5.96046e-8 0.519683 -0.003217161 0.8543534 4.76837e-7 0 0 0 1</matrix>
                                  </node>
                                </node>
                              </node>
                            </node>
                          </node>
                        </node>
                      </node>
                    </node>
                    <node id="node-Bone021" name="Bone021">
                      <matrix>0.4470655 -1.43424e-7 0.8945011 0.2271243 -0.8945011 6.32368e-6 0.4470656 0.05075836 -5.72158e-6 -0.9999999 2.69711e-6 1.19209e-7 0 0 0 1</matrix>
                      <node id="node-Bone022" name="Bone022">
                        <matrix>0.906424 4.99235e-6 0.4223688 0.03557786 -5.6196e-6 1 2.47732e-7 -1.49012e-8 -0.4223689 -2.59466e-6 0.906424 -1.19209e-7 0 0 0 1</matrix>
                        <node id="node-Bone023" name="Bone023">
                          <matrix>0.9613262 -9.51812e-7 0.2754123 0.04570848 9.16421e-7 1 2.57045e-7 -7.45058e-9 -0.2754122 1.86265e-9 0.9613262 0 0 0 0 1</matrix>
                          <node id="node-Bone024" name="Bone024">
                            <matrix>0.8313264 -1.69687e-6 0.5557856 0.05609787 1.19209e-6 1 1.26996e-6 7.45058e-9 -0.5557857 -4.00469e-7 0.8313265 -2.14577e-6 0 0 0 1</matrix>
                            <node id="node-Bone025" name="Bone025">
                              <matrix>0.9055952 0 0.4241419 0.06339753 0 0.9999999 0 1.49012e-8 -0.4241419 6.94854e-10 0.9055952 7.15256e-7 0 0 0 1</matrix>
                              <node id="node-Bone026" name="Bone026">
                                <matrix>0.9644744 1.10604e-5 0.2641778 0.06756556 -9.16421e-7 1 -3.84953e-5 7.45058e-9 -0.2641779 3.68878e-5 0.9644744 8.64267e-7 0 0 0 1</matrix>
                                <node id="node-Bone027" name="Bone027">
                                  <matrix>0.9817944 -1.13994e-6 -0.1899465 0.07909274 9.83104e-6 1 4.48283e-5 0 0.1899466 -4.58788e-5 0.9817942 -4.76837e-7 0 0 0 1</matrix>
                                  <node id="node-Bone028" name="Bone028">
                                    <matrix>0.9998927 2.06009e-6 0.01466203 0.07343209 -1.90921e-6 0.9999999 -1.03712e-5 7.45058e-9 -0.01466203 1.03423e-5 0.9998926 2.98023e-8 0 0 0 1</matrix>
                                  </node>
                                </node>
                              </node>
                            </node>
                          </node>
                        </node>
                      </node>
                    </node>
                    <node id="node-Bone029" name="Bone029">
                      <matrix>0.196101 -1.00583e-7 0.9805837 0.2309459 -0.9789099 -0.05839981 0.1957663 0.03429437 0.05726586 -0.9982933 -0.01145236 0.02691686 0 0 0 1</matrix>
                      <node id="node-Bone030" name="Bone030">
                        <matrix>0.9117725 0.01410466 0.4104536 0.04605371 -0.01401944 0.9998965 -0.003217544 -7.45058e-8 -0.4104565 -0.002820663 0.9118759 -3.93391e-6 0 0 0 1</matrix>
                        <node id="node-Bone031" name="Bone031">
                          <matrix>0.9391772 -0.1158523 0.3233027 0.04755449 0.1007911 0.9929111 0.0630068 1.49012e-8 -0.3283098 -0.02658846 0.9441957 1.19209e-7 0 0 0 1</matrix>
                          <node id="node-Bone032" name="Bone032">
                            <matrix>0.9038533 0.04105058 0.4258697 0.05169499 -0.02617575 0.9988275 -0.04072464 -3.72529e-9 -0.4270421 0.02566157 0.903868 1.78814e-7 0 0 0 1</matrix>
                            <node id="node-Bone033" name="Bone033">
                              <matrix>0.9352224 0.2103268 0.2848187 0.06606317 -0.09208231 0.9212398 -0.3779384 0 -0.3418767 0.3272296 0.8809315 0 0 0 0 1</matrix>
                              <node id="node-Bone034" name="Bone034">
                                <matrix>0.9540269 0.2209558 -0.2025129 0.06010926 -0.2726005 0.3588101 -0.8927173 0 -0.1245871 0.9068816 0.4025471 -2.98023e-8 0 0 0 1</matrix>
                                <node id="node-Bone035" name="Bone035">
                                  <matrix>0.9640254 0.184163 -0.1916737 0.05975628 -0.2622839 0.7761135 -0.5734578 0 0.04315074 0.603101 0.7964969 -5.96046e-8 0 0 0 1</matrix>
                                  <node id="node-Bone036" name="Bone036">
                                    <matrix>0.8694143 0.01521924 -0.4938492 0.05263555 -0.02966289 0.9993308 -0.02142406 -5.96046e-8 0.4931928 0.03327531 0.8692833 0 0 0 0 1</matrix>
                                  </node>
                                </node>
                              </node>
                            </node>
                          </node>
                        </node>
                      </node>
                    </node>
                    <node id="node-Bone037" name="Bone037">
                      <matrix>-0.03296208 1.67638e-7 0.9994565 0.2221859 -0.99898 -0.03087517 -0.03294641 0.004512429 0.03085839 -0.9995235 0.001017869 0.05774581 0 0 0 1</matrix>
                      <node id="node-Bone038" name="Bone038">
                        <matrix>0.8929765 -0.1232729 0.4328945 0.04459447 0.1165006 0.9922913 0.04225145 5.96046e-8 -0.434766 0.01270288 0.9004543 1.19209e-7 0 0 0 1</matrix>
                        <node id="node-Bone039" name="Bone039">
                          <matrix>0.8104645 -0.3801516 0.4456804 0.05171025 0.2161753 0.9012178 0.3755988 7.45058e-9 -0.54444 -0.2080643 0.8125845 -1.60933e-6 0 0 0 1</matrix>
                          <node id="node-Bone040" name="Bone040">
                            <matrix>0.9648312 -0.1429276 0.2206183 0.06625342 0.0789454 0.9580724 0.2754363 5.96046e-8 -0.2507357 -0.2483327 0.9356616 5.96046e-8 0 0 0 1</matrix>
                            <node id="node-Bone041" name="Bone041">
                              <matrix>0.975956 0.1838065 -0.1171584 0.07592785 -0.2160679 0.7449557 -0.631155 2.98023e-7 -0.0287326 0.6412933 0.7667582 -1.49012e-8 0 0 0 1</matrix>
                              <node id="node-Bone042" name="Bone042">
                                <matrix>0.9450259 0.2399526 -0.2221448 0.05424106 -0.3174697 0.8360454 -0.4474815 2.23517e-8 0.07834882 0.4934064 0.8662629 2.68221e-7 0 0 0 1</matrix>
                                <node id="node-Bone043" name="Bone043">
                                  <matrix>0.7633407 0.438169 -0.4746783 0.1070514 -0.4467451 -0.1726974 -0.8778355 0 -0.4666158 0.8821475 0.06392275 0 0 0 0 1</matrix>
                                </node>
                              </node>
                            </node>
                          </node>
                        </node>
                      </node>
                    </node>
                    <node id="node-Bone055" name="Bone055">
                      <matrix>-0.09140572 1.78814e-7 0.9958143 0.2017385 -0.9919922 -0.08752596 -0.09105495 0.01348102 0.08715952 -0.9961624 0.008000561 0.06964707 0 0 0 1</matrix>
                      <node id="node-Bone056" name="Bone056">
                        <matrix>0.7861557 -0.1194354 0.6063781 0.07249784 0.08782187 0.9927816 0.08168432 3.42727e-7 -0.6117568 -0.01096335 0.7909698 1.19209e-7 0 0 0 1</matrix>
                        <node id="node-Bone057" name="Bone057">
                          <matrix>0.9220536 0.282224 0.2648901 0.062585 -0.1853494 0.9227367 -0.3379383 -3.27826e-7 -0.339798 0.2625 0.9031229 1.78814e-7 0 0 0 1</matrix>
                          <node id="node-Bone058" name="Bone058">
                            <matrix>0.9331157 0.3402687 0.1162441 0.0610894 -0.1721811 0.7066321 -0.6863126 0 -0.3156726 0.6203942 0.7179571 1.19209e-7 0 0 0 1</matrix>
                            <node id="node-Bone059" name="Bone059">
                              <matrix>0.9435688 -0.2433106 -0.2246736 0.07517016 0.22795 -0.01498587 0.9735575 0 -0.2402438 -0.9698328 0.04132233 0 0 0 0 1</matrix>
                              <node id="node-Bone060" name="Bone060">
                                <matrix>0.8586497 -0.1722087 -0.4827678 0.0804863 0.4657789 0.6552851 0.5946859 4.47035e-8 0.2139404 -0.7354898 0.6428717 -8.9407e-8 0 0 0 1</matrix>
                              </node>
                            </node>
                          </node>
                        </node>
                      </node>
                    </node>
                    <node id="node-Bone061" name="Bone061">
                      <matrix>-0.2765531 5.81145e-7 0.9609985 0.1766737 -0.9376869 -0.2189246 -0.2698442 0.0138644 0.2103862 -0.975742 0.06054477 0.08004999 0 0 0 1</matrix>
                      <node id="node-Bone062" name="Bone062">
                        <matrix>0.8800435 0.03148919 0.4738474 0.06630647 -0.02342634 0.999463 -0.02291051 2.98023e-8 -0.4743145 0.009061784 0.8803087 -1.90735e-6 0 0 0 1</matrix>
                        <node id="node-Bone063" name="Bone063">
                          <matrix>0.8984271 0.4092896 0.1590954 0.05577624 -0.2856669 0.8199127 -0.4961223 0 -0.3335019 0.4002815 0.8535523 0 0 0 0 1</matrix>
                          <node id="node-Bone064" name="Bone064">
                            <matrix>0.8136281 0.4382423 -0.3820377 0.05538905 -0.1488503 -0.4781921 -0.8655492 -5.96046e-8 -0.5620081 0.7611017 -0.323838 -2.98023e-8 0 0 0 1</matrix>
                            <node id="node-Bone065" name="Bone065">
                              <matrix>0.8752897 0.08609422 -0.4758735 0.05682147 -0.3054108 0.8613696 -0.4059146 1.49012e-8 0.374956 0.5006299 0.7802421 0 0 0 0 1</matrix>
                            </node>
                          </node>
                        </node>
                      </node>
                    </node>
                    <node id="node-Bone077" name="Bone077">
                      <matrix>-0.01158965 6.25849e-7 0.9999328 0.1375991 -0.8724388 -0.4886189 -0.01011151 0.03142524 0.4885861 -0.8724976 0.005663479 0.0596832 0 0 0 1</matrix>
                      <node id="node-Bone078" name="Bone078">
                        <matrix>0.7043356 -0.4953952 0.5084243 0.06178039 0.3977997 0.8686489 0.2953046 5.36442e-7 -0.5879346 -0.00574242 0.8088884 4.37498e-5 0 0 0 1</matrix>
                        <node id="node-Bone079" name="Bone079">
                          <matrix>0.7459559 -0.6548733 0.1212058 0.1102705 0.4237671 0.6071163 0.6721835 -1.49012e-8 -0.5137812 -0.4500562 0.7303955 1.19209e-7 0 0 0 1</matrix>
                          <node id="node-Bone080" name="Bone080">
                            <matrix>0.8926532 0.2532578 0.3728679 0.1663147 -0.1483835 0.9462286 -0.2874601 5.96046e-8 -0.4256199 0.201275 0.8822337 4.47035e-8 0 0 0 1</matrix>
                            <node id="node-Bone081" name="Bone081">
                              <matrix>0.9320755 0.1246797 -0.340132 0.137991 -0.1721553 -0.673667 -0.7187043 0 -0.3187435 0.7284417 -0.6064442 0 0 0 0 1</matrix>
                            </node>
                          </node>
                        </node>
                      </node>
                    </node>
                    <node id="node-Bone066" name="Bone066">
                      <matrix>-0.2908011 -2.83122e-7 0.9567833 0.1378932 -0.9335829 0.2188804 -0.2837496 0.009998918 -0.2094211 -0.9757516 -0.06365092 -0.07983373 0 0 0 1</matrix>
                      <node id="node-Bone067" name="Bone067">
                        <matrix>0.7965988 0.4133026 0.4411482 0.08105612 -0.3324228 0.9090159 -0.2513689 -2.98023e-8 -0.5049019 0.05359239 0.8615116 -3.09944e-6 0 0 0 1</matrix>
                        <node id="node-Bone068" name="Bone068">
                          <matrix>0.9018512 0.4028898 0.1560252 0.06413412 -0.2337512 0.7587149 -0.6080389 -2.38419e-7 -0.3633517 0.51189 0.7784243 2.38419e-7 0 0 0 1</matrix>
                          <node id="node-Bone069" name="Bone069">
                            <matrix>0.999895 0.01424566 0.002566928 0.08350682 -0.01418537 0.9996533 -0.02217157 -5.96046e-8 -0.002881973 0.02213283 0.9997507 0 0 0 0 1</matrix>
                            <node id="node-Bone070" name="Bone070">
                              <matrix>0.9643174 -0.150227 0.2179987 0.08289564 0.0969623 0.966611 0.2371959 -5.96046e-8 -0.2463528 -0.2075952 0.946686 -1.49012e-8 0 0 0 1</matrix>
                              <node id="node-Bone071" name="Bone071">
                                <matrix>0.9585638 -0.1121205 0.2618872 0.06400168 0.03549379 0.9591345 0.2807152 -2.98023e-8 -0.2826594 -0.2597879 0.9233711 -2.98023e-8 0 0 0 1</matrix>
                                <node id="node-Bone072" name="Bone072">
                                  <matrix>0.9640762 -0.03288299 -0.2635827 0.07497585 0.2330033 -0.3717678 0.8986087 -2.98023e-8 -0.1275406 -0.927743 -0.3507508 -5.96046e-8 0 0 0 1</matrix>
                                </node>
                              </node>
                            </node>
                          </node>
                        </node>
                      </node>
                    </node>
                    <node id="node-Bone073" name="Bone073">
                      <matrix>-0.2925557 1.5134e-7 0.9562487 0.0924896 -0.9547039 0.05680938 -0.2920833 -0.0307889 -0.05432393 -0.998385 -0.01661977 -0.07006144 0 0 0 1</matrix>
                      <node id="node-Bone074" name="Bone074">
                        <matrix>0.6387706 0.466081 0.6121608 0.0586164 -0.2161334 0.8722984 -0.4386137 3.72529e-9 -0.7384158 0.1478651 0.6579341 0 0 0 0 1</matrix>
                        <node id="node-Bone075" name="Bone075">
                          <matrix>0.9669389 -0.2549824 -0.003659785 0.08270776 0.2245849 0.8446919 0.4858575 2.98023e-8 -0.1207937 -0.4706161 0.8740308 -8.9407e-8 0 0 0 1</matrix>
                          <node id="node-Bone076" name="Bone076">
                            <matrix>0.9027886 -0.3799326 -0.201553 0.1038885 0.1286855 -0.2085411 0.9695104 0 -0.4103808 -0.9012 -0.1393765 -1.04308e-7 0 0 0 1</matrix>
                          </node>
                        </node>
                      </node>
                    </node>
                    <node id="node-Bone082" name="Bone082">
                      <matrix>-0.3110903 3.27826e-7 0.9503803 0.09530389 -0.9488454 -0.05680678 -0.3105881 -0.03142172 0.05398794 -0.9983854 0.01767234 0.06847608 0 0 0 1</matrix>
                      <node id="node-Bone083" name="Bone083">
                        <matrix>0.6710567 -0.4341135 0.6010228 0.05861509 0.182701 0.8824794 0.4334169 2.08616e-7 -0.7185425 -0.1810399 0.6715066 4.76837e-6 0 0 0 1</matrix>
                        <node id="node-Bone084" name="Bone084">
                          <matrix>0.9794418 0.1983212 0.03691363 0.0827117 -0.1548231 0.8563237 -0.4926871 4.47035e-8 -0.1293202 0.4768434 0.8694239 1.78814e-7 0 0 0 1</matrix>
                          <node id="node-Bone085" name="Bone085">
                            <matrix>0.9224286 0.3760584 -0.08778418 0.1038884 -0.1378097 0.1082106 -0.9845294 -1.3411e-7 -0.3607414 0.9202555 0.151641 -1.04308e-7 0 0 0 1</matrix>
                            <node id="node-Bone086" name="Bone086">
                              <matrix>0.9832616 0.04322937 -0.1769953 0.1096958 -0.1237181 0.8715612 -0.4744204 1.78814e-7 0.1337534 0.4883771 0.862321 5.96046e-8 0 0 0 1</matrix>
                            </node>
                          </node>
                        </node>
                      </node>
                    </node>
                  </node>
                </node>
                <node id="node-Bip001_backpack_01" name="Bip001_backpack_01">
                  <matrix>-0.9792178 0.202802 -0.001978792 0.2016007 -0.2027961 -0.9792171 -0.002801992 -0.08787808 -0.002505936 -0.002342406 0.9999942 4.24683e-7 0 0 0 1</matrix>
                  <node id="node-Bip001_rope_01" name="Bip001_rope_01">
                    <matrix sid="matrix">0.9945755 0.001509547 -0.1040044 0.424095 0.01764448 -0.9878517 0.1543935 0.08793785 -0.102508 -0.155391 -0.98252 0.09921909 0 0 0 1</matrix>
                    <node id="node-Bip001_rope_02" name="Bip001_rope_02">
                      <matrix>0.9993812 -0.02325743 0.02639288 0.09589994 -0.02437366 -0.9987867 0.04279101 8.34018e-5 0.02536565 -0.04340788 -0.9987355 3.62098e-6 0 0 0 1</matrix>
                      <node id="node-Bip001_rope_03" name="Bip001_rope_03">
                        <matrix>0.9984595 -0.04565973 -0.03152195 0.1048738 0.03999325 0.9860583 -0.1615222 -1.02356e-4 0.03845753 0.1600128 0.9863654 -0.001042601 0 0 0 1</matrix>
                      </node>
                    </node>
                  </node>
                  <node id="node-Bip001_Xtra17" name="Bip001_Xtra17">
                    <matrix>-0.04419939 -0.7063962 -0.7064353 0.1551489 0.9990226 -0.0316494 -0.030858 0.112457 -5.60354e-4 -0.7071087 0.7071047 6.88508e-5 0 0 0 1</matrix>
                    <node id="node-Bip001_Xtra18" name="Bip001_Xtra18">
                      <matrix>1 -3.72529e-9 2.23517e-8 0.02474697 -7.45058e-9 1 2.98023e-7 -2.2471e-5 -4.47035e-8 -2.98023e-7 1 0 0 0 0 1</matrix>
                    </node>
                    <node id="node-Bip001_Xtra19" name="Bip001_Xtra19">
                      <matrix>0.9999996 -7.96359e-4 7.98553e-4 0.02904581 -7.96359e-4 -0.9999998 -1.54972e-6 0.02995092 7.98553e-4 8.04663e-7 -0.9999999 -7.47442e-5 0 0 0 1</matrix>
                    </node>
                    <node id="node-Bip001_Xtra20" name="Bip001_Xtra20">
                      <matrix>0.9999918 -0.003981311 7.88853e-4 0.02889745 0.003981359 0.9999921 6.3777e-6 -0.03234428 -7.88972e-4 -3.18885e-6 0.9999997 -7.51019e-5 0 0 0 1</matrix>
                    </node>
                  </node>
                  <node id="node-Bip001_Xtra01" name="Bip001_Xtra01">
                    <matrix>0.9980925 -0.06089208 0.01018675 0.2139949 0.06087954 0.998144 0.001538699 0.05373998 -0.01026155 -9.15694e-4 0.999947 0.1710362 0 0 0 1</matrix>
                  </node>
                  <node id="node-Bip001_Xtra01Opp" name="Bip001_Xtra01Opp">
                    <matrix>0.9982424 -0.05840914 0.01002977 0.2139943 0.05839637 0.9982923 0.001561788 0.05373995 -0.01010388 -9.73384e-4 0.9999486 -0.1722647 0 0 0 1</matrix>
                  </node>
                </node>
                <node id="node-Bip001_L_Clavicle" name="Bip001_L_Clavicle">
                  <matrix sid="matrix">-0.1281998 -7.4473e-4 0.9917482 0.1406267 -0.3513237 -0.9351177 -0.04611647 0.02467197 0.9274356 -0.3543367 0.1196203 0.05035807 0 0 0 1</matrix>
                  <node id="node-Bip001_L_UpperArm" name="Bip001_L_UpperArm">
                    <matrix sid="matrix">-0.5149027 0.6082692 0.604056 0.17644 -0.8571854 -0.3738858 -0.3541788 0 0.01041174 -0.7001556 0.7139142 1.19209e-7 0 0 0 1</matrix>
                    <node id="node-Bip001_L_Forearm" name="Bip001_L_Forearm">
                      <matrix sid="matrix">0.9122992 0.4095244 -2.98023e-8 0.302225 -0.4095244 0.9122992 -2.98023e-8 5.96046e-8 2.98023e-8 -2.98023e-8 1 -1.19209e-7 0 0 0 1</matrix>
                      <node id="node-Bip001_L_Hand" name="Bip001_L_Hand">
                        <matrix sid="matrix">0.9935147 0.1068601 0.03885226 0.3035222 0.1108783 -0.8348094 -0.5392579 -1.19209e-7 -0.02519095 0.5400686 -0.841244 0 0 0 0 1</matrix>
                        <node id="node-Bip001_L_Finger0" name="Bip001_L_Finger0">
                          <matrix sid="matrix">0.8356916 0.4604327 0.2993668 0.01779103 0.3488942 -0.02412 -0.9368513 0.01367199 -0.4241371 0.887366 -0.1807995 -0.02770388 0 0 0 1</matrix>
                          <node id="node-Bip001_L_Finger01" name="Bip001_L_Finger01">
                            <matrix sid="matrix">0.9286612 -0.349831 -0.1233151 0.05085599 0.3430109 0.9364539 -0.07346758 -1.49012e-8 0.1411801 0.02592809 0.9896443 0 0 0 0 1</matrix>
                            <node id="node-Bip001_L_Finger02" name="Bip001_L_Finger02">
                              <matrix sid="matrix">0.8724153 -0.4768489 -0.1072691 0.03437018 0.4679119 0.8782535 -0.09863716 -5.96046e-8 0.1412444 0.03586012 0.989325 -1.19209e-7 0 0 0 1</matrix>
                            </node>
                          </node>
                        </node>
                        <node id="node-Bip001_L_Finger1" name="Bip001_L_Finger1">
                          <matrix sid="matrix">0.7875988 -0.5777799 0.214144 0.08567595 0.6161225 0.7333547 -0.2873731 -0.005999684 0.008994609 0.3582737 0.9335729 -0.02973527 0 0 0 1</matrix>
                          <node id="node-Bip001_L_Finger11" name="Bip001_L_Finger11">
                            <matrix sid="matrix">0.8068533 -0.5906615 -0.01033542 0.05795395 0.5841656 0.7951304 0.1628453 0 -0.08796844 -0.1374298 0.9865975 0 0 0 0 1</matrix>
                            <node id="node-Bip001_L_Finger12" name="Bip001_L_Finger12">
                              <matrix sid="matrix">0.8553334 -0.5180619 0.004100025 0.03285098 0.5105551 0.8442304 0.163121 0 -0.08796817 -0.1374295 0.9865975 0 0 0 0 1</matrix>
                            </node>
                          </node>
                        </node>
                        <node id="node-Bip001_L_Finger2" name="Bip001_L_Finger2">
                          <matrix sid="matrix">0.7565214 -0.6515097 0.05666202 0.09032297 0.6531388 0.7483508 -0.1156754 -0.01052213 0.03295982 0.1245189 0.9916694 -0.005256712 0 0 0 1</matrix>
                          <node id="node-Bip001_L_Finger21" name="Bip001_L_Finger21">
                            <matrix sid="matrix">0.7793905 -0.6265383 -2.98023e-8 0.05795395 0.6265383 0.7793905 1.49012e-8 0 0 -7.45058e-8 1 5.96046e-8 0 0 0 1</matrix>
                            <node id="node-Bip001_L_Finger22" name="Bip001_L_Finger22">
                              <matrix sid="matrix">0.8664973 -0.4991817 -2.98023e-8 0.04148102 0.4991817 0.8664973 -2.98023e-8 0 -2.98023e-8 -2.98023e-8 1 -1.19209e-7 0 0 0 1</matrix>
                            </node>
                          </node>
                        </node>
                        <node id="node-Bip001_L_Finger3" name="Bip001_L_Finger3">
                          <matrix sid="matrix">0.6577248 -0.7339762 -0.1693397 0.08558702 0.7530009 0.6465464 0.1223438 -0.009840488 0.01968792 -0.2079816 0.9779347 0.0207029 0 0 0 1</matrix>
                          <node id="node-Bip001_L_Finger31" name="Bip001_L_Finger31">
                            <matrix sid="matrix">0.9186891 -0.3920493 -0.04803827 0.05795395 0.3915208 0.9199442 -0.02034945 -2.98023e-8 0.05217054 -1.13167e-4 0.9986383 0 0 0 0 1</matrix>
                            <node id="node-Bip001_L_Finger32" name="Bip001_L_Finger32">
                              <matrix sid="matrix">0.8818748 -0.4692225 -0.04612377 0.03192699 0.4685887 0.8830799 -0.0243798 -5.96046e-8 0.05217046 -1.13115e-4 0.9986382 0 0 0 0 1</matrix>
                            </node>
                          </node>
                        </node>
                        <node id="node-Bip001_L_Finger4" name="Bip001_L_Finger4">
                          <matrix sid="matrix">0.5783077 -0.7306173 -0.3629861 0.08973408 0.814499 0.5423659 0.2059859 -0.004826784 0.04637459 -0.4147745 0.908742 0.0466848 0 0 0 1</matrix>
                          <node id="node-Bip001_L_Finger41" name="Bip001_L_Finger41">
                            <matrix sid="matrix">0.9224263 -0.3861729 -2.98023e-8 0.0349679 0.3861728 0.9224266 0 -2.98023e-8 8.9407e-8 -1.49012e-8 1 5.96046e-8 0 0 0 1</matrix>
                            <node id="node-Bip001_L_Finger42" name="Bip001_L_Finger42">
                              <matrix sid="matrix">0.9604046 -0.2786097 0 0.02205002 0.2786096 0.9604045 -7.45058e-9 0 0 1.49012e-8 1 0 0 0 0 1</matrix>
                            </node>
                          </node>
                        </node>
                      </node>
                    </node>
                  </node>
                </node>
                <node id="node-Bip001_R_Clavicle" name="Bip001_R_Clavicle">
                  <matrix sid="matrix">-0.3068429 -7.85321e-4 -0.9517598 0.1406268 -0.157233 -0.9862176 0.05150488 0.0246723 -0.9386827 0.165452 0.3024903 -0.05035792 0 0 0 1</matrix>
                  <node id="node-Bip001_R_UpperArm" name="Bip001_R_UpperArm">
                    <matrix sid="matrix">-0.2948259 0.8391144 -0.4571266 0.17644 -0.9413715 -0.3371662 -0.01176926 0 -0.1640032 0.4268561 0.8893237 0 0 0 0 1</matrix>
                    <node id="node-Bip001_R_Forearm" name="Bip001_R_Forearm">
                      <matrix sid="matrix">0.8434724 0.537173 -2.98023e-8 0.3022251 -0.537173 0.8434721 0 -5.96046e-8 8.9407e-8 2.98023e-8 1 1.19209e-7 0 0 0 1</matrix>
                      <node id="node-Bip001_R_Hand" name="Bip001_R_Hand">
                        <matrix sid="matrix">0.9415443 -0.02738357 0.3357741 0.3035221 0.1104988 -0.9164501 -0.3845894 -2.98023e-8 0.3182518 0.3992107 -0.8598527 -1.19209e-7 0 0 0 1</matrix>
                        <node id="node-Bip001_R_Finger0" name="Bip001_R_Finger0">
                          <matrix sid="matrix">0.8037893 0.4602646 -0.3769334 0.01779103 0.5107172 -0.2089089 0.8339812 0.01367196 0.3051081 -0.8628511 -0.4029841 0.02770388 0 0 0 1</matrix>
                          <node id="node-Bip001_R_Finger01" name="Bip001_R_Finger01">
                            <matrix sid="matrix">0.8362538 -0.5468488 0.04044577 0.05085623 0.5191393 0.813311 0.2627153 -5.96046e-8 -0.1765606 -0.1986997 0.9640253 0 0 0 0 1</matrix>
                            <node id="node-Bip001_R_Finger02" name="Bip001_R_Finger02">
                              <matrix sid="matrix">0.756563 -0.6539197 -0.001300871 0.03437001 0.6290389 0.7272303 0.2746751 0 -0.1786693 -0.2086272 0.9615363 -1.19209e-7 0 0 0 1</matrix>
                            </node>
                          </node>
                        </node>
                        <node id="node-Bip001_R_Finger1" name="Bip001_R_Finger1">
                          <matrix sid="matrix">0.9940406 0.04466012 -0.09943956 0.08567595 -0.005843492 0.9327438 0.3604921 -0.005999714 0.1088514 -0.3577624 0.9274465 0.02973521 0 0 0 1</matrix>
                          <node id="node-Bip001_R_Finger11" name="Bip001_R_Finger11">
                            <matrix sid="matrix">0.6196443 -0.7742287 -0.1288838 0.05795407 0.7718647 0.6308784 -0.07885132 0 0.142359 -0.05062115 0.98852 1.19209e-7 0 0 0 1</matrix>
                            <node id="node-Bip001_R_Finger12" name="Bip001_R_Finger12">
                              <matrix sid="matrix">0.1646769 -0.977017 -0.1353496 0.03285101 0.9822991 0.1748699 -0.0671497 1.19209e-7 0.08927491 -0.1218957 0.9885198 0 0 0 0 1</matrix>
                            </node>
                          </node>
                        </node>
                        <node id="node-Bip001_R_Finger2" name="Bip001_R_Finger2">
                          <matrix sid="matrix">0.8943931 -0.3994741 0.201201 0.09032297 0.4087132 0.9126502 -0.004815577 -0.01052222 -0.1817017 0.08654094 0.979538 0.005256653 0 0 0 1</matrix>
                          <node id="node-Bip001_R_Finger21" name="Bip001_R_Finger21">
                            <matrix sid="matrix">-0.2901334 -0.9545646 0.06803805 0.05795395 0.9472036 -0.2965805 -0.1218421 0 0.136485 0.0290954 0.9902148 -1.19209e-7 0 0 0 1</matrix>
                            <node id="node-Bip001_R_Finger22" name="Bip001_R_Finger22">
                              <matrix sid="matrix">0.4759743 -0.8781217 0.0484845 0.04148108 0.874605 0.4668428 -0.1308588 0 0.09227532 0.1046902 0.9902148 1.19209e-7 0 0 0 1</matrix>
                            </node>
                          </node>
                        </node>
                        <node id="node-Bip001_R_Finger3" name="Bip001_R_Finger3">
