<?xml version="1.0" encoding="utf-8"?>
<COLLADA xmlns="http://www.collada.org/2005/11/COLLADASchema" version="1.4.1">
  <asset>
    <contributor>
      <author>Setsu</author>
      <authoring_tool>OpenCOLLADA for 3ds Max;  Version: 1.3.1;  Revision: 847M;  Platform: x64;  Configuration: Release_Max2012_static</authoring_tool>
      <source_data>file:///D:/_Work/webgl/models/man/animation/gun/draw_wpn_gun.max</source_data>
    </contributor>
    <created>2012-09-04T13:35:45</created>
    <modified>2012-09-04T13:35:45</modified>
    <unit name="meter" meter="1"/>
    <up_axis>Z_UP</up_axis>
  </asset>
  <library_lights>
    <light id="EnvironmentAmbientLight" name="EnvironmentAmbientLight">
      <technique_common>
        <ambient>
          <color>0.019608 0.019608 0.019608</color>
        </ambient>
      </technique_common>
    </light>
  </library_lights>
  <library_visual_scenes>
    <visual_scene id="MaxScene">
      <node name="EnvironmentAmbientLight">
        <instance_light url="#EnvironmentAmbientLight"/>
      </node>
      <node id="node-Bip001" name="Bip001">
        <matrix sid="matrix">-0.5723473 0.8200113 -3.72529e-9 -0.10543 -0.8198809 -0.5722563 -0.01783047 -0.009825243 -0.01462119 -0.01020522 0.999841 0.9622645 0 0 0 1</matrix>
        <node id="node-Bip001_Pelvis" name="Bip001_Pelvis">
          <matrix sid="matrix">-0.04494381 0.9659261 0.2548857 -0.02786903 -0.1344771 -0.258671 0.9565591 2.07871e-6 0.9898969 0.008715119 0.1415206 -4.07517e-4 0 0 0 1</matrix>
          <node id="node-Bip001_Spine" name="Bip001_Spine">
            <matrix sid="matrix">0.9955621 0.06586148 -0.06721959 0.1044804 -0.07480726 0.987228 -0.1406586 0.01650777 0.05709707 0.1450627 0.9877734 0.01916952 0 0 0 1</matrix>
            <node id="node-Bip001_Spine1" name="Bip001_Spine1">
              <matrix sid="matrix">0.9964873 0.06361252 -0.05446751 0.1646255 -0.06511074 0.9975343 -0.02618681 -1.30773e-4 0.05266738 0.02964139 0.9981722 -3.9041e-6 0 0 0 1</matrix>
              <node id="node-Bip001_Spine2" name="Bip001_Spine2">
                <matrix sid="matrix">0.9553794 -0.2953402 0.0049341 0.1646726 0.2953759 0.9551264 -0.02205859 -1.25244e-4 0.001802113 0.02253172 0.9997444 -2.95788e-6 0 0 0 1</matrix>
                <node id="node-Bip001_Neck" name="Bip001_Neck">
                  <matrix sid="matrix">0.9803016 -0.1869298 0.06376389 0.1743733 0.193147 0.9747844 -0.1117565 -0.007501706 -0.04126541 0.121871 0.9916877 -7.38353e-6 0 0 0 1</matrix>
                  <node id="node-Bip001_Head" name="Bip001_Head">
                    <matrix sid="matrix">0.9659931 0.1381177 -0.2185887 0.08447993 -0.2325786 0.8335212 -0.5011484 0.03011215 0.1129808 0.5349448 0.8372992 6.70552e-8 0 0 0 1</matrix>
                    <node id="node-Bip001_AngryBrowR" name="Bip001_AngryBrowR">
                      <matrix>0.001812048 -0.9852681 0.1710073 0.1354002 0.9995394 -0.003395714 -0.03015607 0.1043413 0.0302925 0.1709832 0.9848081 -0.01978301 0 0 0 1</matrix>
                    </node>
                    <node id="node-Bip001_SillyBrowL" name="Bip001_SillyBrowL">
                      <matrix>-0.004057273 -0.9597188 -0.280933 0.134617 0.7867899 0.1703331 -0.5932521 0.08548473 0.6172073 -0.2234423 0.7544061 0.05988091 0 0 0 1</matrix>
                    </node>
                    <node id="node-Bip001_SillyBrowR" name="Bip001_SillyBrowR">
                      <matrix>-0.004056916 -0.9597203 0.2809277 0.1346171 0.7867937 0.1703287 0.5932484 0.08548503 -0.6172027 0.2234389 0.754411 -0.05988047 0 0 0 1</matrix>
                    </node>
                    <node id="node-Bip001_jaw" name="Bip001_jaw">
                      <matrix>0.3710407 -0.9275406 -0.0446916 0.0739423 0.8026184 0.3445303 -0.4869317 0.01053736 0.4670464 0.1448011 0.8722959 -1.2055e-5 0 0 0 1</matrix>
                      <node id="node-Bip001_lowerLipL" name="Bip001_lowerLipL">
                        <matrix>-0.8336916 -0.3554322 -0.4226423 0.1074511 0.3746175 -0.9263141 0.0400489 -0.03483582 -0.4057341 -0.1249408 0.9054113 0.009654507 0 0 0 1</matrix>
                      </node>
                      <node id="node-Bip001_lowerLipR" name="Bip001_lowerLipR">
                        <matrix>0.7819586 1.75554e-6 -0.6233305 0.1074493 -0.6233305 -4.04194e-6 -0.7819586 -0.03484035 -3.90783e-6 1 -2.0247e-6 -0.009658977 0 0 0 1</matrix>
                      </node>
                    </node>
                    <node id="node-Bip001_upperLipL" name="Bip001_upperLipL">
                      <matrix>1.49012e-7 -6.4671e-6 -1 0.04530871 1 3.11551e-6 2.23517e-7 0.116103 3.14508e-6 -1 6.40005e-6 0.00955525 0 0 0 1</matrix>
                    </node>
                    <node id="node-Bip001_upperLipR" name="Bip001_upperLipR">
                      <matrix>1.3411e-7 -1.20141e-5 1 0.04530883 0.9999999 -2.43285e-6 -2.23517e-7 0.1161031 2.40142e-6 1 1.19582e-5 -0.00955461 0 0 0 1</matrix>
                    </node>
                    <node id="node-Bip001_AngryBrowL" name="Bip001_AngryBrowL">
                      <matrix>0.001812056 -0.9852672 -0.1710128 0.1354002 0.9995396 -0.003394932 0.03015059 0.1043411 -0.03028696 -0.1709887 0.9848074 0.01978356 0 0 0 1</matrix>
                    </node>
                    <node id="node-Bone050" name="Bone050">
                      <matrix>-0.2718078 -4.02331e-7 0.9623517 0.176674 -0.9409113 0.2099089 -0.2657521 0.01386482 -0.202006 -0.9777211 -0.0570552 -0.080042 0 0 0 1</matrix>
                      <node id="node-Bone051" name="Bone051">
                        <matrix>0.8727056 -0.06772885 0.4835261 0.06664181 0.04994017 0.9975201 0.04958953 1.49012e-8 -0.4856857 -0.01912965 0.8739239 1.19209e-7 0 0 0 1</matrix>
                        <node id="node-Bone052" name="Bone052">
                          <matrix>0.9062542 -0.388685 0.1662163 0.05545187 0.2715809 0.8366386 0.4756895 1.49012e-8 -0.323956 -0.3859544 0.8637665 -1.19209e-7 0 0 0 1</matrix>
                          <node id="node-Bone053" name="Bone053">
                            <matrix>0.8183509 -0.4357321 -0.3747522 0.0551728 0.143037 -0.4771263 0.8671163 7.45058e-9 -0.5566343 -0.763209 -0.3281314 -1.19209e-7 0 0 0 1</matrix>
                            <node id="node-Bone054" name="Bone054">
                              <matrix>0.8138615 -0.1123602 -0.5700921 0.05649638 0.4602882 0.7234693 0.5145156 -1.49012e-8 0.354633 -0.681151 0.6405218 2.98023e-8 0 0 0 1</matrix>
                            </node>
                          </node>
                        </node>
                      </node>
                    </node>
                    <node id="node-Bone044" name="Bone044">
                      <matrix>-0.09140614 -3.7998e-7 0.9958137 0.2017385 -0.9919918 0.08753212 -0.09105524 0.01348136 -0.08716563 -0.9961617 -0.008001346 -0.06964707 0 0 0 1</matrix>
                      <node id="node-Bone045" name="Bone045">
                        <matrix>0.7861626 0.1194515 0.6063656 0.07249829 -0.08783492 0.9927796 -0.08169392 2.68221e-7 -0.611746 0.01096465 0.7909783 -1.43051e-6 0 0 0 1</matrix>
                        <node id="node-Bone046" name="Bone046">
                          <matrix>0.9278778 -0.2364843 0.2883031 0.06258821 0.1528029 0.9464128 0.2845248 -1.19209e-7 -0.3401394 -0.2199506 0.9142909 4.05312e-6 0 0 0 1</matrix>
                          <node id="node-Bone047" name="Bone047">
                            <matrix>0.9307666 -0.3523221 0.09768249 0.06108761 0.1767301 0.6674464 0.7233816 2.98023e-8 -0.3200613 -0.6560363 0.6835031 -1.19209e-7 0 0 0 1</matrix>
                            <node id="node-Bone048" name="Bone048">
                              <matrix>0.9457324 0.2373301 -0.221957 0.07517123 -0.2279812 -0.002116399 -0.9736634 1.49012e-8 -0.2315491 0.971427 0.05210517 0 0 0 0 1</matrix>
                              <node id="node-Bone049" name="Bone049">
                                <matrix>0.8586522 0.1722122 -0.4827631 0.08048499 -0.4657756 0.6552923 -0.5946811 -1.49012e-7 0.2139394 0.7354833 0.6428801 0 0 0 0 1</matrix>
                              </node>
                            </node>
                          </node>
                        </node>
                      </node>
                    </node>
                    <node id="node-Bone014" name="Bone014">
                      <matrix>-0.02865489 -3.01749e-7 0.999589 0.2221857 -0.9993563 0.02160657 -0.02864822 0.004512742 -0.02159768 -0.9997665 -6.1943e-4 -0.05774581 0 0 0 1</matrix>
                      <node id="node-Bone015" name="Bone015">
                        <matrix>0.8968284 0.1569262 0.4136093 0.04459423 -0.1405922 0.9876002 -0.06985627 0 -0.4194429 0.004498856 0.9077709 -3.8147e-6 0 0 0 1</matrix>
                        <node id="node-Bone016" name="Bone016">
                          <matrix>0.8073795 0.3848706 0.4472286 0.05171204 -0.2289694 0.9029424 -0.3636864 1.49012e-7 -0.5437937 0.1912311 0.8171406 2.38419e-7 0 0 0 1</matrix>
                          <node id="node-Bone017" name="Bone017">
                            <matrix>0.9567486 0.1163465 0.2666373 0.06625271 -0.06016745 0.9758646 -0.209923 -1.49012e-8 -0.2846259 0.1848008 0.9406572 0 0 0 0 1</matrix>
                            <node id="node-Bone018" name="Bone018">
                              <matrix>0.9759617 -0.1837635 -0.1171754 0.07592642 0.2160518 0.7450927 0.6309979 1.19209e-7 -0.02864775 -0.641146 0.7668844 -4.47035e-6 0 0 0 1</matrix>
                              <node id="node-Bone019" name="Bone019">
                                <matrix>0.9469509 -0.1838325 -0.26361 0.05424261 0.2948283 0.8233757 0.4849016 -2.98023e-8 0.1279092 -0.5368976 0.8338951 0 0 0 0 1</matrix>
                                <node id="node-Bone020" name="Bone020">
                                  <matrix>0.7088869 -0.5135252 -0.4834987 0.1070501 0.4797029 -0.1515178 0.8642494 -2.23517e-8 -0.5170729 -0.8445908 0.1389304 0 0 0 0 1</matrix>
                                </node>
                              </node>
                            </node>
                          </node>
                        </node>
                      </node>
                    </node>
                    <node id="node-Bone006" name="Bone006">
                      <matrix>0.196101 -2.98023e-8 0.9805838 0.2309458 -0.97891 0.05840609 0.1957663 0.03429443 -0.05727208 -0.9982929 0.01145346 -0.02691711 0 0 0 1</matrix>
                      <node id="node-Bone007" name="Bone007">
                        <matrix>0.9117422 -0.01410429 0.4105207 0.04605404 0.01401886 0.9998969 0.003218509 7.45058e-9 -0.4105236 0.002820566 0.9118454 0 0 0 0 1</matrix>
                        <node id="node-Bone008" name="Bone008">
                          <matrix>0.9392015 0.1158516 0.3232316 0.04755576 -0.1007923 0.9929103 -0.06300744 7.45058e-9 -0.3282396 0.02659746 0.9442204 1.19209e-7 0 0 0 1</matrix>
                          <node id="node-Bone009" name="Bone009">
                            <matrix>0.9081647 5.73471e-4 0.4186126 0.05169481 -3.70683e-4 0.9999998 -5.65734e-4 1.49012e-8 -0.4186129 3.58608e-4 0.9081649 0 0 0 0 1</matrix>
                            <node id="node-Bone010" name="Bone010">
                              <matrix>0.9252818 -0.277404 0.2586524 0.0660634 0.1212467 0.8625092 0.4913012 -7.45058e-8 -0.3593792 -0.4232313 0.8316982 0 0 0 0 1</matrix>
                              <node id="node-Bone011" name="Bone011">
                                <matrix>0.9589167 -0.2158548 -0.1840784 0.06010842 0.2631018 0.4340237 0.8616267 8.9407e-8 -0.1060917 -0.8746601 0.4729846 0 0 0 0 1</matrix>
                                <node id="node-Bone012" name="Bone012">
                                  <matrix>0.966953 -0.1915677 -0.1682376 0.05975723 0.2547094 0.7547973 0.6044862 8.64267e-7 0.01118526 -0.6273614 0.7786478 -1.78814e-7 0 0 0 1</matrix>
                                  <node id="node-Bone013" name="Bone013">
                                    <matrix>0.8543546 -0.001355842 -0.5196888 0.05263495 0.002830315 0.9999941 0.002043996 -8.9407e-8 0.5196829 -0.003217143 0.8543534 4.17233e-7 0 0 0 1</matrix>
                                  </node>
                                </node>
                              </node>
                            </node>
                          </node>
                        </node>
                      </node>
                    </node>
                    <node id="node-Bone021" name="Bone021">
                      <matrix>0.4470656 -1.45286e-7 0.894501 0.2271243 -0.8945011 6.32391e-6 0.4470656 0.05075827 -5.72018e-6 -0.9999999 2.69711e-6 1.19209e-7 0 0 0 1</matrix>
                      <node id="node-Bone022" name="Bone022">
                        <matrix>0.9064241 4.99375e-6 0.4223688 0.03557789 -5.61867e-6 1 2.42144e-7 -1.49012e-8 -0.4223688 -2.58908e-6 0.9064241 -1.19209e-7 0 0 0 1</matrix>
                        <node id="node-Bone023" name="Bone023">
                          <matrix>0.961326 -9.52743e-7 0.2754122 0.04570848 9.1549e-7 1 2.64496e-7 1.49012e-8 -0.2754121 3.72529e-9 0.9613259 -1.19209e-7 0 0 0 1</matrix>
                          <node id="node-Bone024" name="Bone024">
                            <matrix>0.8313264 -1.69594e-6 0.5557857 0.05609785 1.1865e-6 1 1.27219e-6 2.98023e-8 -0.5557857 -3.91155e-7 0.8313264 -2.26498e-6 0 0 0 1</matrix>
                            <node id="node-Bone025" name="Bone025">
                              <matrix>0.9055953 1.86265e-9 0.424142 0.06339741 5.58794e-9 0.9999999 0 0 -0.424142 0 0.9055954 8.34465e-7 0 0 0 1</matrix>
                              <node id="node-Bone026" name="Bone026">
                                <matrix>0.9644743 1.10585e-5 0.2641778 0.06756556 -9.23872e-7 1 -3.84971e-5 1.49012e-8 -0.2641778 3.68869e-5 0.9644743 8.34465e-7 0 0 0 1</matrix>
                                <node id="node-Bone027" name="Bone027">
                                  <matrix>0.9817942 -1.14366e-6 -0.1899466 0.07909274 9.83849e-6 1 4.48264e-5 0 0.1899466 -4.58788e-5 0.9817942 -4.76837e-7 0 0 0 1</matrix>
                                  <node id="node-Bone028" name="Bone028">
                                    <matrix>0.9998927 2.05636e-6 0.01466206 0.07343209 -1.90735e-6 0.9999999 -1.03693e-5 2.23517e-8 -0.01466206 1.03395e-5 0.9998925 1.19209e-7 0 0 0 1</matrix>
                                  </node>
                                </node>
                              </node>
                            </node>
                          </node>
                        </node>
                      </node>
                    </node>
                    <node id="node-Bone029" name="Bone029">
                      <matrix>0.196101 -9.12696e-8 0.9805838 0.2309457 -0.97891 -0.05839981 0.1957663 0.03429429 0.05726585 -0.9982934 -0.01145235 0.02691686 0 0 0 1</matrix>
                      <node id="node-Bone030" name="Bone030">
                        <matrix>0.9117723 0.01410466 0.4104536 0.04605371 -0.01401945 0.9998963 -0.00321755 -6.33299e-8 -0.4104564 -0.002820661 0.9118757 -3.93391e-6 0 0 0 1</matrix>
                        <node id="node-Bone031" name="Bone031">
                          <matrix>0.9391771 -0.1158523 0.3233028 0.04755454 0.1007911 0.9929107 0.06300678 1.49012e-8 -0.3283099 -0.02658845 0.9441955 2.38419e-7 0 0 0 1</matrix>
                          <node id="node-Bone032" name="Bone032">
                            <matrix>0.9038532 0.04105058 0.4258696 0.05169511 -0.02617575 0.9988273 -0.04072464 -7.45058e-9 -0.4270422 0.02566157 0.9038681 1.19209e-7 0 0 0 1</matrix>
                            <node id="node-Bone033" name="Bone033">
                              <matrix>0.9352224 0.2103268 0.2848187 0.06606317 -0.09208233 0.9212398 -0.3779384 3.72529e-9 -0.3418767 0.3272297 0.8809317 0 0 0 0 1</matrix>
                              <node id="node-Bone034" name="Bone034">
                                <matrix>0.954027 0.2209559 -0.2025129 0.06010938 -0.2726005 0.3588102 -0.8927174 1.49012e-8 -0.1245871 0.9068815 0.4025471 5.96046e-8 0 0 0 1</matrix>
                                <node id="node-Bone035" name="Bone035">
                                  <matrix>0.9640255 0.1841629 -0.1916738 0.05975628 -0.2622839 0.7761135 -0.573458 0 0.04315069 0.603101 0.7964967 -2.98023e-8 0 0 0 1</matrix>
                                  <node id="node-Bone036" name="Bone036">
                                    <matrix>0.8694142 0.01521914 -0.4938492 0.05263543 -0.02966298 0.9993308 -0.02142414 -4.47035e-8 0.4931929 0.03327531 0.8692834 0 0 0 0 1</matrix>
                                  </node>
                                </node>
                              </node>
                            </node>
                          </node>
                        </node>
                      </node>
                    </node>
                    <node id="node-Bone037" name="Bone037">
                      <matrix>-0.03296206 1.71363e-7 0.9994566 0.2221857 -0.99898 -0.03087517 -0.03294636 0.004512429 0.03085839 -0.9995235 0.00101788 0.05774581 0 0 0 1</matrix>
                      <node id="node-Bone038" name="Bone038">
                        <matrix>0.8929764 -0.1232729 0.4328945 0.0445945 0.1165006 0.9922913 0.04225146 5.58794e-8 -0.434766 0.01270288 0.9004542 0 0 0 0 1</matrix>
                        <node id="node-Bone039" name="Bone039">
                          <matrix>0.8104644 -0.3801517 0.4456804 0.05171019 0.2161753 0.9012178 0.3755989 1.49012e-8 -0.54444 -0.2080643 0.8125845 -1.66893e-6 0 0 0 1</matrix>
                          <node id="node-Bone040" name="Bone040">
                            <matrix>0.9648311 -0.1429276 0.2206182 0.06625342 0.07894535 0.9580725 0.2754362 -2.23517e-8 -0.2507357 -0.2483327 0.9356616 0 0 0 0 1</matrix>
                            <node id="node-Bone041" name="Bone041">
                              <matrix>0.9759558 0.1838065 -0.1171584 0.07592785 -0.216068 0.7449555 -0.6311548 2.23517e-7 -0.02873248 0.6412933 0.7667581 5.96046e-8 0 0 0 1</matrix>
                              <node id="node-Bone042" name="Bone042">
                                <matrix>0.9450258 0.2399527 -0.2221448 0.05424094 -0.3174697 0.8360454 -0.4474815 1.86265e-8 0.07834876 0.4934064 0.8662629 3.57628e-7 0 0 0 1</matrix>
                                <node id="node-Bone043" name="Bone043">
                                  <matrix>0.7633407 0.4381691 -0.4746783 0.1070514 -0.4467451 -0.1726973 -0.8778355 -2.98023e-8 -0.4666158 0.8821476 0.06392284 0 0 0 0 1</matrix>
                                </node>
                              </node>
                            </node>
                          </node>
                        </node>
                      </node>
                    </node>
                    <node id="node-Bone055" name="Bone055">
                      <matrix>-0.09140572 1.86265e-7 0.9958143 0.2017385 -0.9919921 -0.08752595 -0.09105493 0.01348098 0.08715952 -0.9961623 0.008000564 0.06964707 0 0 0 1</matrix>
                      <node id="node-Bone056" name="Bone056">
                        <matrix>0.7861558 -0.1194354 0.6063781 0.07249786 0.08782187 0.9927816 0.08168432 3.57628e-7 -0.6117569 -0.01096334 0.7909697 1.19209e-7 0 0 0 1</matrix>
                        <node id="node-Bone057" name="Bone057">
                          <matrix>0.9220535 0.282224 0.2648901 0.06258512 -0.1853494 0.9227367 -0.3379383 -3.27826e-7 -0.3397978 0.2625 0.9031228 0 0 0 0 1</matrix>
                          <node id="node-Bone058" name="Bone058">
                            <matrix>0.9331158 0.3402687 0.1162441 0.06108952 -0.172181 0.7066322 -0.6863126 2.23517e-8 -0.3156725 0.6203943 0.717957 1.19209e-7 0 0 0 1</matrix>
                            <node id="node-Bone059" name="Bone059">
                              <matrix>0.9435688 -0.2433106 -0.2246737 0.07517004 0.22795 -0.0149859 0.9735574 7.45058e-8 -0.2402438 -0.9698327 0.04132233 0 0 0 0 1</matrix>
                              <node id="node-Bone060" name="Bone060">
                                <matrix>0.8586498 -0.1722088 -0.4827678 0.08048642 0.465779 0.6552851 0.5946857 5.96046e-8 0.2139404 -0.7354898 0.6428716 -5.96046e-8 0 0 0 1</matrix>
                              </node>
                            </node>
                          </node>
                        </node>
                      </node>
                    </node>
                    <node id="node-Bone061" name="Bone061">
                      <matrix>-0.2765531 5.70901e-7 0.9609985 0.1766737 -0.9376869 -0.2189246 -0.2698442 0.01386441 0.2103861 -0.975742 0.06054477 0.08004999 0 0 0 1</matrix>
                      <node id="node-Bone062" name="Bone062">
                        <matrix>0.8800434 0.0314892 0.4738473 0.06630635 -0.02342631 0.999463 -0.0229105 6.14673e-8 -0.4743145 0.009061751 0.8803087 -1.90735e-6 0 0 0 1</matrix>
                        <node id="node-Bone063" name="Bone063">
                          <matrix>0.898427 0.4092896 0.1590954 0.055776 -0.2856669 0.8199127 -0.4961224 -2.23517e-8 -0.3335019 0.4002816 0.8535522 -1.19209e-7 0 0 0 1</matrix>
                          <node id="node-Bone064" name="Bone064">
                            <matrix>0.8136281 0.4382423 -0.3820378 0.05538917 -0.1488503 -0.4781921 -0.8655491 -2.98023e-8 -0.5620081 0.7611018 -0.3238379 1.19209e-7 0 0 0 1</matrix>
                            <node id="node-Bone065" name="Bone065">
                              <matrix>0.8752897 0.08609424 -0.4758735 0.05682158 -0.3054109 0.8613694 -0.4059146 1.49012e-8 0.374956 0.5006298 0.7802421 2.98023e-8 0 0 0 1</matrix>
                            </node>
                          </node>
                        </node>
                      </node>
                    </node>
                    <node id="node-Bone077" name="Bone077">
                      <matrix>-0.01158964 6.42613e-7 0.9999328 0.1375991 -0.8724388 -0.4886189 -0.01011162 0.0314253 0.4885861 -0.8724975 0.005663473 0.0596832 0 0 0 1</matrix>
                      <node id="node-Bone078" name="Bone078">
                        <matrix>0.7043357 -0.4953953 0.5084243 0.06178033 0.3977998 0.8686489 0.2953046 4.91738e-7 -0.5879346 -0.005742418 0.8088884 4.3869e-5 0 0 0 1</matrix>
                        <node id="node-Bone079" name="Bone079">
                          <matrix>0.7459559 -0.6548732 0.1212058 0.1102705 0.423767 0.6071162 0.6721835 -1.11759e-8 -0.5137811 -0.4500562 0.7303954 1.19209e-7 0 0 0 1</matrix>
                          <node id="node-Bone080" name="Bone080">
                            <matrix>0.8926532 0.2532578 0.3728679 0.1663147 -0.1483835 0.9462286 -0.2874601 1.49012e-8 -0.4256199 0.2012751 0.8822336 1.19209e-7 0 0 0 1</matrix>
                            <node id="node-Bone081" name="Bone081">
                              <matrix>0.9320754 0.1246797 -0.3401321 0.137991 -0.1721553 -0.673667 -0.7187042 0 -0.3187435 0.7284418 -0.6064444 -5.96046e-8 0 0 0 1</matrix>
                            </node>
                          </node>
                        </node>
                      </node>
                    </node>
                    <node id="node-Bone066" name="Bone066">
                      <matrix>-0.2908011 -2.75671e-7 0.9567834 0.1378931 -0.9335831 0.2188804 -0.2837496 0.009998888 -0.2094211 -0.9757517 -0.06365092 -0.07983375 0 0 0 1</matrix>
                      <node id="node-Bone067" name="Bone067">
                        <matrix>0.7965988 0.4133026 0.4411481 0.08105597 -0.3324228 0.9090158 -0.2513688 -2.23517e-8 -0.5049019 0.05359236 0.8615115 -3.09944e-6 0 0 0 1</matrix>
                        <node id="node-Bone068" name="Bone068">
                          <matrix>0.9018515 0.4028898 0.1560253 0.064134 -0.2337511 0.7587149 -0.6080389 -2.38419e-7 -0.3633517 0.5118901 0.7784244 2.38419e-7 0 0 0 1</matrix>
                          <node id="node-Bone069" name="Bone069">
                            <matrix>0.9998949 0.01424579 0.002566963 0.08350706 -0.01418532 0.9996532 -0.02217152 0 -0.002881974 0.02213273 0.9997507 0 0 0 0 1</matrix>
                            <node id="node-Bone070" name="Bone070">
                              <matrix>0.9643175 -0.150227 0.2179986 0.08289576 0.09696235 0.9666111 0.237196 0 -0.2463528 -0.207595 0.946686 0 0 0 0 1</matrix>
                              <node id="node-Bone071" name="Bone071">
                                <matrix>0.9585637 -0.1121205 0.2618873 0.0640018 0.03549375 0.9591346 0.2807152 2.98023e-8 -0.2826594 -0.2597879 0.9233711 0 0 0 0 1</matrix>
                                <node id="node-Bone072" name="Bone072">
                                  <matrix>0.964076 -0.03288295 -0.2635827 0.07497585 0.2330033 -0.3717677 0.8986085 0 -0.1275405 -0.927743 -0.3507506 0 0 0 0 1</matrix>
                                </node>
                              </node>
                            </node>
                          </node>
                        </node>
                      </node>
                    </node>
                    <node id="node-Bone073" name="Bone073">
                      <matrix>-0.2925557 1.49012e-7 0.9562488 0.0924896 -0.954704 0.05680939 -0.2920833 -0.0307889 -0.05432393 -0.9983849 -0.01661978 -0.07006145 0 0 0 1</matrix>
                      <node id="node-Bone074" name="Bone074">
                        <matrix>0.6387705 0.4660808 0.6121606 0.05861652 -0.2161334 0.8722982 -0.4386137 0 -0.7384157 0.147865 0.657934 0 0 0 0 1</matrix>
                        <node id="node-Bone075" name="Bone075">
                          <matrix>0.9669391 -0.2549824 -0.003659755 0.08270776 0.224585 0.8446919 0.4858575 -1.49012e-8 -0.1207936 -0.4706162 0.8740308 0 0 0 0 1</matrix>
                          <node id="node-Bone076" name="Bone076">
                            <matrix>0.9027888 -0.3799327 -0.2015529 0.1038884 0.1286855 -0.2085411 0.9695106 -2.98023e-8 -0.4103808 -0.9011999 -0.1393765 -1.19209e-7 0 0 0 1</matrix>
                          </node>
                        </node>
                      </node>
                    </node>
                    <node id="node-Bone082" name="Bone082">
                      <matrix>-0.3110904 3.18512e-7 0.9503803 0.09530377 -0.9488454 -0.05680677 -0.310588 -0.03142177 0.05398794 -0.9983853 0.01767234 0.06847608 0 0 0 1</matrix>
                      <node id="node-Bone083" name="Bone083">
                        <matrix>0.6710566 -0.4341135 0.6010227 0.05861518 0.1827009 0.8824793 0.4334169 2.12342e-7 -0.7185423 -0.1810399 0.6715065 4.88758e-6 0 0 0 1</matrix>
                        <node id="node-Bone084" name="Bone084">
                          <matrix>0.9794421 0.1983213 0.03691366 0.08271194 -0.1548231 0.8563237 -0.4926871 2.98023e-8 -0.1293203 0.4768435 0.8694239 1.19209e-7 0 0 0 1</matrix>
                          <node id="node-Bone085" name="Bone085">
                            <matrix>0.9224286 0.3760583 -0.0877842 0.1038885 -0.1378096 0.1082106 -0.9845294 -1.11759e-7 -0.3607414 0.9202557 0.151641 -1.19209e-7 0 0 0 1</matrix>
                            <node id="node-Bone086" name="Bone086">
                              <matrix>0.9832616 0.04322945 -0.1769953 0.1096957 -0.123718 0.8715612 -0.4744205 2.08616e-7 0.1337534 0.4883773 0.8623212 7.45058e-8 0 0 0 1</matrix>
                            </node>
                          </node>
                        </node>
                      </node>
                    </node>
                  </node>
                </node>
                <node id="node-Bip001_backpack_01" name="Bip001_backpack_01">
                  <matrix sid="matrix">-0.9792177 0.202802 -0.00197881 0.2016007 -0.2027961 -0.979217 -0.002801904 -0.08787808 -0.002505878 -0.002342325 0.9999942 4.32134e-7 0 0 0 1</matrix>
                  <node id="node-Bip001_rope_01" name="Bip001_rope_01">
                    <matrix sid="matrix">0.9283746 -0.371276 -0.01656932 0.4241233 -0.3631281 -0.9156861 0.1722108 0.08793235 -0.07911009 -0.1538594 -0.9849209 0.09921902 0 0 0 1</matrix>
                    <node id="node-Bip001_rope_02" name="Bip001_rope_02">
                      <matrix sid="matrix">0.999381 -0.02325742 0.02639265 0.09589994 -0.02437363 -0.9987867 0.04279102 8.33869e-5 0.0253654 -0.04340786 -0.9987353 3.64333e-6 0 0 0 1</matrix>
                      <node id="node-Bip001_rope_03" name="Bip001_rope_03">
                        <matrix sid="matrix">0.9984595 -0.04565974 -0.03152196 0.1048738 0.03999325 0.9860584 -0.1615222 -1.02341e-4 0.03845753 0.1600128 0.9863657 -0.001042604 0 0 0 1</matrix>
                      </node>
                    </node>
                  </node>
                  <node id="node-Bip001_Xtra17" name="Bip001_Xtra17">
                    <matrix>-0.04419935 -0.7063963 -0.7064354 0.155149 0.9990225 -0.0316494 -0.03085794 0.112457 -5.60172e-4 -0.7071087 0.7071047 6.8821e-5 0 0 0 1</matrix>
                    <node id="node-Bip001_Xtra18" name="Bip001_Xtra18">
                      <matrix>0.9999999 0 0 0.02474695 -2.98023e-8 1 2.98023e-7 -2.2471e-5 -2.98023e-8 -3.57628e-7 0.9999999 1.19209e-7 0 0 0 1</matrix>
                    </node>
                    <node id="node-Bip001_Xtra19" name="Bip001_Xtra19">
                      <matrix>0.9999994 -7.96348e-4 7.98583e-4 0.02904582 -7.96378e-4 -0.9999996 -1.51992e-6 0.02995092 7.98553e-4 9.53674e-7 -0.9999997 -7.47442e-5 0 0 0 1</matrix>
                    </node>
                    <node id="node-Bip001_Xtra20" name="Bip001_Xtra20">
                      <matrix>0.9999918 -0.003981322 7.88838e-4 0.02889746 0.003981262 0.999992 6.34789e-6 -0.03234422 -7.88927e-4 -3.18885e-6 0.9999997 -7.50422e-5 0 0 0 1</matrix>
                    </node>
                  </node>
                  <node id="node-Bip001_Xtra01" name="Bip001_Xtra01">
                    <matrix sid="matrix">0.9980925 -0.06089211 0.01018674 0.2139945 0.06087953 0.9981439 0.001538846 0.05374002 -0.01026156 -9.15624e-4 0.999947 0.1710363 0 0 0 1</matrix>
                  </node>
                  <node id="node-Bip001_Xtra01Opp" name="Bip001_Xtra01Opp">
                    <matrix sid="matrix">0.9982425 -0.05840909 0.01002978 0.2139943 0.05839631 0.9982923 0.001561943 0.05373996 -0.01010386 -9.73343e-4 0.9999487 -0.1722648 0 0 0 1</matrix>
                  </node>
                </node>
                <node id="node-Bip001_L_Clavicle" name="Bip001_L_Clavicle">
                  <matrix sid="matrix">-0.1281998 -7.44671e-4 0.9917481 0.1406265 -0.3513236 -0.9351177 -0.04611647 0.024672 0.9274355 -0.3543367 0.1196202 0.05035807 0 0 0 1</matrix>
                  <node id="node-Bip001_L_UpperArm" name="Bip001_L_UpperArm">
                    <matrix sid="matrix">0.4705548 0.4695711 0.7470484 0.17644 -0.04328179 0.8579019 -0.5119875 1.49012e-8 -0.8813084 0.2085846 0.4240137 1.19209e-7 0 0 0 1</matrix>
                    <node id="node-Bip001_L_Forearm" name="Bip001_L_Forearm">
                      <matrix sid="matrix">0.5571983 0.8303795 0 0.302225 -0.8303795 0.5571983 -2.98023e-8 2.98023e-8 1.04308e-7 -1.49012e-8 1 0 0 0 0 1</matrix>
                      <node id="node-Bip001_L_Hand" name="Bip001_L_Hand">
                        <matrix sid="matrix">0.8837453 -0.04755211 -0.465546 0.303522 0.4440226 -0.2289449 0.8662726 0 -0.1477774 -0.9722772 -0.1812147 0 0 0 0 1</matrix>
                        <node id="node-Bip001_L_Finger0" name="Bip001_L_Finger0">
                          <matrix sid="matrix">0.7808205 0.4571763 0.4258031 0.01779091 0.4777049 0.002348565 -0.878517 0.01367193 -0.4026381 0.8893721 -0.216562 -0.02770391 0 0 0 1</matrix>
                          <node id="node-Bip001_L_Finger01" name="Bip001_L_Finger01">
                            <matrix sid="matrix">0.9399818 -0.3412244 2.98083e-4 0.05085599 0.3412244 0.9399815 -8.00446e-4 -5.96046e-8 -7.13766e-6 8.54231e-4 0.9999995 0 0 0 0 1</matrix>
                            <node id="node-Bip001_L_Finger02" name="Bip001_L_Finger02">
                              <matrix sid="matrix">0.8832187 -0.4689343 0.005052671 0.03437001 0.4689615 0.8831671 -0.009535596 0 9.23872e-6 0.01079152 0.999942 -1.49012e-8 0 0 0 1</matrix>
                            </node>
                          </node>
                        </node>
                        <node id="node-Bip001_L_Finger1" name="Bip001_L_Finger1">
                          <matrix sid="matrix">0.9421897 -0.2515203 0.2213941 0.08567595 0.3265596 0.8373 -0.4385056 -0.005999684 -0.07508053 0.4854538 0.8710321 -0.02973527 0 0 0 1</matrix>
                          <node id="node-Bip001_L_Finger11" name="Bip001_L_Finger11">
                            <matrix sid="matrix">0.9561216 -0.2929704 0 0.05795401 0.2929705 0.9561216 -6.51926e-9 5.96046e-8 0 -7.45058e-9 1 0 0 0 0 1</matrix>
                            <node id="node-Bip001_L_Finger12" name="Bip001_L_Finger12">
                              <matrix sid="matrix">0.9782763 -0.2073058 0 0.03285104 0.2073057 0.9782763 -7.45058e-9 0 0 4.47035e-8 1 5.96046e-8 0 0 0 1</matrix>
                            </node>
                          </node>
                        </node>
                        <node id="node-Bip001_L_Finger2" name="Bip001_L_Finger2">
                          <matrix sid="matrix">0.9099867 -0.4107479 0.05666202 0.09032291 0.414623 0.9026114 -0.1156754 -0.01052219 -0.00363104 0.128756 0.9916694 -0.005256623 0 0 0 1</matrix>
                          <node id="node-Bip001_L_Finger21" name="Bip001_L_Finger21">
                            <matrix sid="matrix">0.9248531 -0.3803247 0 0.05795401 0.3803247 0.9248531 -4.47035e-8 -4.47035e-8 0 0 1 -2.98023e-8 0 0 0 1</matrix>
                            <node id="node-Bip001_L_Finger22" name="Bip001_L_Finger22">
                              <matrix sid="matrix">0.9723517 -0.2335214 -4.47035e-8 0.04148096 0.2335214 0.9723516 -2.98023e-8 0 7.45058e-8 2.98023e-8 1 0 0 0 0 1</matrix>
                            </node>
                          </node>
                        </node>
                        <node id="node-Bip001_L_Finger3" name="Bip001_L_Finger3">
                          <matrix sid="matrix">0.8437886 -0.5217916 -0.1255116 0.08558697 0.5360594 0.8306484 0.1505464 -0.009840548 0.02570158 -0.1943113 0.9806033 0.02070281 0 0 0 1</matrix>
                          <node id="node-Bip001_L_Finger31" name="Bip001_L_Finger31">
                            <matrix sid="matrix">0.9207935 -0.3900507 -7.45058e-9 0.05795401 0.3900506 0.9207935 -3.72529e-9 2.98023e-8 2.23517e-8 1.49012e-8 1 2.98023e-8 0 0 0 1</matrix>
                            <node id="node-Bip001_L_Finger32" name="Bip001_L_Finger32">
                              <matrix sid="matrix">0.884097 -0.4673035 -3.72529e-8 0.03192699 0.4673035 0.8840969 2.23517e-8 0 -1.49012e-8 1.49012e-8 1 -2.98023e-8 0 0 0 1</matrix>
                            </node>
                          </node>
                        </node>
                        <node id="node-Bip001_L_Finger4" name="Bip001_L_Finger4">
                          <matrix sid="matrix">0.847081 -0.3881948 -0.3629861 0.08973396 0.4792494 0.8531643 0.205986 -0.004826844 0.2297241 -0.3484471 0.908742 0.04668486 0 0 0 1</matrix>
                          <node id="node-Bip001_L_Finger41" name="Bip001_L_Finger41">
                            <matrix sid="matrix">0.8490503 -0.528312 -1.49012e-8 0.03496802 0.5283121 0.8490503 3.35276e-8 -1.49012e-8 2.23517e-8 -7.45058e-9 1 0 0 0 0 1</matrix>
                            <node id="node-Bip001_L_Finger42" name="Bip001_L_Finger42">
                              <matrix sid="matrix">0.9036931 -0.4281809 -2.98023e-8 0.02205002 0.4281809 0.903693 1.49012e-8 -5.96046e-8 -3.1665e-8 -1.49012e-8 1 0 0 0 0 1</matrix>
                            </node>
                          </node>
                        </node>
                      </node>
                    </node>
                  </node>
                </node>
                <node id="node-Bip001_R_Clavicle" name="Bip001_R_Clavicle">
                  <matrix sid="matrix">-0.206348 -7.85366e-4 -0.9784783 0.1406268 -0.1617314 -0.9862175 0.03489851 0.02467225 -0.9650199 0.1654519 0.203377 -0.05035793 0 0 0 1</matrix>
                  <node id="node-Bip001_R_UpperArm" name="Bip001_R_UpperArm">
                    <matrix sid="matrix">0.5901268 0.1620107 -0.7908876 0.17644 0.0837919 0.9620746 0.2595997 -2.98023e-8 0.8029504 -0.2194667 0.5541706 1.19209e-7 0 0 0 1</matrix>
                    <node id="node-Bip001_R_Forearm" name="Bip001_R_Forearm">
                      <matrix sid="matrix">0.5386549 0.8425267 2.98023e-8 0.302225 -0.8425264 0.5386549 -7.45058e-9 0 -5.96046e-8 0 1 0 0 0 0 1</matrix>
                      <node id="node-Bip001_R_Hand" name="Bip001_R_Hand">
                        <matrix sid="matrix">0.9709752 -0.1839385 0.1528847 0.3035219 0.1540016 -0.008284941 -0.9880359 0 0.1830044 0.9829028 0.02028239 5.96046e-8 0 0 0 1</matrix>
                        <node id="node-Bip001_R_Finger0" name="Bip001_R_Finger0">
                          <matrix sid="matrix">0.7808154 0.4575512 -0.4254096 0.01779103 0.4777185 0.001567736 0.8785111 0.01367199 0.4026316 -0.8891808 -0.217357 0.02770388 0 0 0 1</matrix>
                          <node id="node-Bip001_R_Finger01" name="Bip001_R_Finger01">
                            <matrix sid="matrix">0.9399778 -0.3412351 -3.67846e-4 0.05085599 0.3412353 0.9399773 0.001001678 -5.96046e-8 3.98606e-6 -0.00106705 0.9999995 2.98023e-8 0 0 0 1</matrix>
                            <node id="node-Bip001_R_Finger02" name="Bip001_R_Finger02">
                              <matrix sid="matrix">0.8832119 -0.4689431 -0.005403504 0.03437001 0.4689743 0.8831532 0.0101696 -5.96046e-8 3.08454e-6 -0.01151598 0.9999337 -2.98023e-8 0 0 0 1</matrix>
                            </node>
                          </node>
                        </node>
                        <node id="node-Bip001_R_Finger1" name="Bip001_R_Finger1">
                          <matrix sid="matrix">0.9421899 -0.2515196 -0.2213939 0.08567595 0.3265588 0.8373002 0.4385056 -0.005999684 0.07508075 -0.4854537 0.871032 0.02973524 0 0 0 1</matrix>
                          <node id="node-Bip001_R_Finger11" name="Bip001_R_Finger11">
                            <matrix sid="matrix">0.9561216 -0.2929704 2.98023e-8 0.05795395 0.2929704 0.9561214 1.49012e-8 5.96046e-8 8.9407e-8 3.72529e-9 0.9999999 1.49012e-8 0 0 0 1</matrix>
                            <node id="node-Bip001_R_Finger12" name="Bip001_R_Finger12">
                              <matrix sid="matrix">0.9782761 -0.2073057 2.98023e-8 0.03285092 0.2073058 0.9782762 7.45058e-9 -2.98023e-8 -5.96046e-8 1.49012e-8 0.9999999 -1.49012e-8 0 0 0 1</matrix>
                            </node>
                          </node>
                        </node>
                        <node id="node-Bip001_R_Finger2" name="Bip001_R_Finger2">
                          <matrix sid="matrix">0.9099868 -0.4107478 -0.05666202 0.09032297 0.4146228 0.9026114 0.1156754 -0.01052213 0.003630996 -0.128756 0.9916692 0.005256653 0 0 0 1</matrix>
                          <node id="node-Bip001_R_Finger21" name="Bip001_R_Finger21">
                            <matrix sid="matrix">0.924853 -0.3803244 2.98023e-8 0.05795401 0.3803244 0.9248531 3.72529e-9 -5.96046e-8 2.98023e-8 -1.49012e-8 1 0 0 0 0 1</matrix>
                            <node id="node-Bip001_R_Finger22" name="Bip001_R_Finger22">
                              <matrix sid="matrix">0.9723517 -0.2335214 0 0.04148096 0.2335214 0.9723517 0 2.98023e-8 0 0 1 2.98023e-8 0 0 0 1</matrix>
                            </node>
                          </node>
                        </node>
                        <node id="node-Bip001_R_Finger3" name="Bip001_R_Finger3">
