<?xml version="1.0" encoding="utf-8"?>
<COLLADA xmlns="http://www.collada.org/2005/11/COLLADASchema" version="1.4.1">
  <asset>
    <contributor>
      <author>Setsu</author>
      <authoring_tool>OpenCOLLADA for 3ds Max;  Version: 1.3.1;  Revision: 847M;  Platform: x64;  Configuration: Release_Max2012_static</authoring_tool>
      <source_data>file:///D:/_Work/webgl/models/man/animation/gun/draw_wpn_gun.max</source_data>
    </contributor>
    <created>2012-09-04T13:41:00</created>
    <modified>2012-09-04T13:41:00</modified>
    <unit name="meter" meter="1"/>
    <up_axis>Z_UP</up_axis>
  </asset>
  <library_lights>
    <light id="EnvironmentAmbientLight" name="EnvironmentAmbientLight">
      <technique_common>
        <ambient>
          <color>0.019608 0.019608 0.019608</color>
        </ambient>
      </technique_common>
    </light>
  </library_lights>
  <library_visual_scenes>
    <visual_scene id="MaxScene">
      <node name="EnvironmentAmbientLight">
        <instance_light url="#EnvironmentAmbientLight"/>
      </node>
      <node id="node-Bip001" name="Bip001">
        <matrix sid="matrix">-0.5723473 0.8200113 -3.72529e-9 -0.0364531 -0.8198809 -0.5722563 -0.01783047 -0.009825243 -0.01462119 -0.01020522 0.999841 0.9622645 0 0 0 1</matrix>
        <node id="node-Bip001_Pelvis" name="Bip001_Pelvis">
          <matrix sid="matrix">-0.04494381 0.9659261 0.2548857 -0.02786902 -0.1344771 -0.258671 0.9565591 2.08616e-6 0.9898969 0.008715119 0.1415206 -4.07517e-4 0 0 0 1</matrix>
          <node id="node-Bip001_Spine" name="Bip001_Spine">
            <matrix sid="matrix">0.9960888 0.06553969 -0.05925922 0.1044804 -0.07355804 0.9866633 -0.1452052 0.01650784 0.0489522 0.1489962 0.9876251 0.019169 0 0 0 1</matrix>
            <node id="node-Bip001_Spine1" name="Bip001_Spine1">
              <matrix sid="matrix">0.9969085 0.06334154 -0.04649109 0.1646256 -0.06480608 0.9974256 -0.03069941 -1.3075e-4 0.04442685 0.03361733 0.9984468 -4.41074e-6 0 0 0 1</matrix>
              <node id="node-Bip001_Spine2" name="Bip001_Spine2">
                <matrix sid="matrix">0.9549791 -0.2963726 0.01336801 0.1646729 0.2966297 0.9546449 -0.02577256 -1.25155e-4 -0.005123399 0.02857766 0.9995787 -3.74392e-6 0 0 0 1</matrix>
                <node id="node-Bip001_Neck" name="Bip001_Neck">
                  <matrix sid="matrix">0.9811853 -0.1833113 0.06060163 0.1743733 0.1894487 0.9746278 -0.1192051 -0.007501692 -0.03721231 0.1284434 0.9910184 -7.78586e-6 0 0 0 1</matrix>
                  <node id="node-Bip001_Head" name="Bip001_Head">
                    <matrix sid="matrix">0.9610387 0.1288675 -0.2445357 0.08447993 -0.2397074 0.8290731 -0.5051515 0.03011221 0.1376404 0.5440871 0.8276621 7.45058e-8 0 0 0 1</matrix>
                    <node id="node-Bip001_AngryBrowR" name="Bip001_AngryBrowR">
                      <matrix>0.001812063 -0.9852682 0.1710073 0.1354002 0.9995396 -0.003395706 -0.03015608 0.1043413 0.03029252 0.1709832 0.9848083 -0.01978299 0 0 0 1</matrix>
                    </node>
                    <node id="node-Bip001_SillyBrowL" name="Bip001_SillyBrowL">
                      <matrix>-0.004057258 -0.9597188 -0.280933 0.1346171 0.78679 0.1703331 -0.5932522 0.08548473 0.6172075 -0.2234423 0.7544062 0.05988092 0 0 0 1</matrix>
                    </node>
                    <node id="node-Bip001_SillyBrowR" name="Bip001_SillyBrowR">
                      <matrix>-0.004056878 -0.9597204 0.2809277 0.1346171 0.7867938 0.1703287 0.5932485 0.08548506 -0.6172028 0.2234389 0.754411 -0.05988047 0 0 0 1</matrix>
                    </node>
                    <node id="node-Bip001_jaw" name="Bip001_jaw">
                      <matrix>0.3710407 -0.9275406 -0.04469162 0.0739423 0.8026186 0.3445303 -0.4869317 0.01053737 0.4670466 0.1448011 0.872296 -1.20588e-5 0 0 0 1</matrix>
                      <node id="node-Bip001_lowerLipL" name="Bip001_lowerLipL">
                        <matrix>-0.8336917 -0.3554322 -0.4226424 0.107451 0.3746176 -0.9263142 0.04004893 -0.03483582 -0.4057342 -0.1249408 0.9054113 0.009654518 0 0 0 1</matrix>
                      </node>
                      <node id="node-Bip001_lowerLipR" name="Bip001_lowerLipR">
                        <matrix>0.7819586 1.76812e-6 -0.6233305 0.1074492 -0.6233306 -4.03263e-6 -0.7819586 -0.03484023 -3.9041e-6 1 -2.05263e-6 -0.009658948 0 0 0 1</matrix>
                      </node>
                    </node>
                    <node id="node-Bip001_upperLipL" name="Bip001_upperLipL">
                      <matrix>1.63913e-7 -6.46524e-6 -1 0.04530883 1 3.10992e-6 2.23517e-7 0.1161031 3.14601e-6 -1 6.40564e-6 0.009555258 0 0 0 1</matrix>
                    </node>
                    <node id="node-Bip001_upperLipR" name="Bip001_upperLipR">
                      <matrix>1.63913e-7 -1.20159e-5 1 0.04530883 1 -2.43075e-6 -2.30968e-7 0.1161031 2.40258e-6 1 1.19545e-5 -0.009554606 0 0 0 1</matrix>
                    </node>
                    <node id="node-Bip001_AngryBrowL" name="Bip001_AngryBrowL">
                      <matrix>0.001812071 -0.9852672 -0.1710128 0.1354003 0.9995397 -0.003394924 0.0301506 0.1043411 -0.03028696 -0.1709887 0.9848076 0.01978357 0 0 0 1</matrix>
                    </node>
                    <node id="node-Bone050" name="Bone050">
                      <matrix>-0.2718078 -3.7998e-7 0.962352 0.1766741 -0.9409114 0.209909 -0.2657521 0.01386482 -0.2020061 -0.9777211 -0.05705521 -0.080042 0 0 0 1</matrix>
                      <node id="node-Bone051" name="Bone051">
                        <matrix>0.8727055 -0.06772881 0.4835261 0.06664184 0.04994029 0.9975203 0.04958953 1.49012e-8 -0.4856859 -0.01912965 0.8739239 0 0 0 0 1</matrix>
                        <node id="node-Bone052" name="Bone052">
                          <matrix>0.9062542 -0.3886849 0.1662161 0.05545199 0.2715809 0.8366386 0.4756895 0 -0.3239561 -0.3859544 0.8637663 0 0 0 0 1</matrix>
                          <node id="node-Bone053" name="Bone053">
                            <matrix>0.818351 -0.4357321 -0.3747522 0.05517268 0.1430369 -0.4771264 0.8671162 -7.45058e-9 -0.5566343 -0.7632089 -0.3281312 0 0 0 0 1</matrix>
                            <node id="node-Bone054" name="Bone054">
                              <matrix>0.8138614 -0.1123603 -0.5700921 0.05649626 0.4602882 0.7234694 0.5145157 0 0.3546331 -0.6811512 0.6405218 2.23517e-8 0 0 0 1</matrix>
                            </node>
                          </node>
                        </node>
                      </node>
                    </node>
                    <node id="node-Bone044" name="Bone044">
                      <matrix>-0.09140617 -3.83705e-7 0.9958137 0.2017386 -0.9919919 0.08753213 -0.09105526 0.01348136 -0.08716563 -0.9961616 -0.008001354 -0.06964706 0 0 0 1</matrix>
                      <node id="node-Bone045" name="Bone045">
                        <matrix>0.7861626 0.1194515 0.6063656 0.07249829 -0.0878349 0.9927796 -0.08169392 2.6077e-7 -0.6117459 0.01096466 0.7909783 -1.43051e-6 0 0 0 1</matrix>
                        <node id="node-Bone046" name="Bone046">
                          <matrix>0.9278778 -0.2364843 0.288303 0.0625881 0.1528029 0.9464127 0.2845246 -1.04308e-7 -0.3401394 -0.2199506 0.914291 4.05312e-6 0 0 0 1</matrix>
                          <node id="node-Bone047" name="Bone047">
                            <matrix>0.9307665 -0.3523222 0.09768248 0.06108749 0.1767301 0.6674466 0.7233816 2.98023e-8 -0.3200613 -0.6560363 0.683503 -1.19209e-7 0 0 0 1</matrix>
                            <node id="node-Bone048" name="Bone048">
                              <matrix>0.9457324 0.2373301 -0.221957 0.07517135 -0.2279812 -0.002116345 -0.9736634 0 -0.2315491 0.971427 0.05210525 0 0 0 0 1</matrix>
                              <node id="node-Bone049" name="Bone049">
                                <matrix>0.8586523 0.1722122 -0.4827631 0.08048499 -0.4657757 0.6552923 -0.5946812 -1.04308e-7 0.2139393 0.7354832 0.6428802 0 0 0 0 1</matrix>
                              </node>
                            </node>
                          </node>
                        </node>
                      </node>
                    </node>
                    <node id="node-Bone014" name="Bone014">
                      <matrix>-0.02865493 -2.98023e-7 0.999589 0.2221857 -0.9993564 0.02160657 -0.02864823 0.004512742 -0.02159768 -0.9997668 -6.19432e-4 -0.05774583 0 0 0 1</matrix>
                      <node id="node-Bone015" name="Bone015">
                        <matrix>0.8968285 0.1569263 0.4136093 0.04459423 -0.1405922 0.9876003 -0.06985627 1.49012e-8 -0.4194429 0.00449886 0.907771 -3.69549e-6 0 0 0 1</matrix>
                        <node id="node-Bone016" name="Bone016">
                          <matrix>0.8073795 0.3848707 0.4472287 0.0517121 -0.2289694 0.9029424 -0.3636864 1.3411e-7 -0.5437937 0.1912311 0.8171406 1.19209e-7 0 0 0 1</matrix>
                          <node id="node-Bone017" name="Bone017">
                            <matrix>0.9567486 0.1163465 0.2666372 0.06625259 -0.06016745 0.9758647 -0.209923 -1.49012e-8 -0.2846259 0.1848008 0.9406571 1.19209e-7 0 0 0 1</matrix>
                            <node id="node-Bone018" name="Bone018">
                              <matrix>0.9759617 -0.1837634 -0.1171754 0.07592642 0.2160518 0.7450929 0.6309978 1.19209e-7 -0.02864772 -0.6411461 0.7668844 -4.47035e-6 0 0 0 1</matrix>
                              <node id="node-Bone019" name="Bone019">
                                <matrix>0.9469508 -0.1838324 -0.2636099 0.05424261 0.2948284 0.8233756 0.4849015 -4.47035e-8 0.1279092 -0.5368977 0.8338951 0 0 0 0 1</matrix>
                                <node id="node-Bone020" name="Bone020">
                                  <matrix>0.7088869 -0.5135252 -0.4834986 0.1070499 0.4797028 -0.151518 0.8642495 -2.23517e-8 -0.5170729 -0.8445907 0.1389304 0 0 0 0 1</matrix>
                                </node>
                              </node>
                            </node>
                          </node>
                        </node>
                      </node>
                    </node>
                    <node id="node-Bone006" name="Bone006">
                      <matrix>0.1961011 -3.72529e-8 0.9805841 0.2309459 -0.9789099 0.05840608 0.1957663 0.03429444 -0.05727209 -0.9982931 0.01145346 -0.0269171 0 0 0 1</matrix>
                      <node id="node-Bone007" name="Bone007">
                        <matrix>0.911742 -0.01410427 0.4105206 0.04605398 0.01401887 0.9998966 0.003218506 0 -0.4105235 0.002820566 0.9118454 0 0 0 0 1</matrix>
                        <node id="node-Bone008" name="Bone008">
                          <matrix>0.9392015 0.1158517 0.3232316 0.04755574 -0.1007923 0.9929104 -0.06300743 3.72529e-9 -0.3282396 0.02659744 0.9442204 0 0 0 0 1</matrix>
                          <node id="node-Bone009" name="Bone009">
                            <matrix>0.9081649 5.73487e-4 0.4186126 0.05169481 -3.70711e-4 0.9999999 -5.65728e-4 0 -0.4186128 3.58567e-4 0.9081649 -1.19209e-7 0 0 0 1</matrix>
                            <node id="node-Bone010" name="Bone010">
                              <matrix>0.9252815 -0.277404 0.2586523 0.0660634 0.1212467 0.8625091 0.4913011 -8.9407e-8 -0.359379 -0.4232311 0.8316979 1.19209e-7 0 0 0 1</matrix>
                              <node id="node-Bone011" name="Bone011">
                                <matrix>0.9589165 -0.2158549 -0.1840783 0.0601083 0.2631018 0.4340236 0.8616267 1.11759e-7 -0.1060918 -0.87466 0.4729845 0 0 0 0 1</matrix>
                                <node id="node-Bone012" name="Bone012">
                                  <matrix>0.9669531 -0.1915677 -0.1682376 0.05975711 0.2547095 0.7547975 0.6044863 8.64267e-7 0.01118523 -0.6273615 0.7786478 -1.78814e-7 0 0 0 1</matrix>
                                  <node id="node-Bone013" name="Bone013">
                                    <matrix>0.8543546 -0.001355805 -0.5196888 0.05263495 0.002830327 0.999994 0.002044007 -8.9407e-8 0.5196829 -0.003217176 0.8543534 4.17233e-7 0 0 0 1</matrix>
                                  </node>
                                </node>
                              </node>
                            </node>
                          </node>
                        </node>
                      </node>
                    </node>
                    <node id="node-Bone021" name="Bone021">
                      <matrix>0.4470657 -1.43424e-7 0.8945012 0.2271243 -0.8945011 6.32112e-6 0.4470657 0.05075829 -5.72111e-6 -1 2.69711e-6 1.19209e-7 0 0 0 1</matrix>
                      <node id="node-Bone022" name="Bone022">
                        <matrix>0.906424 4.9891e-6 0.4223688 0.03557783 -5.6196e-6 1 2.44007e-7 -1.86265e-8 -0.4223688 -2.59653e-6 0.906424 -1.19209e-7 0 0 0 1</matrix>
                        <node id="node-Bone023" name="Bone023">
                          <matrix>0.9613261 -9.54838e-7 0.2754122 0.04570845 9.1549e-7 1 2.6077e-7 -1.49012e-8 -0.2754122 0 0.9613261 -1.19209e-7 0 0 0 1</matrix>
                          <node id="node-Bone024" name="Bone024">
                            <matrix>0.8313264 -1.6971e-6 0.5557858 0.05609787 1.1865e-6 1 1.27405e-6 1.86265e-8 -0.5557857 -3.98606e-7 0.8313265 -2.14577e-6 0 0 0 1</matrix>
                            <node id="node-Bone025" name="Bone025">
                              <matrix>0.9055954 -1.86265e-9 0.424142 0.06339753 1.86265e-9 1 -9.31323e-10 7.45058e-9 -0.424142 0 0.9055954 7.15256e-7 0 0 0 1</matrix>
                              <node id="node-Bone026" name="Bone026">
                                <matrix>0.9644743 1.10567e-5 0.2641778 0.06756568 -9.20147e-7 1 -3.84988e-5 7.45058e-9 -0.2641778 3.68878e-5 0.9644743 8.34465e-7 0 0 0 1</matrix>
                                <node id="node-Bone027" name="Bone027">
                                  <matrix>0.9817942 -1.13808e-6 -0.1899465 0.07909286 9.83104e-6 0.9999999 4.48269e-5 -3.72529e-9 0.1899466 -4.58783e-5 0.9817942 -5.06639e-7 0 0 0 1</matrix>
                                  <node id="node-Bone028" name="Bone028">
                                    <matrix>0.9998925 2.05636e-6 0.01466206 0.07343209 -1.90921e-6 0.9999999 -1.03684e-5 1.49012e-8 -0.01466203 1.03414e-5 0.9998925 5.96046e-8 0 0 0 1</matrix>
                                  </node>
                                </node>
                              </node>
                            </node>
                          </node>
                        </node>
                      </node>
                    </node>
                    <node id="node-Bone029" name="Bone029">
                      <matrix>0.1961011 -9.87202e-8 0.9805838 0.2309458 -0.9789099 -0.05839982 0.1957663 0.0342943 0.05726587 -0.9982935 -0.01145236 0.02691686 0 0 0 1</matrix>
                      <node id="node-Bone030" name="Bone030">
                        <matrix>0.9117725 0.01410466 0.4104536 0.04605374 -0.01401945 0.9998965 -0.003217551 -6.70552e-8 -0.4104564 -0.002820662 0.9118759 -3.8147e-6 0 0 0 1</matrix>
                        <node id="node-Bone031" name="Bone031">
                          <matrix>0.9391773 -0.1158523 0.3233027 0.04755455 0.1007911 0.992911 0.06300677 1.67638e-8 -0.3283099 -0.02658846 0.9441958 1.19209e-7 0 0 0 1</matrix>
                          <node id="node-Bone032" name="Bone032">
                            <matrix>0.9038532 0.04105058 0.4258697 0.05169511 -0.02617574 0.9988273 -0.04072464 0 -0.4270421 0.02566157 0.903868 0 0 0 0 1</matrix>
                            <node id="node-Bone033" name="Bone033">
                              <matrix>0.9352224 0.2103268 0.2848187 0.06606328 -0.09208234 0.92124 -0.3779384 0 -0.3418767 0.3272297 0.8809317 -1.19209e-7 0 0 0 1</matrix>
                              <node id="node-Bone034" name="Bone034">
                                <matrix>0.9540269 0.2209559 -0.2025129 0.0601095 -0.2726005 0.3588102 -0.8927174 1.49012e-8 -0.1245871 0.9068815 0.4025472 0 0 0 0 1</matrix>
                                <node id="node-Bone035" name="Bone035">
                                  <matrix>0.9640254 0.1841629 -0.1916738 0.0597564 -0.2622839 0.7761133 -0.5734578 0 0.04315069 0.603101 0.7964969 -8.9407e-8 0 0 0 1</matrix>
                                  <node id="node-Bone036" name="Bone036">
                                    <matrix>0.8694144 0.01521919 -0.4938492 0.05263567 -0.02966286 0.9993308 -0.0214242 0 0.4931929 0.03327519 0.8692835 -5.96046e-8 0 0 0 1</matrix>
                                  </node>
                                </node>
                              </node>
                            </node>
                          </node>
                        </node>
                      </node>
                    </node>
                    <node id="node-Bone037" name="Bone037">
                      <matrix>-0.03296207 1.67638e-7 0.9994567 0.2221859 -0.9989802 -0.03087518 -0.03294638 0.004512414 0.03085839 -0.9995236 0.00101788 0.05774581 0 0 0 1</matrix>
                      <node id="node-Bone038" name="Bone038">
                        <matrix>0.8929765 -0.1232729 0.4328945 0.0445945 0.1165006 0.9922913 0.04225145 5.02914e-8 -0.434766 0.01270289 0.9004541 0 0 0 0 1</matrix>
                        <node id="node-Bone039" name="Bone039">
                          <matrix>0.8104645 -0.3801516 0.4456804 0.05171013 0.2161753 0.9012179 0.3755988 9.31323e-9 -0.54444 -0.2080643 0.8125845 -1.66893e-6 0 0 0 1</matrix>
                          <node id="node-Bone040" name="Bone040">
                            <matrix>0.9648312 -0.1429276 0.2206183 0.0662533 0.07894532 0.9580726 0.2754363 -2.98023e-8 -0.2507358 -0.2483327 0.9356617 1.19209e-7 0 0 0 1</matrix>
                            <node id="node-Bone041" name="Bone041">
                              <matrix>0.9759558 0.1838065 -0.1171584 0.07592785 -0.216068 0.7449556 -0.631155 2.08616e-7 -0.02873257 0.6412933 0.766758 0 0 0 0 1</matrix>
                              <node id="node-Bone042" name="Bone042">
                                <matrix>0.9450258 0.2399526 -0.2221448 0.05424106 -0.3174697 0.8360454 -0.4474815 1.67638e-8 0.07834876 0.4934063 0.8662628 2.98023e-7 0 0 0 1</matrix>
                                <node id="node-Bone043" name="Bone043">
                                  <matrix>0.7633407 0.438169 -0.4746784 0.1070513 -0.4467451 -0.1726972 -0.8778356 -2.98023e-8 -0.4666158 0.8821476 0.06392276 1.19209e-7 0 0 0 1</matrix>
                                </node>
                              </node>
                            </node>
                          </node>
                        </node>
                      </node>
                    </node>
                    <node id="node-Bone055" name="Bone055">
                      <matrix>-0.09140573 1.86265e-7 0.9958143 0.2017386 -0.9919922 -0.08752596 -0.09105495 0.01348099 0.08715953 -0.9961623 0.008000558 0.06964707 0 0 0 1</matrix>
                      <node id="node-Bone056" name="Bone056">
                        <matrix>0.7861557 -0.1194354 0.6063781 0.07249786 0.08782189 0.9927816 0.08168432 3.57628e-7 -0.6117568 -0.01096334 0.7909697 1.19209e-7 0 0 0 1</matrix>
                        <node id="node-Bone057" name="Bone057">
                          <matrix>0.9220536 0.282224 0.2648901 0.062585 -0.1853493 0.9227367 -0.3379383 -3.27826e-7 -0.3397981 0.2625 0.9031228 0 0 0 0 1</matrix>
                          <node id="node-Bone058" name="Bone058">
                            <matrix>0.9331156 0.3402686 0.1162442 0.06108952 -0.172181 0.7066321 -0.6863126 2.6077e-8 -0.3156724 0.6203942 0.717957 2.38419e-7 0 0 0 1</matrix>
                            <node id="node-Bone059" name="Bone059">
                              <matrix>0.9435687 -0.2433106 -0.2246737 0.07517004 0.2279499 -0.01498586 0.9735572 7.45058e-8 -0.2402438 -0.9698327 0.04132228 -5.96046e-8 0 0 0 1</matrix>
                              <node id="node-Bone060" name="Bone060">
                                <matrix>0.8586497 -0.1722087 -0.4827678 0.08048642 0.465779 0.6552851 0.5946857 5.96046e-8 0.2139404 -0.7354897 0.6428717 -5.96046e-8 0 0 0 1</matrix>
                              </node>
                            </node>
                          </node>
                        </node>
                      </node>
                    </node>
                    <node id="node-Bone061" name="Bone061">
                      <matrix>-0.2765531 5.71599e-7 0.9609985 0.1766737 -0.937687 -0.2189246 -0.2698442 0.0138644 0.2103862 -0.9757421 0.06054477 0.08004999 0 0 0 1</matrix>
                      <node id="node-Bone062" name="Bone062">
                        <matrix>0.8800434 0.03148918 0.4738474 0.06630632 -0.02342636 0.999463 -0.0229105 5.7742e-8 -0.4743145 0.009061746 0.8803089 -1.90735e-6 0 0 0 1</matrix>
                        <node id="node-Bone063" name="Bone063">
                          <matrix>0.8984271 0.4092896 0.1590954 0.055776 -0.2856669 0.8199126 -0.4961224 -1.86265e-8 -0.333502 0.4002815 0.8535522 -1.19209e-7 0 0 0 1</matrix>
                          <node id="node-Bone064" name="Bone064">
                            <matrix>0.8136281 0.4382423 -0.3820378 0.05538905 -0.1488503 -0.478192 -0.8655492 -2.98023e-8 -0.5620081 0.7611017 -0.323838 0 0 0 0 1</matrix>
                            <node id="node-Bone065" name="Bone065">
                              <matrix>0.8752897 0.08609424 -0.4758736 0.05682147 -0.3054109 0.8613696 -0.4059147 1.49012e-8 0.374956 0.5006298 0.7802422 2.98023e-8 0 0 0 1</matrix>
                            </node>
                          </node>
                        </node>
                      </node>
                    </node>
                    <node id="node-Bone077" name="Bone077">
                      <matrix>-0.01158965 6.35162e-7 0.9999329 0.1375991 -0.872439 -0.488619 -0.01011162 0.03142531 0.4885862 -0.8724976 0.005663477 0.05968321 0 0 0 1</matrix>
                      <node id="node-Bone078" name="Bone078">
                        <matrix>0.7043356 -0.4953953 0.5084242 0.0617803 0.3977996 0.868649 0.2953045 4.82425e-7 -0.5879346 -0.005742431 0.8088883 4.37498e-5 0 0 0 1</matrix>
                        <node id="node-Bone079" name="Bone079">
                          <matrix>0.7459559 -0.6548732 0.1212058 0.1102704 0.4237671 0.6071162 0.6721835 -7.45058e-9 -0.5137812 -0.4500562 0.7303956 2.38419e-7 0 0 0 1</matrix>
                          <node id="node-Bone080" name="Bone080">
                            <matrix>0.8926533 0.2532578 0.3728679 0.1663147 -0.1483835 0.9462286 -0.2874602 2.98023e-8 -0.42562 0.201275 0.8822337 5.96046e-8 0 0 0 1</matrix>
                            <node id="node-Bone081" name="Bone081">
                              <matrix>0.9320754 0.1246797 -0.3401321 0.1379911 -0.1721553 -0.673667 -0.7187042 0 -0.3187434 0.7284418 -0.6064443 -2.98023e-8 0 0 0 1</matrix>
                            </node>
                          </node>
                        </node>
                      </node>
                    </node>
                    <node id="node-Bone066" name="Bone066">
                      <matrix>-0.2908011 -2.75671e-7 0.9567834 0.1378932 -0.9335832 0.2188804 -0.2837496 0.009998888 -0.2094212 -0.9757517 -0.06365091 -0.07983375 0 0 0 1</matrix>
                      <node id="node-Bone067" name="Bone067">
                        <matrix>0.7965989 0.4133027 0.4411482 0.081056 -0.3324228 0.9090161 -0.2513689 -4.47035e-8 -0.5049019 0.05359237 0.8615116 -3.09944e-6 0 0 0 1</matrix>
                        <node id="node-Bone068" name="Bone068">
                          <matrix>0.9018516 0.4028898 0.1560252 0.06413412 -0.2337512 0.758715 -0.608039 -2.45869e-7 -0.3633518 0.5118902 0.7784244 2.38419e-7 0 0 0 1</matrix>
                          <node id="node-Bone069" name="Bone069">
                            <matrix>0.999895 0.01424573 0.002566904 0.08350706 -0.01418534 0.9996531 -0.0221715 -2.98023e-8 -0.002882123 0.02213274 0.9997507 0 0 0 0 1</matrix>
                            <node id="node-Bone070" name="Bone070">
                              <matrix>0.9643173 -0.150227 0.2179988 0.08289564 0.09696242 0.9666111 0.2371961 0 -0.2463528 -0.207595 0.946686 -5.96046e-8 0 0 0 1</matrix>
                              <node id="node-Bone071" name="Bone071">
                                <matrix>0.9585639 -0.1121205 0.2618873 0.06400168 0.03549379 0.9591346 0.2807153 0 -0.2826593 -0.259788 0.9233712 -5.96046e-8 0 0 0 1</matrix>
                                <node id="node-Bone072" name="Bone072">
                                  <matrix>0.964076 -0.03288302 -0.2635827 0.07497585 0.2330033 -0.3717678 0.8986085 0 -0.1275405 -0.927743 -0.3507508 -2.98023e-8 0 0 0 1</matrix>
                                </node>
                              </node>
                            </node>
                          </node>
                        </node>
                      </node>
                    </node>
                    <node id="node-Bone073" name="Bone073">
                      <matrix>-0.2925557 1.50874e-7 0.9562488 0.09248972 -0.954704 0.0568094 -0.2920833 -0.0307889 -0.05432394 -0.998385 -0.01661978 -0.07006146 0 0 0 1</matrix>
                      <node id="node-Bone074" name="Bone074">
                        <matrix>0.6387705 0.4660808 0.6121606 0.05861649 -0.2161334 0.8722984 -0.4386137 1.49012e-8 -0.7384158 0.1478651 0.6579341 -1.19209e-7 0 0 0 1</matrix>
                        <node id="node-Bone075" name="Bone075">
                          <matrix>0.966939 -0.2549824 -0.003659815 0.08270776 0.2245849 0.844692 0.4858575 0 -0.1207937 -0.4706162 0.8740308 -5.96046e-8 0 0 0 1</matrix>
                          <node id="node-Bone076" name="Bone076">
                            <matrix>0.9027888 -0.3799327 -0.201553 0.1038884 0.1286856 -0.2085411 0.9695107 0 -0.410381 -0.9012001 -0.1393766 -1.19209e-7 0 0 0 1</matrix>
                          </node>
                        </node>
                      </node>
                    </node>
                    <node id="node-Bone082" name="Bone082">
                      <matrix>-0.3110904 3.1665e-7 0.9503804 0.09530389 -0.9488456 -0.05680679 -0.310588 -0.03142177 0.05398795 -0.9983854 0.01767235 0.06847608 0 0 0 1</matrix>
                      <node id="node-Bone083" name="Bone083">
                        <matrix>0.6710567 -0.4341136 0.6010227 0.05861518 0.1827009 0.8824794 0.4334169 2.14204e-7 -0.7185423 -0.1810399 0.6715068 4.76837e-6 0 0 0 1</matrix>
                        <node id="node-Bone084" name="Bone084">
                          <matrix>0.9794419 0.1983212 0.03691369 0.0827117 -0.1548231 0.8563237 -0.4926869 4.47035e-8 -0.1293203 0.4768434 0.8694239 1.19209e-7 0 0 0 1</matrix>
                          <node id="node-Bone085" name="Bone085">
                            <matrix>0.9224287 0.3760583 -0.08778424 0.1038884 -0.1378097 0.1082106 -0.9845295 -1.22003e-7 -0.3607414 0.9202555 0.151641 -1.19209e-7 0 0 0 1</matrix>
                            <node id="node-Bone086" name="Bone086">
                              <matrix>0.9832616 0.04322942 -0.1769952 0.1096957 -0.123718 0.8715612 -0.4744205 2.38419e-7 0.1337534 0.4883771 0.8623211 4.47035e-8 0 0 0 1</matrix>
                            </node>
                          </node>
                        </node>
                      </node>
                    </node>
                  </node>
                </node>
                <node id="node-Bip001_backpack_01" name="Bip001_backpack_01">
                  <matrix sid="matrix">-0.9792179 0.202802 -0.001978794 0.2016007 -0.2027961 -0.9792171 -0.002801865 -0.08787811 -0.0025059 -0.002342346 0.9999941 4.24683e-7 0 0 0 1</matrix>
                  <node id="node-Bip001_rope_01" name="Bip001_rope_01">
                    <matrix sid="matrix">0.9283744 -0.371276 -0.01656929 0.4241233 -0.3631281 -0.915686 0.1722109 0.08793229 -0.07911011 -0.1538595 -0.9849207 0.09921896 0 0 0 1</matrix>
                    <node id="node-Bip001_rope_02" name="Bip001_rope_02">
                      <matrix sid="matrix">0.9993811 -0.02325742 0.02639264 0.09589982 -0.02437364 -0.9987867 0.04279112 8.33869e-5 0.0253654 -0.04340785 -0.9987354 3.64706e-6 0 0 0 1</matrix>
                      <node id="node-Bip001_rope_03" name="Bip001_rope_03">
                        <matrix sid="matrix">0.9984597 -0.04565974 -0.03152194 0.1048737 0.03999326 0.9860584 -0.1615223 -1.02341e-4 0.03845753 0.1600129 0.9863656 -0.00104259 0 0 0 1</matrix>
                      </node>
                    </node>
                  </node>
                  <node id="node-Bip001_Xtra17" name="Bip001_Xtra17">
                    <matrix>-0.04419938 -0.7063962 -0.7064353 0.1551489 0.9990226 -0.03164943 -0.03085798 0.1124569 -5.60224e-4 -0.7071087 0.7071046 6.88434e-5 0 0 0 1</matrix>
                    <node id="node-Bip001_Xtra18" name="Bip001_Xtra18">
                      <matrix>1 0 -2.98023e-8 0.02474695 -2.98023e-8 1 2.98023e-7 -2.2471e-5 0 -3.57628e-7 0.9999999 0 0 0 0 1</matrix>
                    </node>
                    <node id="node-Bip001_Xtra19" name="Bip001_Xtra19">
                      <matrix>0.9999995 -7.96363e-4 7.98643e-4 0.0290457 -7.96363e-4 -0.9999999 -1.49012e-6 0.0299508 7.98553e-4 8.9407e-7 -0.9999998 -7.4923e-5 0 0 0 1</matrix>
                    </node>
                    <node id="node-Bip001_Xtra20" name="Bip001_Xtra20">
                      <matrix>0.9999918 -0.003981322 7.88897e-4 0.0288974 0.003981262 0.9999922 6.28829e-6 -0.03234434 -7.88957e-4 -3.21865e-6 0.9999997 -7.51615e-5 0 0 0 1</matrix>
                    </node>
                  </node>
                  <node id="node-Bip001_Xtra01" name="Bip001_Xtra01">
                    <matrix sid="matrix">0.9980924 -0.06089205 0.01018673 0.2139946 0.06087956 0.9981439 0.001538756 0.05373996 -0.01026152 -9.15627e-4 0.9999469 0.1710362 0 0 0 1</matrix>
                  </node>
                  <node id="node-Bip001_Xtra01Opp" name="Bip001_Xtra01Opp">
                    <matrix sid="matrix">0.9982423 -0.05840915 0.01002979 0.2139944 0.0583964 0.9982923 0.001561853 0.05373991 -0.01010388 -9.73362e-4 0.9999486 -0.1722647 0 0 0 1</matrix>
                  </node>
                </node>
                <node id="node-Bip001_L_Clavicle" name="Bip001_L_Clavicle">
                  <matrix sid="matrix">-0.1281998 -7.44656e-4 0.9917482 0.1406267 -0.3513237 -0.9351177 -0.04611649 0.02467199 0.9274355 -0.3543368 0.1196203 0.05035807 0 0 0 1</matrix>
                  <node id="node-Bip001_L_UpperArm" name="Bip001_L_UpperArm">
                    <matrix sid="matrix">0.04873335 0.869684 0.4911972 0.17644 -0.9393436 0.2070639 -0.2734192 0 -0.3394974 -0.4480783 0.827023 0 0 0 0 1</matrix>
                    <node id="node-Bip001_L_Forearm" name="Bip001_L_Forearm">
                      <matrix sid="matrix">0.4620315 0.8868636 0 0.3022251 -0.8868634 0.4620315 0 5.96046e-8 2.98023e-8 -5.96046e-8 1 -1.19209e-7 0 0 0 1</matrix>
                      <node id="node-Bip001_L_Hand" name="Bip001_L_Hand">
                        <matrix sid="matrix">0.9935942 0.1066474 0.0373776 0.3035221 0.1100154 -0.8372326 -0.535666 -1.19209e-7 -0.02583367 0.5363467 -0.8436022 1.19209e-7 0 0 0 1</matrix>
                        <node id="node-Bip001_L_Finger0" name="Bip001_L_Finger0">
                          <matrix sid="matrix">0.8354492 0.460425 0.3000544 0.01779103 0.3495961 -0.02397896 -0.9365932 0.01367199 -0.4240369 0.8873737 -0.1809963 -0.02770388 0 0 0 1</matrix>
                          <node id="node-Bip001_L_Finger01" name="Bip001_L_Finger01">
                            <matrix sid="matrix">0.9287668 -0.3497778 -0.1226678 0.05085611 0.3430289 0.9364774 -0.07308383 -5.96046e-8 0.1404388 0.02579933 0.9897532 1.19209e-7 0 0 0 1</matrix>
                            <node id="node-Bip001_L_Finger02" name="Bip001_L_Finger02">
                              <matrix sid="matrix">0.8725144 -0.4767999 -0.106681 0.03436995 0.4679508 0.8782855 -0.0981679 -5.96046e-8 0.1405028 0.03573135 0.9894354 5.96046e-8 0 0 0 1</matrix>
                            </node>
                          </node>
                        </node>
                        <node id="node-Bip001_L_Finger1" name="Bip001_L_Finger1">
                          <matrix sid="matrix">0.7886922 -0.5762147 0.214338 0.08567601 0.6147271 0.7342128 -0.2881701 -0.005999684 0.008677796 0.3590369 0.9332828 -0.02973527 0 0 0 1</matrix>
                          <node id="node-Bip001_L_Finger11" name="Bip001_L_Finger11">
                            <matrix sid="matrix">0.8078933 -0.5892418 -0.01013756 0.05795407 0.5828135 0.7962921 0.1620094 0 -0.08739012 -0.1367945 0.9867371 0 0 0 0 1</matrix>
                            <node id="node-Bip001_L_Finger12" name="Bip001_L_Finger12">
                              <matrix sid="matrix">0.8562497 -0.5165448 0.004223198 0.03285098 0.5091162 0.8452625 0.162271 8.9407e-8 -0.08738998 -0.1367944 0.9867371 0 0 0 0 1</matrix>
                            </node>
                          </node>
                        </node>
                        <node id="node-Bip001_L_Finger2" name="Bip001_L_Finger2">
                          <matrix sid="matrix">0.7575086 -0.6503618 0.05666205 0.09032297 0.6520032 0.7493405 -0.1156754 -0.01052213 0.03277099 0.1245687 0.9916694 -0.005256653 0 0 0 1</matrix>
                          <node id="node-Bip001_L_Finger21" name="Bip001_L_Finger21">
                            <matrix sid="matrix">0.7803397 -0.625356 -2.98023e-8 0.05795407 0.6253559 0.7803397 -1.49012e-8 -8.9407e-8 -5.96046e-8 -7.45058e-9 1 0 0 0 0 1</matrix>
                            <node id="node-Bip001_L_Finger22" name="Bip001_L_Finger22">
                              <matrix sid="matrix">0.8672534 -0.4978672 0 0.04148114 0.4978671 0.8672533 -2.23517e-8 0 0 1.49012e-8 1 0 0 0 0 1</matrix>
                            </node>
                          </node>
                        </node>
                        <node id="node-Bip001_L_Finger3" name="Bip001_L_Finger3">
                          <matrix sid="matrix">0.6588638 -0.7330022 -0.1691309 0.08558702 0.7520035 0.647672 0.1225249 -0.009840608 0.01972987 -0.2079142 0.9779481 0.0207029 0 0 0 1</matrix>
                          <node id="node-Bip001_L_Finger31" name="Bip001_L_Finger31">
                            <matrix sid="matrix">0.9187068 -0.3920389 -0.0477847 0.05795407 0.391516 0.9199486 -0.02024178 -2.98023e-8 0.05189507 -1.12277e-4 0.9986526 -5.96046e-8 0 0 0 1</matrix>
                            <node id="node-Bip001_L_Finger32" name="Bip001_L_Finger32">
                              <matrix sid="matrix">0.8818927 -0.4692124 -0.04588044 0.03192699 0.4685852 0.8830854 -0.02425085 -2.98023e-8 0.0518951 -1.1228e-4 0.9986526 5.96046e-8 0 0 0 1</matrix>
                            </node>
                          </node>
                        </node>
                        <node id="node-Bip001_L_Finger4" name="Bip001_L_Finger4">
                          <matrix sid="matrix">0.5801272 -0.7291735 -0.3629862 0.08973402 0.8131447 0.5443945 0.205986 -0.004826784 0.04740831 -0.4146577 0.9087421 0.0466848 0 0 0 1</matrix>
                          <node id="node-Bip001_L_Finger41" name="Bip001_L_Finger41">
                            <matrix sid="matrix">0.9220992 -0.3869531 0 0.0349679 0.3869531 0.9220994 -7.45058e-9 0 1.49012e-8 -2.04891e-8 0.9999999 0 0 0 0 1</matrix>
                            <node id="node-Bip001_L_Finger42" name="Bip001_L_Finger42">
                              <matrix sid="matrix">0.9601683 -0.2794223 0 0.02205002 0.2794223 0.9601682 -9.31323e-9 0 1.49012e-8 1.49012e-8 1 0 0 0 0 1</matrix>
                            </node>
                          </node>
                        </node>
                      </node>
                    </node>
                  </node>
                </node>
                <node id="node-Bip001_R_Clavicle" name="Bip001_R_Clavicle">
                  <matrix sid="matrix">-0.3068429 -7.85321e-4 -0.9517599 0.1406267 -0.1572329 -0.9862176 0.05150492 0.02467227 -0.9386827 0.1654519 0.3024903 -0.05035793 0 0 0 1</matrix>
                  <node id="node-Bip001_R_UpperArm" name="Bip001_R_UpperArm">
                    <matrix sid="matrix">-0.394306 0.8920326 -0.2209093 0.17644 -0.9157774 -0.3613613 0.1754136 0 0.07664659 0.2714702 0.95939 0 0 0 0 1</matrix>
                    <node id="node-Bip001_R_Forearm" name="Bip001_R_Forearm">
                      <matrix sid="matrix">0.8017985 0.5975943 1.49012e-8 0.3022249 -0.5975943 0.8017986 -2.98023e-8 0 -5.96046e-8 -5.96046e-8 0.9999999 -1.19209e-7 0 0 0 1</matrix>
                      <node id="node-Bip001_R_Hand" name="Bip001_R_Hand">
                        <matrix sid="matrix">0.9330397 0.07070929 0.3527564 0.303522 0.2582376 -0.8143163 -0.5198098 0 0.2505 0.5760981 -0.7780494 0 0 0 0 1</matrix>
                        <node id="node-Bip001_R_Finger0" name="Bip001_R_Finger0">
                          <matrix sid="matrix">0.8037892 0.4602646 -0.3769334 0.01779097 0.5107172 -0.208909 0.8339812 0.01367196 0.305108 -0.8628513 -0.4029841 0.02770388 0 0 0 1</matrix>
                          <node id="node-Bip001_R_Finger01" name="Bip001_R_Finger01">
                            <matrix sid="matrix">0.8362533 -0.5468498 0.04044585 0.05085605 0.5191404 0.8133105 0.2627153 -1.19209e-7 -0.1765608 -0.1986995 0.9640254 -1.19209e-7 0 0 0 1</matrix>
                            <node id="node-Bip001_R_Finger02" name="Bip001_R_Finger02">
                              <matrix sid="matrix">0.7565632 -0.6539193 -0.001300946 0.03437001 0.6290386 0.7272304 0.2746752 -1.19209e-7 -0.1786693 -0.2086274 0.9615363 -1.19209e-7 0 0 0 1</matrix>
                            </node>
                          </node>
                        </node>
                        <node id="node-Bip001_R_Finger1" name="Bip001_R_Finger1">
                          <matrix>0.9940405 0.04466019 -0.09943956 0.08567601 -0.005843584 0.932744 0.3604919 -0.005999625 0.1088515 -0.3577622 0.9274465 0.02973521 0 0 0 1</matrix>
                          <node id="node-Bip001_R_Finger11" name="Bip001_R_Finger11">
                            <matrix>0.6196443 -0.7742287 -0.1288838 0.05795401 0.7718647 0.6308783 -0.07885131 0 0.1423589 -0.05062112 0.9885199 1.19209e-7 0 0 0 1</matrix>
                            <node id="node-Bip001_R_Finger12" name="Bip001_R_Finger12">
                              <matrix>0.1646769 -0.9770169 -0.1353496 0.03285106 0.9822991 0.1748698 -0.0671497 0 0.0892749 -0.1218958 0.9885198 -2.38419e-7 0 0 0 1</matrix>
                            </node>
                          </node>
                        </node>
                        <node id="node-Bip001_R_Finger2" name="Bip001_R_Finger2">
                          <matrix>0.8943933 -0.3994735 0.2012011 0.09032303 0.4087127 0.9126506 -0.004815646 -0.01052222 -0.1817019 0.08654089 0.9795381 0.005256534 0 0 0 1</matrix>
                          <node id="node-Bip001_R_Finger21" name="Bip001_R_Finger21">
                            <matrix>-0.2901331 -0.9545647 0.06803817 0.05795395 0.9472036 -0.2965803 -0.1218422 5.96046e-8 0.136485 0.02909553 0.9902146 0 0 0 0 1</matrix>
                            <node id="node-Bip001_R_Finger22" name="Bip001_R_Finger22">
                              <matrix>0.4759743 -0.8781217 0.04848452 0.04148105 0.8746051 0.4668427 -0.1308588 -1.49012e-8 0.09227529 0.1046902 0.9902148 0 0 0 0 1</matrix>
                            </node>
                          </node>
                        </node>
                        <node id="node-Bip001_R_Finger3" name="Bip001_R_Finger3">
