<?xml version="1.0" encoding="utf-8"?>
<COLLADA xmlns="http://www.collada.org/2005/11/COLLADASchema" version="1.4.1">
  <asset>
    <contributor>
      <author>Setsu</author>
      <authoring_tool>OpenCOLLADA for 3ds Max;  Version: 1.3.1;  Revision: 847M;  Platform: x64;  Configuration: Release_Max2012_static</authoring_tool>
      <source_data>file:///D:/_Work/webgl/models/man/animation/gun/draw_wpn_gun.max</source_data>
    </contributor>
    <created>2012-09-04T13:41:39</created>
    <modified>2012-09-04T13:41:39</modified>
    <unit name="meter" meter="1"/>
    <up_axis>Z_UP</up_axis>
  </asset>
  <library_lights>
    <light id="EnvironmentAmbientLight" name="EnvironmentAmbientLight">
      <technique_common>
        <ambient>
          <color>0.019608 0.019608 0.019608</color>
        </ambient>
      </technique_common>
    </light>
  </library_lights>
  <library_visual_scenes>
    <visual_scene id="MaxScene">
      <node name="EnvironmentAmbientLight">
        <instance_light url="#EnvironmentAmbientLight"/>
      </node>
      <node id="node-Bip001" name="Bip001">
        <matrix sid="matrix">-0.5723473 0.8200113 -3.72529e-9 -0.0364531 -0.8198809 -0.5722563 -0.01783047 -0.009825243 -0.01462119 -0.01020522 0.999841 0.9622645 0 0 0 1</matrix>
        <node id="node-Bip001_Pelvis" name="Bip001_Pelvis">
          <matrix sid="matrix">-0.04494381 0.9659261 0.2548857 -0.02786902 -0.1344771 -0.258671 0.9565591 2.08616e-6 0.9898969 0.008715119 0.1415206 -4.07517e-4 0 0 0 1</matrix>
          <node id="node-Bip001_Spine" name="Bip001_Spine">
            <matrix sid="matrix">0.9775953 0.2100487 -0.01366945 0.1044615 -0.2088145 0.9595681 -0.1887468 0.0165114 -0.02652922 0.1873721 0.9819305 0.01916398 0 0 0 1</matrix>
            <node id="node-Bip001_Spine1" name="Bip001_Spine1">
              <matrix sid="matrix">0.9772944 0.2118844 9.04419e-4 0.1646061 -0.2114209 0.9754216 -0.06207901 -1.27882e-4 -0.0140358 0.06047834 0.9980709 -7.93487e-6 0 0 0 1</matrix>
              <node id="node-Bip001_Spine2" name="Bip001_Spine2">
                <matrix sid="matrix">0.9872464 -0.1470787 0.06092852 0.1646533 0.1503365 0.9872214 -0.05285052 -1.29342e-4 -0.05237676 0.06133639 0.996742 -8.01682e-6 0 0 0 1</matrix>
                <node id="node-Bip001_Neck" name="Bip001_Neck">
                  <matrix sid="matrix">0.9654143 0.1149776 0.2339986 0.174355 -0.06923923 0.9783448 -0.1950573 -0.00750193 -0.2513584 0.1721093 0.9524691 -1.04308e-5 0 0 0 1</matrix>
                  <node id="node-Bip001_Head" name="Bip001_Head">
                    <matrix sid="matrix">0.9837319 0.1603307 -0.08102825 0.08447993 -0.179433 0.8987412 -0.4000847 0.03011227 0.008677572 0.4081151 0.9128891 1.19209e-7 0 0 0 1</matrix>
                    <node id="node-Bip001_AngryBrowR" name="Bip001_AngryBrowR">
                      <matrix>0.0018121 -0.9852682 0.1710074 0.1354002 0.9995395 -0.003395736 -0.03015606 0.1043412 0.0302925 0.1709832 0.9848081 -0.01978299 0 0 0 1</matrix>
                    </node>
                    <node id="node-Bip001_SillyBrowL" name="Bip001_SillyBrowL">
                      <matrix>-0.004057199 -0.9597188 -0.2809329 0.1346171 0.7867901 0.1703331 -0.5932521 0.0854848 0.6172074 -0.2234422 0.754406 0.05988092 0 0 0 1</matrix>
                    </node>
                    <node id="node-Bip001_SillyBrowR" name="Bip001_SillyBrowR">
                      <matrix>-0.004056901 -0.9597204 0.2809277 0.1346171 0.7867938 0.1703286 0.5932485 0.08548504 -0.6172028 0.2234389 0.754411 -0.05988043 0 0 0 1</matrix>
                    </node>
                    <node id="node-Bip001_jaw" name="Bip001_jaw">
                      <matrix>0.3710407 -0.9275407 -0.04469161 0.07394218 0.8026186 0.3445303 -0.4869317 0.01053739 0.4670465 0.1448011 0.8722959 -1.20662e-5 0 0 0 1</matrix>
                      <node id="node-Bip001_lowerLipL" name="Bip001_lowerLipL">
                        <matrix>-0.8336916 -0.3554321 -0.4226424 0.107451 0.3746175 -0.9263142 0.04004887 -0.0348357 -0.4057342 -0.1249408 0.9054112 0.009654552 0 0 0 1</matrix>
                      </node>
                      <node id="node-Bip001_lowerLipR" name="Bip001_lowerLipR">
                        <matrix>0.7819585 1.78814e-6 -0.6233304 0.1074489 -0.6233305 -4.00841e-6 -0.7819585 -0.03483999 -3.9041e-6 1 -2.07499e-6 -0.009658813 0 0 0 1</matrix>
                      </node>
                    </node>
                    <node id="node-Bip001_upperLipL" name="Bip001_upperLipL">
                      <matrix>2.38419e-7 -6.46804e-6 -1 0.04530883 1 3.11434e-6 1.78814e-7 0.1161031 3.14135e-6 -1 6.40471e-6 0.009555247 0 0 0 1</matrix>
                    </node>
                    <node id="node-Bip001_upperLipR" name="Bip001_upperLipR">
                      <matrix>1.49012e-7 -1.20094e-5 1 0.04530871 1 -2.43448e-6 -1.78814e-7 0.1161031 2.39909e-6 1 1.19563e-5 -0.009554617 0 0 0 1</matrix>
                    </node>
                    <node id="node-Bip001_AngryBrowL" name="Bip001_AngryBrowL">
                      <matrix>0.00181216 -0.9852672 -0.1710128 0.1354002 0.9995396 -0.003394961 0.0301506 0.1043412 -0.03028696 -0.1709887 0.9848074 0.01978356 0 0 0 1</matrix>
                    </node>
                    <node id="node-Bone050" name="Bone050">
                      <matrix>-0.2718078 -3.7998e-7 0.962352 0.1766741 -0.9409114 0.2099089 -0.2657522 0.01386476 -0.202006 -0.977721 -0.05705522 -0.080042 0 0 0 1</matrix>
                      <node id="node-Bone051" name="Bone051">
                        <matrix>0.8727055 -0.06772889 0.4835261 0.06664169 0.04994025 0.9975201 0.04958955 2.98023e-8 -0.4856858 -0.01912964 0.8739239 0 0 0 0 1</matrix>
                        <node id="node-Bone052" name="Bone052">
                          <matrix>0.9062541 -0.3886849 0.1662162 0.05545187 0.2715809 0.8366386 0.4756894 0 -0.3239559 -0.3859543 0.8637662 -1.19209e-7 0 0 0 1</matrix>
                          <node id="node-Bone053" name="Bone053">
                            <matrix>0.8183508 -0.4357321 -0.3747522 0.05517256 0.143037 -0.4771263 0.8671163 0 -0.5566343 -0.763209 -0.3281312 0 0 0 0 1</matrix>
                            <node id="node-Bone054" name="Bone054">
                              <matrix>0.8138614 -0.1123603 -0.570092 0.05649626 0.4602882 0.7234694 0.5145156 0 0.354633 -0.6811511 0.6405219 1.19209e-7 0 0 0 1</matrix>
                            </node>
                          </node>
                        </node>
                      </node>
                    </node>
                    <node id="node-Bone044" name="Bone044">
                      <matrix>-0.09140611 -3.96743e-7 0.9958136 0.2017386 -0.9919919 0.08753213 -0.09105518 0.01348144 -0.08716562 -0.9961616 -0.008001351 -0.06964707 0 0 0 1</matrix>
                      <node id="node-Bone045" name="Bone045">
                        <matrix>0.7861626 0.1194515 0.6063657 0.07249832 -0.08783491 0.9927797 -0.08169393 2.75671e-7 -0.611746 0.01096465 0.7909783 -1.43051e-6 0 0 0 1</matrix>
                        <node id="node-Bone046" name="Bone046">
                          <matrix>0.9278777 -0.2364843 0.2883031 0.06258798 0.1528029 0.9464127 0.2845247 -1.3411e-7 -0.3401393 -0.2199505 0.9142908 4.11272e-6 0 0 0 1</matrix>
                          <node id="node-Bone047" name="Bone047">
                            <matrix>0.9307666 -0.3523223 0.0976825 0.06108761 0.1767301 0.6674464 0.7233817 0 -0.3200614 -0.6560363 0.683503 -1.19209e-7 0 0 0 1</matrix>
                            <node id="node-Bone048" name="Bone048">
                              <matrix>0.9457324 0.2373302 -0.2219569 0.07517123 -0.2279812 -0.002116397 -0.9736636 -5.96046e-8 -0.2315492 0.971427 0.05210523 0 0 0 0 1</matrix>
                              <node id="node-Bone049" name="Bone049">
                                <matrix>0.8586522 0.1722121 -0.4827631 0.08048511 -0.4657757 0.6552923 -0.5946813 -1.19209e-7 0.2139395 0.7354832 0.6428802 0 0 0 0 1</matrix>
                              </node>
                            </node>
                          </node>
                        </node>
                      </node>
                    </node>
                    <node id="node-Bone014" name="Bone014">
                      <matrix>-0.02865496 -2.90107e-7 0.999589 0.2221859 -0.9993564 0.02160657 -0.02864826 0.004512787 -0.02159767 -0.9997667 -6.19435e-4 -0.05774581 0 0 0 1</matrix>
                      <node id="node-Bone015" name="Bone015">
                        <matrix>0.8968285 0.1569262 0.4136094 0.04459435 -0.1405922 0.9876003 -0.06985628 1.11759e-8 -0.4194429 0.004498869 0.907771 -3.93391e-6 0 0 0 1</matrix>
                        <node id="node-Bone016" name="Bone016">
                          <matrix>0.8073793 0.3848706 0.4472286 0.0517118 -0.2289694 0.9029423 -0.3636863 1.41561e-7 -0.5437936 0.1912312 0.8171406 1.19209e-7 0 0 0 1</matrix>
                          <node id="node-Bone017" name="Bone017">
                            <matrix>0.9567486 0.1163465 0.2666372 0.06625283 -0.06016746 0.9758647 -0.209923 2.98023e-8 -0.2846259 0.1848009 0.9406573 2.98023e-8 0 0 0 1</matrix>
                            <node id="node-Bone018" name="Bone018">
                              <matrix>0.9759617 -0.1837635 -0.1171754 0.07592642 0.2160518 0.7450927 0.6309979 1.19209e-7 -0.02864777 -0.6411461 0.7668843 -4.54485e-6 0 0 0 1</matrix>
                              <node id="node-Bone019" name="Bone019">
                                <matrix>0.9469507 -0.1838324 -0.2636099 0.05424261 0.2948284 0.8233755 0.4849015 -4.47035e-8 0.1279092 -0.5368976 0.833895 0 0 0 0 1</matrix>
                                <node id="node-Bone020" name="Bone020">
                                  <matrix>0.7088869 -0.5135252 -0.4834986 0.1070499 0.4797028 -0.151518 0.8642494 0 -0.5170727 -0.8445907 0.1389305 -1.49012e-8 0 0 0 1</matrix>
                                </node>
                              </node>
                            </node>
                          </node>
                        </node>
                      </node>
                    </node>
                    <node id="node-Bone006" name="Bone006">
                      <matrix>0.196101 -3.63216e-8 0.9805839 0.2309459 -0.9789099 0.0584061 0.1957663 0.03429443 -0.05727207 -0.9982929 0.01145345 -0.0269171 0 0 0 1</matrix>
                      <node id="node-Bone007" name="Bone007">
                        <matrix>0.9117423 -0.01410428 0.4105207 0.04605401 0.01401884 0.9998967 0.00321851 7.45058e-9 -0.4105236 0.002820568 0.9118455 0 0 0 0 1</matrix>
                        <node id="node-Bone008" name="Bone008">
                          <matrix>0.9392016 0.1158516 0.3232316 0.0475558 -0.1007923 0.9929103 -0.06300741 3.72529e-9 -0.3282395 0.02659744 0.9442203 0 0 0 0 1</matrix>
                          <node id="node-Bone009" name="Bone009">
                            <matrix>0.9081649 5.73516e-4 0.4186127 0.05169487 -3.70689e-4 0.9999998 -5.65727e-4 1.11759e-8 -0.4186128 3.58586e-4 0.9081649 -1.19209e-7 0 0 0 1</matrix>
                            <node id="node-Bone010" name="Bone010">
                              <matrix>0.9252816 -0.277404 0.2586522 0.06606328 0.1212467 0.8625092 0.4913011 -8.56817e-8 -0.3593791 -0.4232312 0.8316981 1.19209e-7 0 0 0 1</matrix>
                              <node id="node-Bone011" name="Bone011">
                                <matrix>0.9589168 -0.2158548 -0.1840784 0.06010842 0.2631018 0.4340237 0.8616267 5.96046e-8 -0.1060916 -0.8746601 0.4729845 0 0 0 0 1</matrix>
                                <node id="node-Bone012" name="Bone012">
                                  <matrix>0.966953 -0.1915677 -0.1682376 0.05975711 0.2547094 0.7547973 0.6044863 8.34465e-7 0.01118527 -0.6273614 0.7786477 -1.78814e-7 0 0 0 1</matrix>
                                  <node id="node-Bone013" name="Bone013">
                                    <matrix>0.8543545 -0.001355797 -0.5196888 0.05263495 0.002830315 0.999994 0.002043992 -5.96046e-8 0.5196829 -0.003217161 0.8543532 2.38419e-7 0 0 0 1</matrix>
                                  </node>
                                </node>
                              </node>
                            </node>
                          </node>
                        </node>
                      </node>
                    </node>
                    <node id="node-Bone021" name="Bone021">
                      <matrix>0.4470657 -1.45286e-7 0.8945011 0.2271245 -0.8945012 6.32461e-6 0.4470657 0.05075836 -5.70761e-6 -1 2.69152e-6 1.19209e-7 0 0 0 1</matrix>
                      <node id="node-Bone022" name="Bone022">
                        <matrix>0.906424 4.99515e-6 0.4223689 0.03557786 -5.62239e-6 1 2.44938e-7 -1.49012e-8 -0.4223688 -2.59094e-6 0.906424 0 0 0 0 1</matrix>
                        <node id="node-Bone023" name="Bone023">
                          <matrix>0.9613261 -9.49949e-7 0.2754122 0.04570842 9.16421e-7 1 2.61702e-7 -3.72529e-9 -0.2754122 1.86265e-9 0.9613261 0 0 0 0 1</matrix>
                          <node id="node-Bone024" name="Bone024">
                            <matrix>0.8313264 -1.69501e-6 0.5557857 0.05609787 1.1865e-6 1 1.2712e-6 3.72529e-9 -0.5557857 -3.94881e-7 0.8313264 -2.14577e-6 0 0 0 1</matrix>
                            <node id="node-Bone025" name="Bone025">
                              <matrix>0.9055953 0 0.4241419 0.06339741 -1.86265e-9 0.9999999 -2.32831e-9 1.11759e-8 -0.424142 1.92085e-9 0.9055953 7.15256e-7 0 0 0 1</matrix>
                              <node id="node-Bone026" name="Bone026">
                                <matrix>0.9644743 1.10548e-5 0.2641778 0.06756556 -9.16421e-7 1 -3.84906e-5 3.72529e-9 -0.2641777 3.68915e-5 0.9644741 8.64267e-7 0 0 0 1</matrix>
                                <node id="node-Bone027" name="Bone027">
                                  <matrix>0.9817942 -1.13621e-6 -0.1899466 0.07909274 9.83104e-6 1 4.48292e-5 3.72529e-9 0.1899466 -4.58788e-5 0.9817942 -5.36442e-7 0 0 0 1</matrix>
                                  <node id="node-Bone028" name="Bone028">
                                    <matrix>0.9998927 2.0545e-6 0.01466203 0.07343233 -1.90549e-6 1 -1.0374e-5 7.45058e-9 -0.01466203 1.03423e-5 0.9998927 5.96046e-8 0 0 0 1</matrix>
                                  </node>
                                </node>
                              </node>
                            </node>
                          </node>
                        </node>
                      </node>
                    </node>
                    <node id="node-Bone029" name="Bone029">
                      <matrix>0.1961011 -8.9407e-8 0.9805839 0.2309458 -0.97891 -0.05839983 0.1957664 0.03429437 0.05726586 -0.9982934 -0.01145235 0.02691686 0 0 0 1</matrix>
                      <node id="node-Bone030" name="Bone030">
                        <matrix>0.9117724 0.01410465 0.4104536 0.04605377 -0.01401944 0.9998964 -0.003217552 -6.70552e-8 -0.4104564 -0.002820645 0.9118758 -3.93391e-6 0 0 0 1</matrix>
                        <node id="node-Bone031" name="Bone031">
                          <matrix>0.9391772 -0.1158523 0.3233028 0.04755461 0.1007911 0.9929108 0.06300677 1.49012e-8 -0.3283099 -0.02658846 0.9441957 2.38419e-7 0 0 0 1</matrix>
                          <node id="node-Bone032" name="Bone032">
                            <matrix>0.9038531 0.04105057 0.4258696 0.05169499 -0.02617574 0.9988273 -0.04072464 0 -0.427042 0.02566159 0.903868 1.19209e-7 0 0 0 1</matrix>
                            <node id="node-Bone033" name="Bone033">
                              <matrix>0.9352224 0.2103268 0.2848186 0.06606317 -0.09208228 0.92124 -0.3779384 7.45058e-9 -0.3418767 0.3272297 0.8809316 0 0 0 0 1</matrix>
                              <node id="node-Bone034" name="Bone034">
                                <matrix>0.9540271 0.2209558 -0.2025129 0.0601095 -0.2726005 0.3588102 -0.8927174 2.98023e-8 -0.124587 0.9068816 0.4025472 2.98023e-8 0 0 0 1</matrix>
                                <node id="node-Bone035" name="Bone035">
                                  <matrix>0.9640255 0.184163 -0.1916738 0.05975628 -0.262284 0.7761135 -0.573458 -5.96046e-8 0.04315062 0.603101 0.7964969 -5.96046e-8 0 0 0 1</matrix>
                                  <node id="node-Bone036" name="Bone036">
                                    <matrix>0.8694143 0.01521914 -0.4938493 0.05263555 -0.02966284 0.9993308 -0.0214242 2.98023e-8 0.4931928 0.03327534 0.8692835 0 0 0 0 1</matrix>
                                  </node>
                                </node>
                              </node>
                            </node>
                          </node>
                        </node>
                      </node>
                    </node>
                    <node id="node-Bone037" name="Bone037">
                      <matrix>-0.03296211 1.60187e-7 0.9994565 0.2221859 -0.9989802 -0.03087517 -0.03294635 0.004512489 0.03085839 -0.9995234 0.001017871 0.0577458 0 0 0 1</matrix>
                      <node id="node-Bone038" name="Bone038">
                        <matrix>0.8929764 -0.1232729 0.4328945 0.04459453 0.1165006 0.9922913 0.04225146 5.96046e-8 -0.434766 0.01270289 0.9004541 -1.19209e-7 0 0 0 1</matrix>
                        <node id="node-Bone039" name="Bone039">
                          <matrix>0.8104644 -0.3801516 0.4456805 0.05171025 0.2161753 0.9012179 0.3755988 0 -0.5444399 -0.2080643 0.8125845 -1.78814e-6 0 0 0 1</matrix>
                          <node id="node-Bone040" name="Bone040">
                            <matrix>0.9648311 -0.1429276 0.2206183 0.06625342 0.07894537 0.9580725 0.2754363 -5.96046e-8 -0.2507357 -0.2483328 0.9356616 4.47035e-8 0 0 0 1</matrix>
                            <node id="node-Bone041" name="Bone041">
                              <matrix>0.9759557 0.1838065 -0.1171584 0.07592785 -0.2160679 0.7449556 -0.6311548 2.38419e-7 -0.0287326 0.6412934 0.766758 1.49012e-8 0 0 0 1</matrix>
                              <node id="node-Bone042" name="Bone042">
                                <matrix>0.9450258 0.2399527 -0.2221449 0.05424118 -0.3174697 0.8360454 -0.4474815 1.86265e-8 0.07834877 0.4934064 0.8662629 2.98023e-7 0 0 0 1</matrix>
                                <node id="node-Bone043" name="Bone043">
                                  <matrix>0.7633408 0.4381691 -0.4746784 0.1070514 -0.4467451 -0.1726973 -0.8778356 -2.98023e-8 -0.4666157 0.8821477 0.06392273 -1.49012e-8 0 0 0 1</matrix>
                                </node>
                              </node>
                            </node>
                          </node>
                        </node>
                      </node>
                    </node>
                    <node id="node-Bone055" name="Bone055">
                      <matrix>-0.09140575 1.86265e-7 0.9958143 0.2017385 -0.9919923 -0.08752595 -0.09105498 0.01348102 0.08715953 -0.9961622 0.00800057 0.06964706 0 0 0 1</matrix>
                      <node id="node-Bone056" name="Bone056">
                        <matrix>0.7861557 -0.1194354 0.6063782 0.07249784 0.08782188 0.9927816 0.08168433 3.57628e-7 -0.6117568 -0.01096336 0.7909699 0 0 0 0 1</matrix>
                        <node id="node-Bone057" name="Bone057">
                          <matrix>0.9220535 0.282224 0.2648901 0.062585 -0.1853494 0.9227367 -0.3379383 -3.20375e-7 -0.3397979 0.2625 0.9031228 1.19209e-7 0 0 0 1</matrix>
                          <node id="node-Bone058" name="Bone058">
                            <matrix>0.9331157 0.3402686 0.1162441 0.06108952 -0.172181 0.7066321 -0.6863126 2.98023e-8 -0.3156725 0.6203942 0.717957 1.19209e-7 0 0 0 1</matrix>
                            <node id="node-Bone059" name="Bone059">
                              <matrix>0.9435687 -0.2433106 -0.2246737 0.07517004 0.2279499 -0.01498592 0.9735573 5.96046e-8 -0.2402438 -0.9698328 0.04132229 0 0 0 0 1</matrix>
                              <node id="node-Bone060" name="Bone060">
                                <matrix>0.8586496 -0.1722087 -0.4827678 0.08048642 0.465779 0.6552851 0.5946857 8.9407e-8 0.2139404 -0.7354897 0.6428716 -1.19209e-7 0 0 0 1</matrix>
                              </node>
                            </node>
                          </node>
                        </node>
                      </node>
                    </node>
                    <node id="node-Bone061" name="Bone061">
                      <matrix>-0.2765531 5.96046e-7 0.9609985 0.1766738 -0.937687 -0.2189246 -0.2698442 0.0138644 0.2103862 -0.975742 0.06054477 0.08004999 0 0 0 1</matrix>
                      <node id="node-Bone062" name="Bone062">
                        <matrix>0.8800435 0.03148923 0.4738474 0.06630647 -0.02342635 0.999463 -0.02291049 5.96046e-8 -0.4743145 0.009061761 0.8803088 -1.78814e-6 0 0 0 1</matrix>
                        <node id="node-Bone063" name="Bone063">
                          <matrix>0.8984271 0.4092896 0.1590954 0.055776 -0.2856669 0.8199128 -0.4961224 -2.98023e-8 -0.3335019 0.4002815 0.8535522 0 0 0 0 1</matrix>
                          <node id="node-Bone064" name="Bone064">
                            <matrix>0.8136281 0.4382423 -0.3820377 0.05538893 -0.1488503 -0.4781921 -0.8655491 -1.19209e-7 -0.562008 0.7611018 -0.3238379 -2.98023e-8 0 0 0 1</matrix>
                            <node id="node-Bone065" name="Bone065">
                              <matrix>0.8752898 0.08609422 -0.4758735 0.05682147 -0.3054108 0.8613696 -0.4059147 1.49012e-8 0.374956 0.5006299 0.7802421 1.19209e-7 0 0 0 1</matrix>
                            </node>
                          </node>
                        </node>
                      </node>
                    </node>
                    <node id="node-Bone077" name="Bone077">
                      <matrix>-0.01158968 6.25849e-7 0.9999329 0.1375992 -0.872439 -0.488619 -0.01011169 0.03142536 0.4885861 -0.8724976 0.005663481 0.05968319 0 0 0 1</matrix>
                      <node id="node-Bone078" name="Bone078">
                        <matrix>0.7043357 -0.4953953 0.5084244 0.06178033 0.3977997 0.868649 0.2953046 4.76837e-7 -0.5879345 -0.005742427 0.8088886 4.37498e-5 0 0 0 1</matrix>
                        <node id="node-Bone079" name="Bone079">
                          <matrix>0.7459561 -0.6548734 0.1212058 0.1102704 0.4237671 0.6071161 0.6721835 -1.49012e-8 -0.5137812 -0.4500563 0.7303956 2.38419e-7 0 0 0 1</matrix>
                          <node id="node-Bone080" name="Bone080">
                            <matrix>0.8926533 0.2532577 0.3728679 0.1663148 -0.1483835 0.9462286 -0.2874602 0 -0.4256199 0.2012751 0.8822338 2.98023e-8 0 0 0 1</matrix>
                            <node id="node-Bone081" name="Bone081">
                              <matrix>0.9320753 0.1246798 -0.340132 0.137991 -0.1721553 -0.673667 -0.7187042 0 -0.3187434 0.7284417 -0.6064443 2.98023e-8 0 0 0 1</matrix>
                            </node>
                          </node>
                        </node>
                      </node>
                    </node>
                    <node id="node-Bone066" name="Bone066">
                      <matrix>-0.2908011 -2.83122e-7 0.9567835 0.1378932 -0.9335831 0.2188804 -0.2837496 0.009998918 -0.2094211 -0.9757516 -0.06365091 -0.07983375 0 0 0 1</matrix>
                      <node id="node-Bone067" name="Bone067">
                        <matrix>0.7965989 0.4133027 0.4411483 0.081056 -0.3324228 0.9090159 -0.2513689 -4.47035e-8 -0.5049019 0.05359241 0.8615118 -3.21865e-6 0 0 0 1</matrix>
                        <node id="node-Bone068" name="Bone068">
                          <matrix>0.9018514 0.4028897 0.1560252 0.06413412 -0.2337511 0.7587149 -0.6080389 -2.23517e-7 -0.3633517 0.51189 0.7784242 2.38419e-7 0 0 0 1</matrix>
                          <node id="node-Bone069" name="Bone069">
                            <matrix>0.9998949 0.01424569 0.002566911 0.08350682 -0.01418543 0.9996533 -0.02217162 -5.96046e-8 -0.002882019 0.02213266 0.9997507 1.49012e-8 0 0 0 1</matrix>
                            <node id="node-Bone070" name="Bone070">
                              <matrix>0.9643174 -0.1502272 0.2179987 0.08289552 0.09696242 0.9666111 0.237196 0 -0.2463528 -0.2075951 0.9466861 0 0 0 0 1</matrix>
                              <node id="node-Bone071" name="Bone071">
                                <matrix>0.9585639 -0.1121205 0.2618873 0.06400192 0.03549376 0.9591346 0.2807152 0 -0.2826594 -0.2597879 0.9233712 -1.49012e-8 0 0 0 1</matrix>
                                <node id="node-Bone072" name="Bone072">
                                  <matrix>0.9640762 -0.03288284 -0.2635827 0.07497585 0.2330033 -0.3717678 0.8986086 1.49012e-8 -0.1275404 -0.9277431 -0.3507507 -5.96046e-8 0 0 0 1</matrix>
                                </node>
                              </node>
                            </node>
                          </node>
                        </node>
                      </node>
                    </node>
                    <node id="node-Bone073" name="Bone073">
                      <matrix>-0.2925557 1.45286e-7 0.9562489 0.0924896 -0.954704 0.0568094 -0.2920833 -0.0307889 -0.05432393 -0.9983849 -0.01661977 -0.07006145 0 0 0 1</matrix>
                      <node id="node-Bone074" name="Bone074">
                        <matrix>0.6387707 0.4660808 0.6121606 0.0586164 -0.2161334 0.8722982 -0.4386137 1.49012e-8 -0.7384158 0.1478651 0.657934 1.19209e-7 0 0 0 1</matrix>
                        <node id="node-Bone075" name="Bone075">
                          <matrix>0.9669389 -0.2549824 -0.003659785 0.08270764 0.2245849 0.8446918 0.4858574 0 -0.1207936 -0.4706161 0.8740308 -5.96046e-8 0 0 0 1</matrix>
                          <node id="node-Bone076" name="Bone076">
                            <matrix>0.9027886 -0.3799326 -0.2015529 0.1038884 0.1286855 -0.2085411 0.9695106 0 -0.4103808 -0.9011999 -0.1393765 -1.3411e-7 0 0 0 1</matrix>
                          </node>
                        </node>
                      </node>
                    </node>
                    <node id="node-Bone082" name="Bone082">
                      <matrix>-0.3110903 3.1665e-7 0.9503804 0.09530377 -0.9488456 -0.05680679 -0.310588 -0.03142178 0.05398794 -0.9983853 0.01767235 0.06847607 0 0 0 1</matrix>
                      <node id="node-Bone083" name="Bone083">
                        <matrix>0.6710566 -0.4341134 0.6010227 0.05861521 0.1827009 0.8824792 0.4334168 2.08616e-7 -0.7185423 -0.1810399 0.6715065 4.76837e-6 0 0 0 1</matrix>
                        <node id="node-Bone084" name="Bone084">
                          <matrix>0.979442 0.1983213 0.03691369 0.08271182 -0.1548231 0.8563238 -0.492687 0 -0.1293203 0.4768434 0.869424 1.78814e-7 0 0 0 1</matrix>
                          <node id="node-Bone085" name="Bone085">
                            <matrix>0.9224285 0.3760583 -0.08778422 0.1038884 -0.1378096 0.1082106 -0.9845293 -1.3411e-7 -0.3607413 0.9202554 0.151641 -1.63913e-7 0 0 0 1</matrix>
                            <node id="node-Bone086" name="Bone086">
                              <matrix>0.9832618 0.04322934 -0.1769952 0.1096958 -0.1237181 0.8715612 -0.4744205 2.38419e-7 0.1337534 0.4883773 0.8623211 5.96046e-8 0 0 0 1</matrix>
                            </node>
                          </node>
                        </node>
                      </node>
                    </node>
                  </node>
                </node>
                <node id="node-Bip001_backpack_01" name="Bip001_backpack_01">
                  <matrix sid="matrix">-0.9792179 0.2028019 -0.0019788 0.2016006 -0.2027961 -0.979217 -0.002801877 -0.08787806 -0.002505928 -0.002342446 0.9999942 4.32134e-7 0 0 0 1</matrix>
                  <node id="node-Bip001_rope_01" name="Bip001_rope_01">
                    <matrix sid="matrix">0.9945753 0.001509584 -0.1040042 0.4240948 0.01764452 -0.9878517 0.1543935 0.08793791 -0.1025077 -0.1553911 -0.98252 0.09921911 0 0 0 1</matrix>
                    <node id="node-Bip001_rope_02" name="Bip001_rope_02">
                      <matrix sid="matrix">0.9993811 -0.02325743 0.02639263 0.09589994 -0.02437364 -0.9987867 0.04279091 8.33869e-5 0.02536541 -0.04340781 -0.9987355 3.63588e-6 0 0 0 1</matrix>
                      <node id="node-Bip001_rope_03" name="Bip001_rope_03">
                        <matrix sid="matrix">0.9984597 -0.04565974 -0.03152194 0.1048737 0.03999326 0.9860583 -0.1615222 -1.02341e-4 0.03845752 0.1600127 0.9863655 -0.001042612 0 0 0 1</matrix>
                      </node>
                    </node>
                  </node>
                  <node id="node-Bip001_Xtra17" name="Bip001_Xtra17">
                    <matrix>-0.04419936 -0.7063961 -0.7064352 0.1551489 0.9990225 -0.03164934 -0.03085798 0.112457 -5.60258e-4 -0.7071087 0.7071046 6.88285e-5 0 0 0 1</matrix>
                    <node id="node-Bip001_Xtra18" name="Bip001_Xtra18">
                      <matrix>0.9999999 -2.98023e-8 2.6077e-8 0.02474692 -3.72529e-9 1 2.68221e-7 -2.25306e-5 -2.23517e-8 -2.98023e-7 1 0 0 0 0 1</matrix>
                    </node>
                    <node id="node-Bip001_Xtra19" name="Bip001_Xtra19">
                      <matrix>0.9999994 -7.96326e-4 7.98557e-4 0.02904582 -7.96381e-4 -0.9999998 -1.46031e-6 0.02995092 7.98564e-4 8.04663e-7 -0.9999998 -7.48634e-5 0 0 0 1</matrix>
                    </node>
                    <node id="node-Bip001_Xtra20" name="Bip001_Xtra20">
                      <matrix>0.9999917 -0.003981296 7.88841e-4 0.02889752 0.003981318 0.999992 6.28829e-6 -0.03234428 -7.88927e-4 -3.09944e-6 0.9999996 -7.51019e-5 0 0 0 1</matrix>
                    </node>
                  </node>
                  <node id="node-Bip001_Xtra01" name="Bip001_Xtra01">
                    <matrix sid="matrix">0.9980923 -0.06089209 0.01018672 0.2139947 0.06087955 0.9981439 0.001538836 0.05374005 -0.01026152 -9.15677e-4 0.9999469 0.1710363 0 0 0 1</matrix>
                  </node>
                  <node id="node-Bip001_Xtra01Opp" name="Bip001_Xtra01Opp">
                    <matrix sid="matrix">0.9982423 -0.05840913 0.01002973 0.2139944 0.05839636 0.9982923 0.001561825 0.05373994 -0.01010385 -9.73345e-4 0.9999485 -0.1722647 0 0 0 1</matrix>
                  </node>
                </node>
                <node id="node-Bip001_L_Clavicle" name="Bip001_L_Clavicle">
                  <matrix sid="matrix">-0.1281997 -7.44641e-4 0.9917481 0.1406264 -0.3513237 -0.9351175 -0.04611644 0.02467194 0.9274355 -0.3543367 0.1196203 0.05035807 0 0 0 1</matrix>
                  <node id="node-Bip001_L_UpperArm" name="Bip001_L_UpperArm">
                    <matrix sid="matrix">-0.5227116 0.5887904 0.6165211 0.17644 -0.8518754 -0.3886339 -0.351101 0 0.03287613 -0.7087238 0.7047197 0 0 0 0 1</matrix>
                    <node id="node-Bip001_L_Forearm" name="Bip001_L_Forearm">
                      <matrix sid="matrix">0.9120519 0.4100751 0 0.302225 -0.4100751 0.9120519 -2.98023e-8 0 -2.98023e-8 8.9407e-8 1 1.19209e-7 0 0 0 1</matrix>
                      <node id="node-Bip001_L_Hand" name="Bip001_L_Hand">
                        <matrix sid="matrix">0.9935942 0.1066474 0.03737761 0.3035219 0.1100154 -0.8372326 -0.535666 0 -0.02583361 0.5363469 -0.8436023 0 0 0 0 1</matrix>
                        <node id="node-Bip001_L_Finger0" name="Bip001_L_Finger0">
                          <matrix sid="matrix">0.8354492 0.4604252 0.3000544 0.01779091 0.3495961 -0.02397896 -0.9365934 0.01367187 -0.4240369 0.8873737 -0.1809963 -0.02770388 0 0 0 1</matrix>
                          <node id="node-Bip001_L_Finger01" name="Bip001_L_Finger01">
                            <matrix sid="matrix">0.9287671 -0.3497777 -0.1226678 0.05085611 0.3430288 0.9364775 -0.07308383 -7.45058e-9 0.1404387 0.02579927 0.9897532 0 0 0 0 1</matrix>
                            <node id="node-Bip001_L_Finger02" name="Bip001_L_Finger02">
                              <matrix sid="matrix">0.8725142 -0.4767998 -0.106681 0.03437006 0.4679506 0.8782853 -0.09816784 0 0.1405028 0.03573126 0.9894353 5.96046e-8 0 0 0 1</matrix>
                            </node>
                          </node>
                        </node>
                        <node id="node-Bip001_L_Finger1" name="Bip001_L_Finger1">
                          <matrix sid="matrix">0.7886922 -0.5762146 0.214338 0.08567607 0.6147271 0.7342129 -0.2881702 -0.005999565 0.0086779 0.3590368 0.9332827 -0.02973533 0 0 0 1</matrix>
                          <node id="node-Bip001_L_Finger11" name="Bip001_L_Finger11">
                            <matrix sid="matrix">0.8078932 -0.5892419 -0.01013756 0.05795383 0.5828137 0.7962924 0.1620093 -2.98023e-8 -0.08739018 -0.1367945 0.9867373 5.96046e-8 0 0 0 1</matrix>
                            <node id="node-Bip001_L_Finger12" name="Bip001_L_Finger12">
                              <matrix sid="matrix">0.8562499 -0.5165448 0.004223168 0.0328511 0.5091164 0.8452625 0.162271 0 -0.08738993 -0.1367944 0.9867372 -5.96046e-8 0 0 0 1</matrix>
                            </node>
                          </node>
                        </node>
                        <node id="node-Bip001_L_Finger2" name="Bip001_L_Finger2">
                          <matrix sid="matrix">0.7575087 -0.6503618 0.05666201 0.09032297 0.6520033 0.7493406 -0.1156754 -0.01052237 0.03277099 0.1245687 0.9916695 -0.005256653 0 0 0 1</matrix>
                          <node id="node-Bip001_L_Finger21" name="Bip001_L_Finger21">
                            <matrix sid="matrix">0.7803397 -0.625356 0 0.05795407 0.625356 0.7803398 0 -2.98023e-8 -8.9407e-8 0 1 5.96046e-8 0 0 0 1</matrix>
                            <node id="node-Bip001_L_Finger22" name="Bip001_L_Finger22">
                              <matrix sid="matrix">0.8672533 -0.497867 0 0.04148114 0.4978672 0.8672533 1.49012e-8 0 4.47035e-8 -2.98023e-8 0.9999999 -5.96046e-8 0 0 0 1</matrix>
                            </node>
                          </node>
                        </node>
                        <node id="node-Bip001_L_Finger3" name="Bip001_L_Finger3">
                          <matrix sid="matrix">0.6588647 -0.7330016 -0.1691309 0.08558691 0.7520027 0.6476731 0.122525 -0.009840488 0.01973006 -0.2079143 0.9779481 0.02070284 0 0 0 1</matrix>
                          <node id="node-Bip001_L_Finger31" name="Bip001_L_Finger31">
                            <matrix sid="matrix">0.9187069 -0.3920387 -0.04778469 0.05795395 0.3915159 0.9199486 -0.02024175 0 0.05189505 -1.12262e-4 0.9986526 -5.96046e-8 0 0 0 1</matrix>
                            <node id="node-Bip001_L_Finger32" name="Bip001_L_Finger32">
                              <matrix sid="matrix">0.8818927 -0.4692124 -0.04588044 0.03192687 0.4685852 0.8830854 -0.02425081 0 0.05189505 -1.12265e-4 0.9986526 5.96046e-8 0 0 0 1</matrix>
                            </node>
                          </node>
                        </node>
                        <node id="node-Bip001_L_Finger4" name="Bip001_L_Finger4">
                          <matrix sid="matrix">0.5801266 -0.729174 -0.3629862 0.08973396 0.8131452 0.5443939 0.205986 -0.004827023 0.04740804 -0.4146576 0.9087421 0.04668492 0 0 0 1</matrix>
                          <node id="node-Bip001_L_Finger41" name="Bip001_L_Finger41">
                            <matrix sid="matrix">0.9220994 -0.3869532 2.98023e-8 0.03496802 0.3869532 0.9220994 7.45058e-9 0 2.98023e-8 1.86265e-8 1 0 0 0 0 1</matrix>
                            <node id="node-Bip001_L_Finger42" name="Bip001_L_Finger42">
                              <matrix sid="matrix">0.9601682 -0.2794223 -5.96046e-8 0.02205014 0.2794223 0.9601683 -1.49012e-8 -5.96046e-8 0 4.47035e-8 1 -5.96046e-8 0 0 0 1</matrix>
                            </node>
                          </node>
                        </node>
                      </node>
                    </node>
                  </node>
                </node>
                <node id="node-Bip001_R_Clavicle" name="Bip001_R_Clavicle">
                  <matrix sid="matrix">-0.3068429 -7.85321e-4 -0.9517598 0.1406265 -0.1572329 -0.9862176 0.05150488 0.02467224 -0.9386827 0.1654519 0.3024903 -0.05035794 0 0 0 1</matrix>
                  <node id="node-Bip001_R_UpperArm" name="Bip001_R_UpperArm">
                    <matrix sid="matrix">-0.3016489 0.8434132 -0.4445923 0.17644 -0.9349039 -0.3531151 -0.03555897 0 -0.1869832 0.4049248 0.8950271 1.19209e-7 0 0 0 1</matrix>
                    <node id="node-Bip001_R_Forearm" name="Bip001_R_Forearm">
                      <matrix sid="matrix">0.8402029 0.5422722 2.98023e-8 0.302225 -0.5422722 0.8402029 2.98023e-8 -5.96046e-8 -2.98023e-8 7.45058e-9 1 0 0 0 0 1</matrix>
                      <node id="node-Bip001_R_Hand" name="Bip001_R_Hand">
                        <matrix sid="matrix">0.9426785 0.01568689 0.3333336 0.3035218 0.1499391 -0.9122946 -0.3810996 5.96046e-8 0.2981201 0.4092341 -0.8623525 1.19209e-7 0 0 0 1</matrix>
                        <node id="node-Bip001_R_Finger0" name="Bip001_R_Finger0">
                          <matrix sid="matrix">0.8037893 0.4602644 -0.3769333 0.01779103 0.5107171 -0.2089089 0.8339811 0.01367196 0.305108 -0.8628511 -0.4029841 0.02770388 0 0 0 1</matrix>
                          <node id="node-Bip001_R_Finger01" name="Bip001_R_Finger01">
                            <matrix sid="matrix">0.8362541 -0.5468487 0.04044589 0.05085599 0.5191394 0.8133111 0.2627153 0 -0.1765606 -0.1986997 0.9640254 0 0 0 0 1</matrix>
                            <node id="node-Bip001_R_Finger02" name="Bip001_R_Finger02">
                              <matrix sid="matrix">0.7565628 -0.6539197 -0.001300871 0.03436995 0.6290388 0.7272301 0.274675 0 -0.1786693 -0.2086273 0.9615362 -1.19209e-7 0 0 0 1</matrix>
                            </node>
                          </node>
                        </node>
                        <node id="node-Bip001_R_Finger1" name="Bip001_R_Finger1">
                          <matrix>0.9940404 0.0446602 -0.09943953 0.08567595 -0.0058436 0.9327438 0.360492 -0.005999625 0.1088515 -0.3577623 0.9274464 0.02973521 0 0 0 1</matrix>
                          <node id="node-Bip001_R_Finger11" name="Bip001_R_Finger11">
                            <matrix>0.6196442 -0.7742288 -0.1288839 0.05795395 0.7718646 0.6308783 -0.07885128 -1.19209e-7 0.1423589 -0.05062118 0.9885198 0 0 0 0 1</matrix>
                            <node id="node-Bip001_R_Finger12" name="Bip001_R_Finger12">
                              <matrix>0.1646769 -0.9770169 -0.1353495 0.03285098 0.982299 0.1748698 -0.0671497 1.19209e-7 0.08927491 -0.1218956 0.9885197 0 0 0 0 1</matrix>
                            </node>
                          </node>
                        </node>
                        <node id="node-Bip001_R_Finger2" name="Bip001_R_Finger2">
                          <matrix>0.894393 -0.399474 0.2012011 0.09032297 0.4087132 0.9126502 -0.004815574 -0.01052216 -0.1817017 0.08654092 0.979538 0.005256653 0 0 0 1</matrix>
                          <node id="node-Bip001_R_Finger21" name="Bip001_R_Finger21">
                            <matrix>-0.2901331 -0.9545648 0.06803808 0.05795389 0.9472036 -0.2965803 -0.1218422 5.96046e-8 0.136485 0.02909546 0.9902148 1.19209e-7 0 0 0 1</matrix>
                            <node id="node-Bip001_R_Finger22" name="Bip001_R_Finger22">
                              <matrix>0.4759743 -0.8781219 0.0484845 0.04148102 0.8746051 0.4668429 -0.1308588 -5.96046e-8 0.09227537 0.1046902 0.9902148 0 0 0 0 1</matrix>
                            </node>
                          </node>
                        </node>
                        <node id="node-Bip001_R_Finger3" name="Bip001_R_Finger3">
