<?xml version="1.0" encoding="utf-8"?>
<COLLADA xmlns="http://www.collada.org/2005/11/COLLADASchema" version="1.4.1">
  <asset>
    <contributor>
      <author>Setsu</author>
      <authoring_tool>OpenCOLLADA for 3ds Max;  Version: 1.3.1;  Revision: 847M;  Platform: x64;  Configuration: Release_Max2012_static</authoring_tool>
      <source_data>file:///D:/_Work/webgl/models/man/animation/gun/draw_wpn_gun.max</source_data>
    </contributor>
    <created>2012-09-04T13:52:45</created>
    <modified>2012-09-04T13:52:45</modified>
    <unit name="meter" meter="1"/>
    <up_axis>Z_UP</up_axis>
  </asset>
  <library_lights>
    <light id="EnvironmentAmbientLight" name="EnvironmentAmbientLight">
      <technique_common>
        <ambient>
          <color>0.019608 0.019608 0.019608</color>
        </ambient>
      </technique_common>
    </light>
  </library_lights>
  <library_visual_scenes>
    <visual_scene id="MaxScene">
      <node name="EnvironmentAmbientLight">
        <instance_light url="#EnvironmentAmbientLight"/>
      </node>
      <node id="node-Bip001" name="Bip001">
        <matrix sid="matrix">-0.5723473 0.8200113 -3.72529e-9 -0.0364531 -0.8198809 -0.5722563 -0.01783047 -0.009825243 -0.01462119 -0.01020522 0.999841 0.9622645 0 0 0 1</matrix>
        <node id="node-Bip001_Pelvis" name="Bip001_Pelvis">
          <matrix sid="matrix">-0.04494381 0.9659261 0.2548857 -0.02786902 -0.1344771 -0.258671 0.9565591 2.08616e-6 0.9898969 0.008715119 0.1415206 -4.07517e-4 0 0 0 1</matrix>
          <node id="node-Bip001_Spine" name="Bip001_Spine">
            <matrix sid="matrix">0.9368743 -0.1882151 -0.2946893 0.1045137 0.1483528 0.9771161 -0.1524318 0.01650908 0.3166356 0.09909137 0.9433571 0.01917554 0 0 0 1</matrix>
            <node id="node-Bip001_Spine1" name="Bip001_Spine1">
              <matrix sid="matrix">0.9964871 0.06361256 -0.05446748 0.1646256 -0.06511073 0.9975343 -0.02618686 -1.30773e-4 0.05266738 0.02964129 0.998172 -3.9041e-6 0 0 0 1</matrix>
              <node id="node-Bip001_Spine2" name="Bip001_Spine2">
                <matrix sid="matrix">0.9553794 -0.2953403 0.004934117 0.1646727 0.295376 0.9551265 -0.0220586 -1.25222e-4 0.001802117 0.02253173 0.9997446 -2.92063e-6 0 0 0 1</matrix>
                <node id="node-Bip001_Neck" name="Bip001_Neck">
                  <matrix sid="matrix">0.9157373 -0.3938699 -0.07931912 0.174386 0.3872278 0.9178525 -0.08718625 -0.007498264 0.1071433 0.04912513 0.9930292 -3.01003e-6 0 0 0 1</matrix>
                  <node id="node-Bip001_Head" name="Bip001_Head">
                    <matrix sid="matrix">0.9750084 -0.03038129 -0.2200804 0.08447981 -0.08505982 0.8640784 -0.4961181 0.03011227 0.2052395 0.5024394 0.8398995 8.9407e-8 0 0 0 1</matrix>
                    <node id="node-Bip001_AngryBrowR" name="Bip001_AngryBrowR">
                      <matrix>0.0018121 -0.9852681 0.1710073 0.1354002 0.9995395 -0.003395736 -0.03015608 0.1043411 0.0302925 0.1709832 0.9848081 -0.01978299 0 0 0 1</matrix>
                    </node>
                    <node id="node-Bip001_SillyBrowL" name="Bip001_SillyBrowL">
                      <matrix>-0.004057288 -0.9597188 -0.2809329 0.1346171 0.78679 0.1703332 -0.5932521 0.08548462 0.6172074 -0.2234422 0.754406 0.05988091 0 0 0 1</matrix>
                    </node>
                    <node id="node-Bip001_SillyBrowR" name="Bip001_SillyBrowR">
                      <matrix>-0.004056931 -0.9597204 0.2809277 0.1346171 0.7867937 0.1703287 0.5932485 0.08548492 -0.6172028 0.2234389 0.7544109 -0.05988043 0 0 0 1</matrix>
                    </node>
                    <node id="node-Bip001_jaw" name="Bip001_jaw">
                      <matrix>0.3710407 -0.9275407 -0.04469158 0.07394207 0.8026185 0.3445303 -0.4869317 0.01053739 0.4670465 0.1448012 0.8722959 -1.20569e-5 0 0 0 1</matrix>
                      <node id="node-Bip001_lowerLipL" name="Bip001_lowerLipL">
                        <matrix>-0.8336916 -0.3554322 -0.4226423 0.107451 0.3746175 -0.9263141 0.04004893 -0.03483582 -0.4057342 -0.1249408 0.9054112 0.009654522 0 0 0 1</matrix>
                      </node>
                      <node id="node-Bip001_lowerLipR" name="Bip001_lowerLipR">
                        <matrix>0.7819584 1.83284e-6 -0.6233305 0.1074493 -0.6233305 -3.99351e-6 -0.7819584 -0.03484023 -3.8892e-6 1 -2.05636e-6 -0.009658992 0 0 0 1</matrix>
                      </node>
                    </node>
                    <node id="node-Bip001_upperLipL" name="Bip001_upperLipL">
                      <matrix>1.19209e-7 -6.46245e-6 -0.9999999 0.04530883 1 3.11527e-6 2.38419e-7 0.1161029 3.14415e-6 -1 6.40564e-6 0.009555258 0 0 0 1</matrix>
                    </node>
                    <node id="node-Bip001_upperLipR" name="Bip001_upperLipR">
                      <matrix>1.19209e-7 -1.20159e-5 0.9999999 0.04530883 1 -2.42982e-6 -2.68221e-7 0.1161031 2.40281e-6 1 1.19526e-5 -0.0095546 0 0 0 1</matrix>
                    </node>
                    <node id="node-Bip001_AngryBrowL" name="Bip001_AngryBrowL">
                      <matrix>0.001812011 -0.9852672 -0.1710128 0.1354003 0.9995396 -0.003394902 0.03015059 0.104341 -0.03028696 -0.1709887 0.9848074 0.01978358 0 0 0 1</matrix>
                    </node>
                    <node id="node-Bone050" name="Bone050">
                      <matrix>-0.2718078 -3.8743e-7 0.9623518 0.1766741 -0.9409113 0.2099089 -0.2657521 0.01386476 -0.202006 -0.977721 -0.05705522 -0.080042 0 0 0 1</matrix>
                      <node id="node-Bone051" name="Bone051">
                        <matrix>0.8727056 -0.06772891 0.4835261 0.06664181 0.04994021 0.9975203 0.04958954 0 -0.4856859 -0.01912963 0.8739239 0 0 0 0 1</matrix>
                        <node id="node-Bone052" name="Bone052">
                          <matrix>0.9062542 -0.3886849 0.1662162 0.05545188 0.271581 0.8366386 0.4756895 0 -0.323956 -0.3859544 0.8637663 0 0 0 0 1</matrix>
                          <node id="node-Bone053" name="Bone053">
                            <matrix>0.8183509 -0.4357321 -0.3747522 0.05517274 0.1430369 -0.4771262 0.8671162 -5.96046e-8 -0.5566342 -0.7632089 -0.3281313 0 0 0 0 1</matrix>
                            <node id="node-Bone054" name="Bone054">
                              <matrix>0.8138614 -0.1123603 -0.5700921 0.05649614 0.4602882 0.7234691 0.5145156 0 0.354633 -0.681151 0.6405218 5.96046e-8 0 0 0 1</matrix>
                            </node>
                          </node>
                        </node>
                      </node>
                    </node>
                    <node id="node-Bone044" name="Bone044">
                      <matrix>-0.09140617 -3.76254e-7 0.9958135 0.2017385 -0.9919919 0.08753212 -0.09105524 0.01348126 -0.08716562 -0.9961616 -0.008001352 -0.06964706 0 0 0 1</matrix>
                      <node id="node-Bone045" name="Bone045">
                        <matrix>0.7861626 0.1194515 0.6063657 0.07249844 -0.08783491 0.9927796 -0.08169394 2.68221e-7 -0.6117458 0.01096466 0.7909785 -1.43051e-6 0 0 0 1</matrix>
                        <node id="node-Bone046" name="Bone046">
                          <matrix>0.9278778 -0.2364843 0.2883031 0.06258808 0.1528029 0.9464128 0.2845247 -1.04308e-7 -0.3401393 -0.2199506 0.9142908 4.05312e-6 0 0 0 1</matrix>
                          <node id="node-Bone047" name="Bone047">
                            <matrix>0.9307665 -0.3523221 0.09768246 0.06108767 0.1767301 0.6674465 0.7233815 4.47035e-8 -0.3200614 -0.6560363 0.683503 -1.19209e-7 0 0 0 1</matrix>
                            <node id="node-Bone048" name="Bone048">
                              <matrix>0.9457324 0.2373301 -0.221957 0.07517123 -0.2279811 -0.002116323 -0.9736635 -1.19209e-7 -0.2315492 0.971427 0.05210525 0 0 0 0 1</matrix>
                              <node id="node-Bone049" name="Bone049">
                                <matrix>0.8586523 0.1722122 -0.4827631 0.08048499 -0.4657756 0.6552924 -0.5946811 -1.19209e-7 0.2139395 0.7354833 0.6428801 0 0 0 0 1</matrix>
                              </node>
                            </node>
                          </node>
                        </node>
                      </node>
                    </node>
                    <node id="node-Bone014" name="Bone014">
                      <matrix>-0.0286549 -2.90573e-7 0.999589 0.2221859 -0.9993564 0.02160657 -0.02864823 0.004512787 -0.02159768 -0.9997667 -6.19426e-4 -0.05774582 0 0 0 1</matrix>
                      <node id="node-Bone015" name="Bone015">
                        <matrix>0.8968285 0.1569262 0.4136094 0.04459417 -0.1405922 0.9876004 -0.06985629 3.35276e-8 -0.4194429 0.004498862 0.907771 -3.8147e-6 0 0 0 1</matrix>
                        <node id="node-Bone016" name="Bone016">
                          <matrix>0.8073792 0.3848706 0.4472287 0.05171204 -0.2289694 0.9029424 -0.3636864 1.49012e-7 -0.5437936 0.1912311 0.8171406 2.38419e-7 0 0 0 1</matrix>
                          <node id="node-Bone017" name="Bone017">
                            <matrix>0.9567487 0.1163465 0.2666372 0.06625265 -0.06016745 0.9758647 -0.209923 0 -0.2846259 0.1848008 0.9406573 0 0 0 0 1</matrix>
                            <node id="node-Bone018" name="Bone018">
                              <matrix>0.9759619 -0.1837635 -0.1171753 0.07592648 0.2160518 0.7450927 0.6309978 5.96046e-8 -0.02864771 -0.641146 0.7668843 -4.52995e-6 0 0 0 1</matrix>
                              <node id="node-Bone019" name="Bone019">
                                <matrix>0.9469508 -0.1838325 -0.2636099 0.05424261 0.2948284 0.8233756 0.4849015 -5.96046e-8 0.1279092 -0.5368977 0.8338951 0 0 0 0 1</matrix>
                                <node id="node-Bone020" name="Bone020">
                                  <matrix>0.7088869 -0.5135252 -0.4834986 0.1070501 0.4797028 -0.1515179 0.8642495 -5.96046e-8 -0.5170729 -0.8445907 0.1389304 0 0 0 0 1</matrix>
                                </node>
                              </node>
                            </node>
                          </node>
                        </node>
                      </node>
                    </node>
                    <node id="node-Bone006" name="Bone006">
                      <matrix>0.1961011 -3.35276e-8 0.9805838 0.2309458 -0.97891 0.05840609 0.1957663 0.03429437 -0.05727208 -0.9982929 0.01145345 -0.0269171 0 0 0 1</matrix>
                      <node id="node-Bone007" name="Bone007">
                        <matrix>0.9117423 -0.01410428 0.4105207 0.04605401 0.01401885 0.9998968 0.003218509 0 -0.4105235 0.002820566 0.9118454 0 0 0 0 1</matrix>
                        <node id="node-Bone008" name="Bone008">
                          <matrix>0.9392015 0.1158517 0.3232318 0.04755569 -0.1007923 0.9929104 -0.06300744 1.49012e-8 -0.3282396 0.02659745 0.9442204 0 0 0 0 1</matrix>
                          <node id="node-Bone009" name="Bone009">
                            <matrix>0.9081647 5.73458e-4 0.4186127 0.05169478 -3.70683e-4 1 -5.6573e-4 0 -0.4186128 3.586e-4 0.9081649 -1.19209e-7 0 0 0 1</matrix>
                            <node id="node-Bone010" name="Bone010">
                              <matrix>0.9252817 -0.277404 0.2586524 0.0660634 0.1212467 0.8625093 0.4913011 -6.70552e-8 -0.3593791 -0.4232312 0.8316981 2.38419e-7 0 0 0 1</matrix>
                              <node id="node-Bone011" name="Bone011">
                                <matrix>0.9589168 -0.2158549 -0.1840784 0.06010842 0.2631019 0.4340237 0.8616268 5.96046e-8 -0.1060919 -0.8746601 0.4729845 0 0 0 0 1</matrix>
                                <node id="node-Bone012" name="Bone012">
                                  <matrix>0.9669532 -0.1915677 -0.1682376 0.05975723 0.2547094 0.7547973 0.6044864 9.53674e-7 0.01118524 -0.6273613 0.7786477 -1.49012e-7 0 0 0 1</matrix>
                                  <node id="node-Bone013" name="Bone013">
                                    <matrix>0.8543546 -0.001355767 -0.5196889 0.05263507 0.002830327 0.9999942 0.00204397 -1.19209e-7 0.519683 -0.003217191 0.8543534 4.17233e-7 0 0 0 1</matrix>
                                  </node>
                                </node>
                              </node>
                            </node>
                          </node>
                        </node>
                      </node>
                    </node>
                    <node id="node-Bone021" name="Bone021">
                      <matrix>0.4470656 -1.43424e-7 0.894501 0.2271242 -0.8945011 6.32461e-6 0.4470656 0.05075824 -5.72205e-6 -0.9999999 2.69734e-6 1.15484e-7 0 0 0 1</matrix>
                      <node id="node-Bone022" name="Bone022">
                        <matrix>0.9064241 4.99189e-6 0.4223689 0.03557777 -5.61588e-6 1 2.42144e-7 -9.31323e-9 -0.4223688 -2.59164e-6 0.9064241 -5.96046e-8 0 0 0 1</matrix>
                        <node id="node-Bone023" name="Bone023">
                          <matrix>0.9613261 -9.53674e-7 0.2754122 0.04570854 9.18284e-7 1 2.61702e-7 -5.58794e-9 -0.2754122 -1.86265e-9 0.961326 0 0 0 0 1</matrix>
                          <node id="node-Bone024" name="Bone024">
                            <matrix>0.8313264 -1.69501e-6 0.5557857 0.05609787 1.19366e-6 1 1.27219e-6 1.30385e-8 -0.5557857 -3.97675e-7 0.8313264 -2.02656e-6 0 0 0 1</matrix>
                            <node id="node-Bone025" name="Bone025">
                              <matrix>0.9055952 1.10595e-9 0.424142 0.0633975 3.25963e-9 1 3.72529e-9 7.45058e-9 -0.424142 1.86265e-9 0.9055953 5.96046e-7 0 0 0 1</matrix>
                              <node id="node-Bone026" name="Bone026">
                                <matrix>0.9644743 1.10557e-5 0.2641778 0.06756556 -9.20147e-7 1 -3.8499e-5 7.45058e-9 -0.2641778 3.6886e-5 0.9644743 9.53674e-7 0 0 0 1</matrix>
                                <node id="node-Bone027" name="Bone027">
                                  <matrix>0.9817943 -1.13994e-6 -0.1899466 0.07909274 9.8357e-6 1 4.48264e-5 5.58794e-9 0.1899465 -4.58807e-5 0.9817942 -4.76837e-7 0 0 0 1</matrix>
                                  <node id="node-Bone028" name="Bone028">
                                    <matrix>0.9998927 2.05263e-6 0.014662 0.07343221 -1.91201e-6 1 -1.03693e-5 5.58794e-9 -0.01466209 1.03395e-5 0.9998927 0 0 0 0 1</matrix>
                                  </node>
                                </node>
                              </node>
                            </node>
                          </node>
                        </node>
                      </node>
                    </node>
                    <node id="node-Bone029" name="Bone029">
                      <matrix>0.1961011 -1.00583e-7 0.9805838 0.2309459 -0.97891 -0.05839982 0.1957663 0.03429425 0.05726586 -0.9982932 -0.01145235 0.02691686 0 0 0 1</matrix>
                      <node id="node-Bone030" name="Bone030">
                        <matrix>0.9117724 0.01410466 0.4104535 0.04605377 -0.01401946 0.9998965 -0.003217554 -7.45058e-8 -0.4104565 -0.002820665 0.9118758 -3.8147e-6 0 0 0 1</matrix>
                        <node id="node-Bone031" name="Bone031">
                          <matrix>0.9391772 -0.1158523 0.3233027 0.04755461 0.1007911 0.9929109 0.06300678 1.49012e-8 -0.3283098 -0.02658845 0.9441957 1.19209e-7 0 0 0 1</matrix>
                          <node id="node-Bone032" name="Bone032">
                            <matrix>0.9038532 0.04105057 0.4258696 0.05169514 -0.02617575 0.9988273 -0.04072463 0 -0.4270421 0.02566157 0.903868 1.19209e-7 0 0 0 1</matrix>
                            <node id="node-Bone033" name="Bone033">
                              <matrix>0.9352224 0.2103268 0.2848186 0.06606314 -0.0920823 0.9212398 -0.3779384 0 -0.3418767 0.3272296 0.8809316 -1.19209e-7 0 0 0 1</matrix>
                              <node id="node-Bone034" name="Bone034">
                                <matrix>0.9540268 0.2209558 -0.202513 0.06010938 -0.2726004 0.3588101 -0.8927172 0 -0.1245871 0.9068814 0.402547 0 0 0 0 1</matrix>
                                <node id="node-Bone035" name="Bone035">
                                  <matrix>0.9640255 0.1841629 -0.1916736 0.0597564 -0.262284 0.7761135 -0.5734578 -1.19209e-7 0.04315062 0.603101 0.7964969 -5.96046e-8 0 0 0 1</matrix>
                                  <node id="node-Bone036" name="Bone036">
                                    <matrix>0.8694143 0.01521927 -0.4938492 0.05263555 -0.02966279 0.9993309 -0.02142417 0 0.4931929 0.03327526 0.8692835 -1.49012e-8 0 0 0 1</matrix>
                                  </node>
                                </node>
                              </node>
                            </node>
                          </node>
                        </node>
                      </node>
                    </node>
                    <node id="node-Bone037" name="Bone037">
                      <matrix>-0.03296205 1.7439e-7 0.9994565 0.2221859 -0.99898 -0.03087517 -0.03294641 0.00451231 0.03085839 -0.9995234 0.001017874 0.05774581 0 0 0 1</matrix>
                      <node id="node-Bone038" name="Bone038">
                        <matrix>0.8929764 -0.1232729 0.4328945 0.04459441 0.1165006 0.9922913 0.04225145 5.12227e-8 -0.434766 0.01270289 0.9004542 0 0 0 0 1</matrix>
                        <node id="node-Bone039" name="Bone039">
                          <matrix>0.8104644 -0.3801517 0.4456805 0.05171019 0.2161753 0.9012179 0.3755989 2.23517e-8 -0.5444399 -0.2080643 0.8125845 -1.66893e-6 0 0 0 1</matrix>
                          <node id="node-Bone040" name="Bone040">
                            <matrix>0.9648311 -0.1429275 0.2206182 0.06625342 0.07894535 0.9580725 0.2754363 -5.96046e-8 -0.2507357 -0.2483327 0.9356616 -1.19209e-7 0 0 0 1</matrix>
                            <node id="node-Bone041" name="Bone041">
                              <matrix>0.9759558 0.1838065 -0.1171584 0.07592785 -0.2160679 0.7449556 -0.6311549 2.38419e-7 -0.02873263 0.6412933 0.7667581 0 0 0 0 1</matrix>
                              <node id="node-Bone042" name="Bone042">
                                <matrix>0.9450259 0.2399527 -0.2221449 0.05424112 -0.3174697 0.8360455 -0.4474816 2.98023e-8 0.07834883 0.4934064 0.8662628 2.38419e-7 0 0 0 1</matrix>
                                <node id="node-Bone043" name="Bone043">
                                  <matrix>0.7633407 0.4381691 -0.4746784 0.1070514 -0.4467452 -0.1726973 -0.8778358 0 -0.4666159 0.8821476 0.06392276 1.19209e-7 0 0 0 1</matrix>
                                </node>
                              </node>
                            </node>
                          </node>
                        </node>
                      </node>
                    </node>
                    <node id="node-Bone055" name="Bone055">
                      <matrix>-0.09140572 1.86265e-7 0.9958142 0.2017385 -0.9919921 -0.08752595 -0.09105489 0.0134809 0.08715952 -0.9961622 0.00800056 0.06964707 0 0 0 1</matrix>
                      <node id="node-Bone056" name="Bone056">
                        <matrix>0.7861558 -0.1194354 0.6063782 0.07249784 0.08782188 0.9927816 0.08168433 3.57628e-7 -0.6117569 -0.01096335 0.7909698 1.19209e-7 0 0 0 1</matrix>
                        <node id="node-Bone057" name="Bone057">
                          <matrix>0.9220536 0.2822241 0.2648901 0.06258498 -0.1853493 0.9227368 -0.3379383 -3.20375e-7 -0.3397979 0.2625 0.9031228 2.38419e-7 0 0 0 1</matrix>
                          <node id="node-Bone058" name="Bone058">
                            <matrix>0.9331157 0.3402687 0.1162442 0.06108952 -0.1721811 0.7066321 -0.6863127 2.98023e-8 -0.3156724 0.6203942 0.717957 1.19209e-7 0 0 0 1</matrix>
                            <node id="node-Bone059" name="Bone059">
                              <matrix>0.9435686 -0.2433106 -0.2246736 0.07516992 0.2279499 -0.0149859 0.9735571 1.19209e-7 -0.2402438 -0.9698329 0.04132226 5.96046e-8 0 0 0 1</matrix>
                              <node id="node-Bone060" name="Bone060">
                                <matrix>0.8586497 -0.1722088 -0.4827677 0.08048636 0.465779 0.655285 0.5946857 5.96046e-8 0.2139404 -0.7354897 0.6428716 -1.19209e-7 0 0 0 1</matrix>
                              </node>
                            </node>
                          </node>
                        </node>
                      </node>
                    </node>
                    <node id="node-Bone061" name="Bone061">
                      <matrix>-0.2765531 5.96046e-7 0.9609984 0.1766737 -0.9376868 -0.2189246 -0.2698442 0.0138644 0.2103861 -0.9757421 0.06054477 0.08004998 0 0 0 1</matrix>
                      <node id="node-Bone062" name="Bone062">
                        <matrix>0.8800435 0.03148925 0.4738473 0.06630623 -0.02342632 0.9994628 -0.02291052 4.47035e-8 -0.4743144 0.009061754 0.8803087 -1.78814e-6 0 0 0 1</matrix>
                        <node id="node-Bone063" name="Bone063">
                          <matrix>0.8984271 0.4092896 0.1590954 0.05577615 -0.2856669 0.8199126 -0.4961224 0 -0.3335019 0.4002815 0.8535522 0 0 0 0 1</matrix>
                          <node id="node-Bone064" name="Bone064">
                            <matrix>0.813628 0.4382423 -0.3820377 0.05538905 -0.1488503 -0.4781921 -0.8655491 0 -0.562008 0.7611018 -0.3238379 0 0 0 0 1</matrix>
                            <node id="node-Bone065" name="Bone065">
                              <matrix>0.8752896 0.08609419 -0.4758736 0.05682135 -0.3054109 0.8613695 -0.4059146 0 0.374956 0.5006298 0.7802421 5.96046e-8 0 0 0 1</matrix>
                            </node>
                          </node>
                        </node>
                      </node>
                    </node>
                    <node id="node-Bone077" name="Bone077">
                      <matrix>-0.01158962 6.70552e-7 0.9999328 0.1375992 -0.8724388 -0.488619 -0.0101116 0.03142524 0.4885862 -0.8724976 0.005663475 0.0596832 0 0 0 1</matrix>
                      <node id="node-Bone078" name="Bone078">
                        <matrix>0.7043356 -0.4953953 0.5084244 0.06178039 0.3977997 0.8686489 0.2953045 5.06639e-7 -0.5879346 -0.005742449 0.8088884 4.37498e-5 0 0 0 1</matrix>
                        <node id="node-Bone079" name="Bone079">
                          <matrix>0.7459558 -0.6548733 0.1212058 0.1102705 0.423767 0.6071163 0.6721835 0 -0.5137812 -0.4500563 0.7303956 1.19209e-7 0 0 0 1</matrix>
                          <node id="node-Bone080" name="Bone080">
                            <matrix>0.8926533 0.2532578 0.372868 0.1663148 -0.1483835 0.9462287 -0.2874602 5.96046e-8 -0.4256199 0.2012751 0.8822339 1.19209e-7 0 0 0 1</matrix>
                            <node id="node-Bone081" name="Bone081">
                              <matrix>0.9320753 0.1246797 -0.3401321 0.137991 -0.1721553 -0.673667 -0.7187042 0 -0.3187435 0.7284418 -0.6064442 0 0 0 0 1</matrix>
                            </node>
                          </node>
                        </node>
                      </node>
                    </node>
                    <node id="node-Bone066" name="Bone066">
                      <matrix>-0.290801 -3.27826e-7 0.9567833 0.1378931 -0.9335831 0.2188804 -0.2837496 0.009998798 -0.2094211 -0.9757516 -0.06365093 -0.07983373 0 0 0 1</matrix>
                      <node id="node-Bone067" name="Bone067">
                        <matrix>0.7965988 0.4133026 0.4411482 0.081056 -0.3324228 0.9090158 -0.2513689 -1.49012e-8 -0.5049019 0.05359242 0.8615116 -3.09944e-6 0 0 0 1</matrix>
                        <node id="node-Bone068" name="Bone068">
                          <matrix>0.9018514 0.4028898 0.1560252 0.06413402 -0.2337512 0.7587149 -0.6080389 -2.08616e-7 -0.3633517 0.5118901 0.7784243 2.38419e-7 0 0 0 1</matrix>
                          <node id="node-Bone069" name="Bone069">
                            <matrix>0.9998949 0.01424575 0.002566919 0.08350694 -0.01418538 0.9996532 -0.0221715 0 -0.002881959 0.02213275 0.9997508 1.19209e-7 0 0 0 1</matrix>
                            <node id="node-Bone070" name="Bone070">
                              <matrix>0.9643174 -0.1502271 0.2179987 0.08289564 0.09696239 0.9666111 0.237196 0 -0.2463529 -0.2075952 0.9466861 1.19209e-7 0 0 0 1</matrix>
                              <node id="node-Bone071" name="Bone071">
                                <matrix>0.9585638 -0.1121204 0.2618873 0.06400186 0.03549376 0.9591346 0.2807153 0 -0.2826594 -0.2597879 0.9233712 0 0 0 0 1</matrix>
                                <node id="node-Bone072" name="Bone072">
                                  <matrix>0.9640762 -0.0328829 -0.2635827 0.07497585 0.2330033 -0.3717678 0.8986087 0 -0.1275406 -0.9277431 -0.3507508 0 0 0 0 1</matrix>
                                </node>
                              </node>
                            </node>
                          </node>
                        </node>
                      </node>
                    </node>
                    <node id="node-Bone073" name="Bone073">
                      <matrix>-0.2925556 1.52737e-7 0.9562488 0.0924896 -0.9547038 0.05680939 -0.2920833 -0.0307889 -0.05432393 -0.9983848 -0.01661977 -0.07006144 0 0 0 1</matrix>
                      <node id="node-Bone074" name="Bone074">
                        <matrix>0.6387706 0.4660808 0.6121606 0.05861646 -0.2161335 0.8722984 -0.4386137 7.45058e-9 -0.7384158 0.147865 0.657934 1.19209e-7 0 0 0 1</matrix>
                        <node id="node-Bone075" name="Bone075">
                          <matrix>0.9669391 -0.2549824 -0.003659785 0.08270764 0.2245849 0.8446918 0.4858575 0 -0.1207937 -0.4706161 0.8740308 -1.19209e-7 0 0 0 1</matrix>
                          <node id="node-Bone076" name="Bone076">
                            <matrix>0.9027886 -0.3799326 -0.201553 0.1038884 0.1286856 -0.2085411 0.9695106 0 -0.4103808 -0.9011999 -0.1393766 0 0 0 0 1</matrix>
                          </node>
                        </node>
                      </node>
                    </node>
                    <node id="node-Bone082" name="Bone082">
                      <matrix>-0.3110904 3.22238e-7 0.9503802 0.09530377 -0.9488456 -0.05680678 -0.310588 -0.03142178 0.05398793 -0.9983853 0.01767234 0.06847607 0 0 0 1</matrix>
                      <node id="node-Bone083" name="Bone083">
                        <matrix>0.6710567 -0.4341136 0.6010228 0.05861515 0.182701 0.8824794 0.4334169 2.16067e-7 -0.7185423 -0.18104 0.6715066 4.76837e-6 0 0 0 1</matrix>
                        <node id="node-Bone084" name="Bone084">
                          <matrix>0.9794419 0.1983213 0.03691362 0.08271176 -0.1548231 0.8563237 -0.492687 0 -0.1293202 0.4768433 0.8694238 1.19209e-7 0 0 0 1</matrix>
                          <node id="node-Bone085" name="Bone085">
                            <matrix>0.9224286 0.3760583 -0.08778423 0.1038884 -0.1378097 0.1082106 -0.9845294 -1.2666e-7 -0.3607414 0.9202556 0.151641 -1.19209e-7 0 0 0 1</matrix>
                            <node id="node-Bone086" name="Bone086">
                              <matrix>0.9832616 0.04322943 -0.1769953 0.1096957 -0.123718 0.8715612 -0.4744205 1.19209e-7 0.1337534 0.4883772 0.8623211 4.47035e-8 0 0 0 1</matrix>
                            </node>
                          </node>
                        </node>
                      </node>
                    </node>
                  </node>
                </node>
                <node id="node-Bip001_backpack_01" name="Bip001_backpack_01">
                  <matrix>-0.9792178 0.2028019 -0.00197877 0.2016007 -0.2027962 -0.979217 -0.002801903 -0.08787805 -0.002505943 -0.002342336 0.9999942 4.47035e-7 0 0 0 1</matrix>
                  <node id="node-Bip001_rope_01" name="Bip001_rope_01">
                    <matrix sid="matrix">0.7911106 -0.5706267 0.2202927 0.4241384 -0.5960025 -0.8001149 0.0678041 0.08792359 0.1375686 -0.1849354 -0.9730746 0.09922132 0 0 0 1</matrix>
                    <node id="node-Bip001_rope_02" name="Bip001_rope_02">
                      <matrix>0.9993809 -0.02325742 0.02639288 0.09589994 -0.02437363 -0.9987866 0.04279101 8.33869e-5 0.02536566 -0.0434079 -0.9987353 3.64333e-6 0 0 0 1</matrix>
                      <node id="node-Bip001_rope_03" name="Bip001_rope_03">
                        <matrix>0.9984596 -0.04565973 -0.03152195 0.1048737 0.03999325 0.9860582 -0.1615223 -1.02341e-4 0.03845753 0.1600128 0.9863654 -0.001042634 0 0 0 1</matrix>
                      </node>
                    </node>
                  </node>
                  <node id="node-Bip001_Xtra17" name="Bip001_Xtra17">
                    <matrix>-0.04419938 -0.7063963 -0.7064353 0.1551489 0.9990226 -0.03164935 -0.03085791 0.112457 -5.60299e-4 -0.7071087 0.7071046 6.88136e-5 0 0 0 1</matrix>
                    <node id="node-Bip001_Xtra18" name="Bip001_Xtra18">
                      <matrix>1 -2.98023e-8 -4.47035e-8 0.02474689 -2.98023e-8 1 2.98023e-7 -2.2471e-5 -2.98023e-8 -3.27826e-7 0.9999999 -5.96046e-8 0 0 0 1</matrix>
                    </node>
                    <node id="node-Bip001_Xtra19" name="Bip001_Xtra19">
                      <matrix>0.9999995 -7.96288e-4 7.98613e-4 0.02904582 -7.96407e-4 -0.9999998 -1.49012e-6 0.02995086 7.98509e-4 8.9407e-7 -0.9999998 -7.48634e-5 0 0 0 1</matrix>
                    </node>
                    <node id="node-Bip001_Xtra20" name="Bip001_Xtra20">
                      <matrix>0.9999918 -0.003981382 7.88838e-4 0.02889752 0.003981292 0.9999921 6.28829e-6 -0.03234422 -7.88867e-4 -3.18885e-6 0.9999996 -7.50422e-5 0 0 0 1</matrix>
                    </node>
                  </node>
                  <node id="node-Bip001_Xtra01" name="Bip001_Xtra01">
                    <matrix>0.9980924 -0.06089205 0.01018675 0.2139945 0.0608795 0.998144 0.001538858 0.05374008 -0.01026152 -9.15736e-4 0.9999468 0.1710362 0 0 0 1</matrix>
                  </node>
                  <node id="node-Bip001_Xtra01Opp" name="Bip001_Xtra01Opp">
                    <matrix>0.9982424 -0.05840912 0.01002978 0.2139944 0.05839634 0.9982924 0.001561865 0.05373991 -0.01010391 -9.73418e-4 0.9999486 -0.1722647 0 0 0 1</matrix>
                  </node>
                </node>
                <node id="node-Bip001_L_Clavicle" name="Bip001_L_Clavicle">
                  <matrix sid="matrix">-0.1281998 -7.44671e-4 0.9917481 0.1406268 -0.3513237 -0.9351176 -0.04611647 0.02467197 0.9274355 -0.3543367 0.1196202 0.05035807 0 0 0 1</matrix>
                  <node id="node-Bip001_L_UpperArm" name="Bip001_L_UpperArm">
                    <matrix sid="matrix">0.02878889 0.9976948 0.06145158 0.17644 -0.760704 0.06174933 -0.6461551 0 -0.64846 -0.02814435 0.7607281 1.19209e-7 0 0 0 1</matrix>
                    <node id="node-Bip001_L_Forearm" name="Bip001_L_Forearm">
                      <matrix sid="matrix">0.7403263 0.6722476 0 0.3022249 -0.6722475 0.7403264 7.45058e-9 0 0 0 1 0 0 0 0 1</matrix>
                      <node id="node-Bip001_L_Hand" name="Bip001_L_Hand">
                        <matrix sid="matrix">0.9935147 0.1068601 0.03885216 0.3035221 0.1108783 -0.8348094 -0.539258 5.96046e-8 -0.02519102 0.5400686 -0.841244 -5.96046e-8 0 0 0 1</matrix>
                        <node id="node-Bip001_L_Finger0" name="Bip001_L_Finger0">
                          <matrix sid="matrix">0.8356916 0.4604326 0.2993668 0.017791 0.3488943 -0.02411996 -0.9368514 0.01367193 -0.4241371 0.887366 -0.1807995 -0.02770385 0 0 0 1</matrix>
                          <node id="node-Bip001_L_Finger01" name="Bip001_L_Finger01">
                            <matrix sid="matrix">0.9286612 -0.3498309 -0.1233151 0.05085602 0.3430109 0.9364538 -0.07346761 -2.98023e-8 0.1411802 0.02592811 0.9896444 5.96046e-8 0 0 0 1</matrix>
                            <node id="node-Bip001_L_Finger02" name="Bip001_L_Finger02">
                              <matrix sid="matrix">0.8724154 -0.4768488 -0.107269 0.03436998 0.4679118 0.8782534 -0.09863717 0 0.1412443 0.03586012 0.989325 5.96046e-8 0 0 0 1</matrix>
                            </node>
                          </node>
                        </node>
                        <node id="node-Bip001_L_Finger1" name="Bip001_L_Finger1">
                          <matrix sid="matrix">0.7875988 -0.57778 0.214144 0.08567598 0.6161226 0.7333548 -0.2873731 -0.005999684 0.008994566 0.3582737 0.9335729 -0.02973518 0 0 0 1</matrix>
                          <node id="node-Bip001_L_Finger11" name="Bip001_L_Finger11">
                            <matrix sid="matrix">0.8068533 -0.5906615 -0.01033542 0.057954 0.5841656 0.7951301 0.1628453 0 -0.08796844 -0.1374298 0.9865974 0 0 0 0 1</matrix>
                            <node id="node-Bip001_L_Finger12" name="Bip001_L_Finger12">
                              <matrix sid="matrix">0.8553334 -0.5180618 0.004100013 0.03285098 0.5105551 0.8442304 0.1631211 5.96046e-8 -0.08796819 -0.1374296 0.9865975 2.98023e-8 0 0 0 1</matrix>
                            </node>
                          </node>
                        </node>
                        <node id="node-Bip001_L_Finger2" name="Bip001_L_Finger2">
                          <matrix sid="matrix">0.7565214 -0.6515098 0.056662 0.09032297 0.6531388 0.7483509 -0.1156754 -0.01052225 0.03295982 0.1245188 0.9916695 -0.005256623 0 0 0 1</matrix>
                          <node id="node-Bip001_L_Finger21" name="Bip001_L_Finger21">
                            <matrix sid="matrix">0.7793906 -0.6265384 -1.55705e-9 0.05795401 0.6265385 0.7793906 -3.72529e-9 5.96046e-8 1.11759e-8 -1.11759e-8 1 0 0 0 0 1</matrix>
                            <node id="node-Bip001_L_Finger22" name="Bip001_L_Finger22">
                              <matrix sid="matrix">0.8664973 -0.4991818 -3.72529e-9 0.04148096 0.4991818 0.8664974 1.11759e-8 0 -7.45058e-9 9.31323e-9 1 0 0 0 0 1</matrix>
                            </node>
                          </node>
                        </node>
                        <node id="node-Bip001_L_Finger3" name="Bip001_L_Finger3">
                          <matrix sid="matrix">0.6577246 -0.7339765 -0.1693397 0.08558697 0.7530012 0.6465461 0.1223438 -0.009840488 0.01968795 -0.2079815 0.9779348 0.02070287 0 0 0 1</matrix>
                          <node id="node-Bip001_L_Finger31" name="Bip001_L_Finger31">
                            <matrix sid="matrix">0.9186891 -0.3920493 -0.04803828 0.05795398 0.3915209 0.9199442 -0.02034949 -5.96046e-8 0.05217053 -1.13174e-4 0.9986383 -2.98023e-8 0 0 0 1</matrix>
                            <node id="node-Bip001_L_Finger32" name="Bip001_L_Finger32">
                              <matrix sid="matrix">0.8818747 -0.4692224 -0.04612377 0.03192699 0.4685886 0.88308 -0.02437976 5.96046e-8 0.05217049 -1.13152e-4 0.9986382 0 0 0 0 1</matrix>
                            </node>
                          </node>
                        </node>
                        <node id="node-Bip001_L_Finger4" name="Bip001_L_Finger4">
                          <matrix sid="matrix">0.5783079 -0.7306172 -0.3629863 0.08973402 0.8144989 0.5423661 0.2059859 -0.004826844 0.04637477 -0.4147746 0.9087421 0.04668486 0 0 0 1</matrix>
                          <node id="node-Bip001_L_Finger41" name="Bip001_L_Finger41">
                            <matrix sid="matrix">0.9224265 -0.3861728 0 0.03496802 0.3861728 0.9224265 -2.98023e-8 -5.96046e-8 0 2.98023e-8 1 -2.98023e-8 0 0 0 1</matrix>
                            <node id="node-Bip001_L_Finger42" name="Bip001_L_Finger42">
                              <matrix sid="matrix">0.9604045 -0.2786096 2.98023e-8 0.02205008 0.2786096 0.9604045 -2.98023e-8 0 -5.96046e-8 -2.98023e-8 1 0 0 0 0 1</matrix>
                            </node>
                          </node>
                        </node>
                      </node>
                    </node>
                  </node>
                </node>
                <node id="node-Bip001_R_Clavicle" name="Bip001_R_Clavicle">
                  <matrix sid="matrix">-0.3068428 -7.85321e-4 -0.9517598 0.1406267 -0.1572329 -0.9862175 0.05150485 0.02467227 -0.9386826 0.1654519 0.3024903 -0.05035797 0 0 0 1</matrix>
                  <node id="node-Bip001_R_UpperArm" name="Bip001_R_UpperArm">
                    <matrix sid="matrix">-0.07124516 0.996933 -0.03238648 0.17644 -0.8246661 -0.04060677 0.5641601 0 0.5611147 0.0669017 0.8250301 0 0 0 0 1</matrix>
                    <node id="node-Bip001_R_Forearm" name="Bip001_R_Forearm">
                      <matrix sid="matrix">0.7535139 0.6574321 -2.98023e-8 0.3022251 -0.657432 0.7535139 -1.11759e-8 2.23517e-8 -5.96046e-8 0 1 0 0 0 0 1</matrix>
                      <node id="node-Bip001_R_Hand" name="Bip001_R_Hand">
                        <matrix sid="matrix">0.9370065 -0.01708602 0.3488938 0.303522 0.2195794 -0.7479831 -0.6263434 -5.96046e-8 0.2716683 0.6634978 -0.6971133 -1.19209e-7 0 0 0 1</matrix>
                        <node id="node-Bip001_R_Finger0" name="Bip001_R_Finger0">
                          <matrix sid="matrix">0.8037892 0.4602646 -0.3769333 0.01779103 0.5107171 -0.2089089 0.8339812 0.01367195 0.3051082 -0.8628511 -0.4029841 0.02770388 0 0 0 1</matrix>
                          <node id="node-Bip001_R_Finger01" name="Bip001_R_Finger01">
                            <matrix sid="matrix">0.8362535 -0.546849 0.04044588 0.05085599 0.5191398 0.8133107 0.2627152 0 -0.1765606 -0.1986996 0.9640252 5.96046e-8 0 0 0 1</matrix>
                            <node id="node-Bip001_R_Finger02" name="Bip001_R_Finger02">
                              <matrix sid="matrix">0.7565629 -0.6539196 -0.001300767 0.03437006 0.6290387 0.7272303 0.2746751 5.96046e-8 -0.1786695 -0.2086272 0.9615362 0 0 0 0 1</matrix>
                            </node>
                          </node>
                        </node>
                        <node id="node-Bip001_R_Finger1" name="Bip001_R_Finger1">
                          <matrix sid="matrix">0.9940405 0.04466007 -0.09943965 0.08567607 -0.005843479 0.9327438 0.3604919 -0.005999699 0.1088515 -0.3577622 0.9274466 0.02973515 0 0 0 1</matrix>
                          <node id="node-Bip001_R_Finger11" name="Bip001_R_Finger11">
                            <matrix sid="matrix">0.6196443 -0.7742288 -0.1288837 0.05795392 0.7718645 0.6308783 -0.07885132 0 0.142359 -0.05062118 0.9885199 0 0 0 0 1</matrix>
                            <node id="node-Bip001_R_Finger12" name="Bip001_R_Finger12">
                              <matrix sid="matrix">0.1646769 -0.977017 -0.1353497 0.03285098 0.9822992 0.1748698 -0.06714976 5.96046e-8 0.08927485 -0.1218958 0.9885199 5.96046e-8 0 0 0 1</matrix>
                            </node>
                          </node>
                        </node>
                        <node id="node-Bip001_R_Finger2" name="Bip001_R_Finger2">
                          <matrix sid="matrix">0.8943933 -0.3994737 0.2012011 0.09032291 0.4087129 0.9126505 -0.004815619 -0.01052216 -0.1817018 0.08654091 0.9795381 0.005256653 0 0 0 1</matrix>
                          <node id="node-Bip001_R_Finger21" name="Bip001_R_Finger21">
                            <matrix sid="matrix">-0.2901334 -0.9545645 0.06803817 0.05795401 0.9472036 -0.2965805 -0.1218422 0 0.136485 0.02909544 0.9902147 -5.96046e-8 0 0 0 1</matrix>
                            <node id="node-Bip001_R_Finger22" name="Bip001_R_Finger22">
                              <matrix sid="matrix">0.4759743 -0.8781217 0.04848454 0.04148102 0.8746049 0.4668429 -0.1308588 0 0.09227535 0.1046902 0.9902148 0 0 0 0 1</matrix>
                            </node>
                          </node>
                        </node>
                        <node id="node-Bip001_R_Finger3" name="Bip001_R_Finger3">
