<?xml version="1.0" encoding="utf-8"?>
<COLLADA xmlns="http://www.collada.org/2005/11/COLLADASchema" version="1.4.1">
  <asset>
    <contributor>
      <author>Setsu</author>
      <authoring_tool>OpenCOLLADA for 3ds Max;  Version: 1.3.1;  Revision: 847M;  Platform: x64;  Configuration: Release_Max2012_static</authoring_tool>
      <source_data>file:///D:/_Work/webgl/models/chr/man/Man04.max</source_data>
    </contributor>
    <created>2012-08-01T15:31:49</created>
    <modified>2012-08-01T15:31:49</modified>
    <unit name="meter" meter="1"/>
    <up_axis>Z_UP</up_axis>
  </asset>
  <library_lights>
    <light id="EnvironmentAmbientLight" name="EnvironmentAmbientLight">
      <technique_common>
        <ambient>
          <color>0 0 0</color>
        </ambient>
      </technique_common>
    </light>
  </library_lights>
  <library_visual_scenes>
    <visual_scene id="MaxScene">
      <node name="EnvironmentAmbientLight">
        <instance_light url="#EnvironmentAmbientLight"/>
      </node>
      <node id="node-Bip001" name="Bip001">
        <matrix sid="matrix">0.01380128 0.999176 0.03817119 -2.95573e-4 -0.8985803 0.02913845 -0.4378408 0.0514171 -0.4385922 -0.02825712 0.8982419 0.9742476 0 0 0 1</matrix>
        <node id="node-Bip001_Pelvis" name="Bip001_Pelvis">
          <matrix sid="matrix">-2.98023e-8 1 -1.38767e-6 0.03574178 -1.37836e-6 1.38581e-6 1 1.86265e-9 1 0 1.37836e-6 -5.96046e-8 0 0 0 1</matrix>
          <node id="node-Bip001_Spine" name="Bip001_Spine">
            <matrix sid="matrix">0.9968749 0.07490459 0.02509603 0.1340061 -0.07427269 0.9969188 -0.02523078 -0.01018852 -0.0269086 0.02328799 0.9993666 -2.8424e-6 0 0 0 1</matrix>
            <node id="node-Bip001_Spine1" name="Bip001_Spine1">
              <matrix sid="matrix">0.9970065 -0.03326607 0.06979546 0.1646383 0.03515139 0.9990447 -0.02595991 -1.30951e-4 -0.06886522 0.0283356 0.9972235 -3.71225e-6 0 0 0 1</matrix>
              <node id="node-Bip001_Spine2" name="Bip001_Spine2">
                <matrix sid="matrix">0.9897504 -0.141666 0.01802535 0.1646525 0.1421775 0.9893481 -0.03124235 -1.297e-4 -0.01340738 0.03348496 0.9993494 -4.39584e-6 0 0 0 1</matrix>
                <node id="node-Bip001_Neck" name="Bip001_Neck">
                  <matrix sid="matrix">0.9819833 0.1423384 -0.1242926 0.1734647 -0.1435159 0.9896478 -5.25555e-4 0.008662105 0.1229312 0.01835407 0.9922455 -1.17719e-6 0 0 0 1</matrix>
                  <node id="node-Bip001_Head" name="Bip001_Head">
                    <matrix sid="matrix">0.9976987 0.0663459 0.01398645 0.08969498 -0.06746054 0.9920332 0.106392 0.03011221 -0.006816383 -0.1070908 0.9942259 8.19564e-8 0 0 0 1</matrix>
                    <node id="node-Bip001_jaw" name="Bip001_jaw">
                      <matrix sid="matrix">-0.59115 -0.8061391 -0.02610977 0.07425475 0.8065615 -0.5908155 -0.01989245 0.01103795 6.10026e-4 -0.03281853 0.9994611 2.75299e-6 0 0 0 1</matrix>
                      <node id="node-Bip001_lowerLipR" name="Bip001_lowerLipR">
                        <matrix sid="matrix">0.8623834 0.3869329 0.3264633 0.08244348 -0.3079407 0.9127674 -0.2683815 -0.02128065 -0.4018306 0.1309164 0.9063075 -3.05474e-6 0 0 0 1</matrix>
                      </node>
                      <node id="node-Bip001_lowerLipL" name="Bip001_lowerLipL">
                        <matrix sid="matrix">0.8623836 0.3869343 -0.3264606 0.08244336 -0.3079428 0.9127666 0.2683814 -0.02128065 0.4018283 -0.1309165 0.9063085 2.95043e-6 0 0 0 1</matrix>
                      </node>
                    </node>
                    <node id="node-Bip001_upperLipL" name="Bip001_upperLipL">
                      <matrix sid="matrix">0.3710407 -0.9275405 -0.04469161 0.04740703 0.8026184 0.3445304 -0.4869317 0.08842686 0.4670464 0.1448011 0.8722959 -3.25963e-6 0 0 0 1</matrix>
                    </node>
                    <node id="node-Bip001_upperLipR" name="Bip001_upperLipR">
                      <matrix sid="matrix">0.3739515 -0.9265977 0.03971416 0.04740703 0.8339912 0.3546937 0.4226713 0.08842659 -0.4057326 -0.1249373 0.9054124 3.15905e-6 0 0 0 1</matrix>
                    </node>
                    <node id="node-Bip001_angryR" name="Bip001_angryR">
                      <matrix sid="matrix">0.168946 -0.9854116 0.02052849 0.06820941 0.9721926 0.1700343 0.1610275 0.04324469 -0.1621689 -0.007247303 0.9867364 -0.0222199 0 0 0 1</matrix>
                    </node>
                    <node id="node-Bip001_angryL" name="Bip001_angryL">
                      <matrix sid="matrix">0.168946 -0.9854114 -0.02053397 0.06820929 0.9721918 0.1700352 -0.161032 0.04324457 0.1621743 0.007242773 0.9867356 0.02222014 0 0 0 1</matrix>
                    </node>
                    <node id="node-Bip001_AngryBrowR" name="Bip001_AngryBrowR">
                      <matrix sid="matrix">0.001812011 -0.9852682 0.1710073 0.1304631 0.9995395 -0.003395706 -0.03015608 0.05975324 0.03029251 0.1709832 0.9848081 -0.01978825 0 0 0 1</matrix>
                    </node>
                    <node id="node-Bip001_SillyBrowR" name="Bip001_SillyBrowR">
                      <matrix sid="matrix">-0.004056931 -0.9597204 0.2809277 0.1303947 0.7867937 0.1703287 0.5932484 0.05823782 -0.6172028 0.2234389 0.754411 -0.03225448 0 0 0 1</matrix>
                    </node>
                    <node id="node-Bip001_SillyBrowL" name="Bip001_SillyBrowL">
                      <matrix sid="matrix">-0.004057258 -0.9597188 -0.2809329 0.1303948 0.78679 0.1703331 -0.5932521 0.05823764 0.6172074 -0.2234422 0.7544061 0.03225481 0 0 0 1</matrix>
                    </node>
                    <node id="node-Bip001_AngryBrowL" name="Bip001_AngryBrowL">
                      <matrix sid="matrix">0.001812041 -0.9852673 -0.1710128 0.1304631 0.9995396 -0.003394932 0.0301506 0.05975312 -0.03028696 -0.1709887 0.9848075 0.01978859 0 0 0 1</matrix>
                    </node>
                  </node>
                </node>
                <node id="node-Bip001_L_Clavicle" name="Bip001_L_Clavicle">
                  <matrix sid="matrix">-0.05290087 -7.80523e-4 0.9985994 0.1455965 -0.1976913 -0.9801998 -0.01123881 0.01956415 0.9788359 -0.198009 0.05169913 0.03993303 0 0 0 1</matrix>
                  <node id="node-Bip001_L_UpperArm" name="Bip001_L_UpperArm">
                    <matrix sid="matrix">0.3027549 0.211583 0.9292856 0.17644 -0.2965612 0.9475552 -0.1191249 1.19209e-7 -0.9057542 -0.2395245 0.3496244 1.19209e-7 0 0 0 1</matrix>
                    <node id="node-Bip001_L_Forearm" name="Bip001_L_Forearm">
                      <matrix sid="matrix">0.1593515 0.9872221 0 0.3273242 -0.9872221 0.1593515 7.45058e-9 -1.49012e-8 -2.98023e-8 -2.98023e-8 1 -5.96046e-8 0 0 0 1</matrix>
                      <node id="node-Bip001_L_Hand" name="Bip001_L_Hand">
                        <matrix sid="matrix">0.9802367 -0.1308387 -0.1483816 0.277288 0.1286174 -0.1484024 0.9805276 -1.19209e-7 -0.1503111 -0.9802337 -0.1286413 0 0 0 0 1</matrix>
                        <node id="node-Bip001_L_Finger0" name="Bip001_L_Finger0">
                          <matrix>0.8194555 0.2627439 0.5093699 0.01901099 0.4916393 0.1345597 -0.8603393 0.01367193 -0.2945901 0.9554363 -0.0189099 -0.02770388 0 0 0 1</matrix>
                          <node id="node-Bip001_L_Finger01" name="Bip001_L_Finger01">
                            <matrix>0.8006949 -0.5990723 -1.86265e-8 0.06088196 0.5990722 0.8006948 7.45058e-9 1.19209e-7 4.47035e-8 6.70552e-8 1 5.96046e-8 0 0 0 1</matrix>
                            <node id="node-Bip001_L_Finger02" name="Bip001_L_Finger02">
                              <matrix>0.6009942 -0.7992533 -1.49012e-8 0.03436989 0.7992533 0.6009943 2.98023e-8 -1.19209e-7 -3.72529e-8 5.21541e-8 0.9999999 0 0 0 0 1</matrix>
                            </node>
                          </node>
                        </node>
                        <node id="node-Bip001_L_Finger1" name="Bip001_L_Finger1">
                          <matrix>0.564418 -0.8027729 0.1923219 0.09155199 0.8199162 0.5181545 -0.2434207 -0.005999744 0.09575814 0.2950794 0.9506617 -0.02973521 0 0 0 1</matrix>
                          <node id="node-Bip001_L_Finger11" name="Bip001_L_Finger11">
                            <matrix>-0.2605842 -0.965451 -5.96046e-8 0.05795407 0.9654511 -0.2605842 -3.72529e-8 0 4.47035e-8 0 1 -5.96046e-8 0 0 0 1</matrix>
                            <node id="node-Bip001_L_Finger12" name="Bip001_L_Finger12">
                              <matrix>0.2195787 -0.9755948 1.49012e-8 0.035375 0.9755948 0.2195787 2.98023e-8 0 0 5.96046e-8 0.9999999 0 0 0 0 1</matrix>
                            </node>
                          </node>
                        </node>
                        <node id="node-Bip001_L_Finger2" name="Bip001_L_Finger2">
                          <matrix>0.2370726 -0.9714897 -0.001958132 0.09651798 0.9638035 0.2354486 -0.1250897 -0.01052219 0.1219843 0.02776808 0.9921433 -0.005256534 0 0 0 1</matrix>
                          <node id="node-Bip001_L_Finger21" name="Bip001_L_Finger21">
                            <matrix>-0.130229 -0.991484 0 0.05795395 0.991484 -0.130229 0 -2.98023e-8 2.98023e-8 0 1 0 0 0 0 1</matrix>
                            <node id="node-Bip001_L_Finger22" name="Bip001_L_Finger22">
                              <matrix>0.02384801 -0.9997157 2.98023e-8 0.03851894 0.9997156 0.02384804 0 0 0 2.98023e-8 1 0 0 0 0 1</matrix>
                            </node>
                          </node>
                        </node>
                        <node id="node-Bip001_L_Finger3" name="Bip001_L_Finger3">
                          <matrix>0.06406395 -0.9899735 -0.1258913 0.09635305 0.997128 0.06860678 -0.03208365 -0.009761035 0.04039817 -0.123474 0.9915251 0.02133179 0 0 0 1</matrix>
                          <node id="node-Bip001_L_Finger31" name="Bip001_L_Finger31">
                            <matrix>-0.1406705 -0.9900564 0 0.05795395 0.9900564 -0.1406705 0 2.98023e-8 2.98023e-8 -4.47035e-8 1 5.96046e-8 0 0 0 1</matrix>
                            <node id="node-Bip001_L_Finger32" name="Bip001_L_Finger32">
                              <matrix>-0.2247556 -0.9744152 0 0.02860999 0.9744152 -0.2247557 0 0 -3.72529e-9 0 1 1.19209e-7 0 0 0 1</matrix>
                            </node>
                          </node>
                        </node>
                        <node id="node-Bip001_L_Finger4" name="Bip001_L_Finger4">
                          <matrix>0.02553723 -0.9752799 -0.2194935 0.09354597 0.9981602 0.01279998 0.05926187 -0.00476259 -0.05498686 -0.2206027 0.9738128 0.04579484 0 0 0 1</matrix>
                          <node id="node-Bip001_L_Finger41" name="Bip001_L_Finger41">
                            <matrix>-0.1250334 -0.9921523 0 0.03496802 0.9921523 -0.1250334 0 2.98023e-8 -2.98023e-8 -7.45058e-9 1 0 0 0 0 1</matrix>
                            <node id="node-Bip001_L_Finger42" name="Bip001_L_Finger42">
                              <matrix>-0.0112282 -0.9999371 2.98023e-8 0.0220499 0.9999371 -0.01122819 7.45058e-9 -5.96046e-8 2.6077e-8 -5.96046e-8 1 1.19209e-7 0 0 0 1</matrix>
                            </node>
                          </node>
                        </node>
                      </node>
                    </node>
                    <node id="node-Bip001_L_ForeTwist" name="Bip001_L_ForeTwist">
                      <matrix sid="matrix">0.1593515 0.9866972 0.03219032 0.3273242 -0.9872221 0.1592667 0.005195968 -1.49012e-8 -2.98023e-8 -0.03260696 0.9994683 -5.96046e-8 0 0 0 1</matrix>
                      <node id="node-Bip001_L_ForeTwist1" name="Bip001_L_ForeTwist1">
                        <matrix sid="matrix">1 -2.98023e-8 1.49012e-8 0.09242928 2.98023e-8 0.9994682 0.03260696 0 -1.49012e-8 -0.03260696 0.9994681 0 0 0 0 1</matrix>
                        <node id="node-Bip001_L_ForeTwist2" name="Bip001_L_ForeTwist2">
                          <matrix sid="matrix">1 0 -1.49012e-8 0.09242934 2.98023e-8 0.9994683 0.03260699 5.96046e-8 -1.49012e-8 -0.03260699 0.9994683 -1.19209e-7 0 0 0 1</matrix>
                        </node>
                      </node>
                    </node>
                  </node>
                  <node id="node-Bip001_LUpArmTwist" name="Bip001_LUpArmTwist">
                    <matrix sid="matrix">0.3027549 0.378276 0.8747836 0.17644 -0.2965612 0.9096852 -0.2907309 1.19209e-7 -0.9057542 -0.1714067 0.3875937 1.19209e-7 0 0 0 1</matrix>
                    <node id="node-Bip001_LUpArmTwist1" name="Bip001_LUpArmTwist1">
                      <matrix sid="matrix">1 5.96046e-8 0 0.1091081 0 0.998114 0.06138584 2.98023e-8 -2.98023e-8 -0.06138586 0.998114 0 0 0 0 1</matrix>
                      <node id="node-Bip001_LUpArmTwist2" name="Bip001_LUpArmTwist2">
                        <matrix sid="matrix">1 0 0 0.1091079 -2.98023e-8 0.9981141 0.06138587 0 0 -0.06138586 0.9981142 0 0 0 0 1</matrix>
                      </node>
                    </node>
                  </node>
                </node>
                <node id="node-Bip001_R_Clavicle" name="Bip001_R_Clavicle">
                  <matrix sid="matrix">0.09837489 -7.84636e-4 -0.9951491 0.1455965 -0.1698803 -0.9853345 -0.01601648 0.01956427 -0.9805423 0.1706319 -0.09706548 -0.03993297 0 0 0 1</matrix>
                  <node id="node-Bip001_R_UpperArm" name="Bip001_R_UpperArm">
                    <matrix sid="matrix">0.2607191 0.09103514 -0.9611129 0.17644 -0.3159398 0.9487702 0.00416173 -5.96046e-8 0.9122541 0.3025688 0.2761241 0 0 0 0 1</matrix>
                    <node id="node-Bip001_R_Forearm" name="Bip001_R_Forearm">
                      <matrix sid="matrix">-0.3520419 0.9359843 0 0.327324 -0.9359842 -0.3520419 -7.45058e-9 2.98023e-8 1.67638e-8 5.96046e-8 0.9999999 0 0 0 0 1</matrix>
                      <node id="node-Bip001_R_Hand" name="Bip001_R_Hand">
                        <matrix sid="matrix">0.9320298 -0.3622703 -0.008974575 0.277288 -0.04577916 -0.09313887 -0.9946001 1.19209e-7 0.3594782 0.9274079 -0.1033926 0 0 0 0 1</matrix>
                        <node id="node-Bip001_R_Finger0" name="Bip001_R_Finger0">
                          <matrix>0.8194554 0.2627439 -0.5093699 0.01901096 0.4916394 0.1345597 0.8603394 0.01367187 0.2945901 -0.9554362 -0.01890984 0.027704 0 0 0 1</matrix>
                          <node id="node-Bip001_R_Finger01" name="Bip001_R_Finger01">
                            <matrix>0.8006949 -0.5990723 7.45058e-9 0.060882 0.5990723 0.8006948 -1.49012e-8 0 2.23517e-8 4.47035e-8 0.9999999 0 0 0 0 1</matrix>
                            <node id="node-Bip001_R_Finger02" name="Bip001_R_Finger02">
                              <matrix>0.6009943 -0.7992533 -1.49012e-8 0.03437001 0.7992534 0.6009945 0 0 0 -1.11759e-8 1 -1.19209e-7 0 0 0 1</matrix>
                            </node>
                          </node>
                        </node>
                        <node id="node-Bip001_R_Finger1" name="Bip001_R_Finger1">
                          <matrix>0.5644178 -0.8027729 -0.1923218 0.09155208 0.8199164 0.5181544 0.2434207 -0.005999804 -0.09575815 -0.2950793 0.9506618 0.02973509 0 0 0 1</matrix>
                          <node id="node-Bip001_R_Finger11" name="Bip001_R_Finger11">
                            <matrix>-0.2605842 -0.9654511 0 0.05795401 0.9654512 -0.2605842 2.98023e-8 1.19209e-7 2.98023e-8 5.96046e-8 1 0 0 0 0 1</matrix>
                            <node id="node-Bip001_R_Finger12" name="Bip001_R_Finger12">
                              <matrix>0.2195787 -0.9755948 0 0.03537506 0.9755948 0.2195787 2.98023e-8 0 -2.98023e-8 0 1 1.19209e-7 0 0 0 1</matrix>
                            </node>
                          </node>
                        </node>
                        <node id="node-Bip001_R_Finger2" name="Bip001_R_Finger2">
                          <matrix>0.2370727 -0.9714897 0.001958109 0.09651807 0.9638034 0.2354488 0.1250898 -0.01052231 -0.1219843 -0.02776808 0.9921433 0.005256772 0 0 0 1</matrix>
                          <node id="node-Bip001_R_Finger21" name="Bip001_R_Finger21">
                            <matrix>-0.130229 -0.9914839 0 0.05795407 0.9914839 -0.1302289 0 0 2.23517e-8 0 1 1.19209e-7 0 0 0 1</matrix>
                            <node id="node-Bip001_R_Finger22" name="Bip001_R_Finger22">
                              <matrix>0.02384824 -0.9997156 1.11759e-8 0.03851902 0.9997156 0.02384823 -2.98023e-8 0 -2.98023e-8 2.23517e-8 0.9999999 0 0 0 0 1</matrix>
                            </node>
                          </node>
                        </node>
                        <node id="node-Bip001_R_Finger3" name="Bip001_R_Finger3">
                          <matrix>0.06406397 -0.9899734 0.1258912 0.09635299 0.9971282 0.06860683 0.03208365 -0.009761095 -0.04039805 0.1234739 0.9915249 -0.02133179 0 0 0 1</matrix>
                          <node id="node-Bip001_R_Finger31" name="Bip001_R_Finger31">
                            <matrix>-0.1406706 -0.9900563 1.49012e-8 0.05795401 0.9900563 -0.1406705 0 -2.98023e-8 1.49012e-8 0 1 -1.19209e-7 0 0 0 1</matrix>
                            <node id="node-Bip001_R_Finger32" name="Bip001_R_Finger32">
                              <matrix>-0.2247558 -0.9744153 7.45058e-9 0.02860998 0.9744154 -0.2247556 0 1.19209e-7 5.96046e-8 -1.49012e-8 1 2.38419e-7 0 0 0 1</matrix>
                            </node>
                          </node>
                        </node>
                        <node id="node-Bip001_R_Finger4" name="Bip001_R_Finger4">
                          <matrix>0.02553707 -0.97528 0.2194937 0.093546 0.9981604 0.01279986 -0.05926186 -0.00476253 0.05498688 0.2206028 0.9738129 -0.04579473 0 0 0 1</matrix>
                          <node id="node-Bip001_R_Finger41" name="Bip001_R_Finger41">
                            <matrix>-0.1250331 -0.9921525 0 0.03496808 0.9921524 -0.1250331 -1.49012e-8 -8.9407e-8 -2.98023e-8 0 0.9999999 -3.57628e-7 0 0 0 1</matrix>
                            <node id="node-Bip001_R_Finger42" name="Bip001_R_Finger42">
                              <matrix>-0.01122817 -0.999937 -1.49012e-8 0.02204999 0.999937 -0.01122821 0 5.96046e-8 -1.49012e-8 0 0.9999999 1.19209e-7 0 0 0 1</matrix>
                            </node>
                          </node>
                        </node>
                      </node>
                    </node>
                    <node id="node-Bip001_R_ForeTwist" name="Bip001_R_ForeTwist">
                      <matrix sid="matrix">-0.3520419 0.9356704 -0.02423505 0.327324 -0.9359842 -0.3519239 0.009115279 2.98023e-8 1.67638e-8 0.02589267 0.9996647 0 0 0 0 1</matrix>
                      <node id="node-Bip001_R_ForeTwist1" name="Bip001_R_ForeTwist1">
                        <matrix sid="matrix">0.9999999 1.49012e-8 -3.72529e-9 0.09242934 0 0.9996647 -0.02589259 0 -5.58794e-9 0.02589262 0.9996647 5.96046e-8 0 0 0 1</matrix>
                        <node id="node-Bip001_R_ForeTwist2" name="Bip001_R_ForeTwist2">
                          <matrix sid="matrix">1 -1.49012e-8 9.31323e-9 0.09242934 0 0.9996648 -0.0258926 -1.19209e-7 5.58794e-9 0.0258926 0.9996648 -5.96046e-8 0 0 0 1</matrix>
                        </node>
                      </node>
                    </node>
                  </node>
                  <node id="node-Bip001_RUpArmTwist" name="Bip001_RUpArmTwist">
                    <matrix sid="matrix">0.2607191 0.1962688 -0.9452534 0.17644 -0.3159398 0.9425475 0.1085647 -5.96046e-8 0.9122541 0.2703383 0.3077493 0 0 0 0 1</matrix>
                    <node id="node-Bip001_RUpArmTwist1" name="Bip001_RUpArmTwist1">
                      <matrix sid="matrix">1 0 0 0.1091081 0 0.9993243 -0.03675522 -1.49012e-8 -1.49012e-8 0.03675518 0.9993243 0 0 0 0 1</matrix>
                      <node id="node-Bip001_RUpArmTwist2" name="Bip001_RUpArmTwist2">
                        <matrix sid="matrix">1 1.49012e-8 0 0.1091081 0 0.9993244 -0.03675517 2.98023e-8 0 0.0367552 0.9993244 0 0 0 0 1</matrix>
                      </node>
                    </node>
                  </node>
                </node>
                <node id="node-Bip001_backpack_01" name="Bip001_backpack_01">
                  <matrix sid="matrix">-0.3893042 0.9206628 -0.02867542 0.2005072 -0.9031281 -0.3876407 -0.1846454 -0.08369404 -0.1811119 -0.04598562 0.9823868 6.63102e-6 0 0 0 1</matrix>
                  <node id="node-Bip001_backpack_02" name="Bip001_backpack_02">
                    <matrix sid="matrix">0.4137312 0.9046762 0.1019196 0.2324457 -0.9055598 0.4204725 -0.05625229 -0.1188257 -0.09374446 -0.06902096 0.9932009 8.28505e-6 0 0 0 1</matrix>
                    <node id="node-Bip001_rope_01" name="Bip001_rope_01">
                      <matrix sid="matrix">0.8848402 0.09439415 -0.4562317 0.1412787 -0.1637089 0.9798085 -0.1147838 0.01898956 0.4361847 0.1762542 0.8824268 0.1224816 0 0 0 1</matrix>
                      <node id="node-Bip001_rope_02" name="Bip001_rope_02">
                        <matrix sid="matrix">0.6483706 0.447643 -0.6158177 0.09586042 -0.4628905 0.873982 0.1479455 -7.29561e-5 0.6044404 0.1891326 0.7738739 -1.57952e-5 0 0 0 1</matrix>
                        <node id="node-Bip001_rope_03" name="Bip001_rope_03">
                          <matrix sid="matrix">0.9036281 0.2380373 -0.3560815 0.104844 -0.2683658 0.962585 -0.03755261 -9.9957e-5 0.3338197 0.1294934 0.9337001 -0.001039505 0 0 0 1</matrix>
                        </node>
                      </node>
                    </node>
                  </node>
                </node>
              </node>
            </node>
            <node id="node-Bip001_L_Thigh" name="Bip001_L_Thigh">
              <matrix sid="matrix">-0.6650352 0.7402193 0.0990122 -0.1374611 0.7352098 0.6722029 -0.08723305 0.002817094 -0.1311279 0.01478169 -0.9912553 0.1121367 0 0 0 1</matrix>
              <node id="node-Bip001_L_Calf" name="Bip001_L_Calf">
                <matrix sid="matrix">0.900994 0.4338317 -7.45058e-9 0.4010988 -0.4338318 0.900994 3.72529e-9 2.98023e-8 -2.23517e-8 -1.62981e-9 1 -7.45058e-9 0 0 0 1</matrix>
                <node id="node-Bip001_L_Foot" name="Bip001_L_Foot">
                  <matrix sid="matrix">0.996549 0.01523786 0.08159677 0.4339644 -0.00932947 0.9973389 -0.07230698 -5.96046e-8 -0.08248142 0.07129617 0.994039 1.86265e-9 0 0 0 1</matrix>
                  <node id="node-Bip001_L_Toe0" name="Bip001_L_Toe0">
                    <matrix sid="matrix">-0.04997047 -0.9982567 0.03140682 0.1261742 0.9986899 -0.04959582 0.0125974 0.158065 -0.0110178 0.03199516 0.9994274 0 0 0 0 1</matrix>
                  </node>
                </node>
              </node>
              <node id="node-Bip001_LCalfTwist" name="Bip001_LCalfTwist">
                <matrix sid="matrix">0.900994 0.4337047 -0.01049954 0.4010988 -0.4338318 0.9007301 -0.02180574 2.98023e-8 -2.23517e-8 0.02420187 0.9997071 -7.45058e-9 0 0 0 1</matrix>
                <node id="node-Bip001_LCalfTwist1" name="Bip001_LCalfTwist1">
                  <matrix sid="matrix">1 9.31323e-10 7.45058e-9 0.2169822 0 0.9997071 -0.02420188 -4.47035e-8 7.45058e-9 0.02420188 0.9997072 3.72529e-9 0 0 0 1</matrix>
                </node>
              </node>
            </node>
            <node id="node-Bip001_R_Thigh" name="Bip001_R_Thigh">
              <matrix sid="matrix">-0.7003101 0.7028377 -0.1248396 -0.1312273 0.6822286 0.6075185 -0.4067989 -0.00257796 -0.2100712 -0.3700546 -0.9049473 -0.1193712 0 0 0 1</matrix>
              <node id="node-Bip001_R_Calf" name="Bip001_R_Calf">
                <matrix sid="matrix">-0.4782384 0.87823 7.45058e-9 0.4010988 -0.87823 -0.4782384 -5.58794e-9 0 2.93367e-8 -5.58794e-9 0.9999999 -1.49012e-8 0 0 0 1</matrix>
                <node id="node-Bip001_R_Foot" name="Bip001_R_Foot">
                  <matrix sid="matrix">0.9991377 -0.009652182 -0.04038478 0.4339643 0.009353068 0.9999275 -0.007588416 5.96046e-8 0.04045518 0.007204156 0.9991553 4.47035e-8 0 0 0 1</matrix>
                  <node id="node-Bip001_R_Toe0" name="Bip001_R_Toe0">
                    <matrix sid="matrix">-0.1723372 -0.984243 0.03956329 0.1261742 0.9850372 -0.1722502 0.005624209 0.158065 0.00127919 0.0399406 0.9992012 0 0 0 0 1</matrix>
                  </node>
                </node>
              </node>
              <node id="node-Bip001_RCalfTwist" name="Bip001_RCalfTwist">
                <matrix sid="matrix">-0.4782384 0.8782272 -0.002223277 0.4010988 -0.87823 -0.4782369 0.001210658 0 2.93367e-8 0.002531549 0.9999967 -1.49012e-8 0 0 0 1</matrix>
                <node id="node-Bip001_RCalfTwist1" name="Bip001_RCalfTwist1">
                  <matrix sid="matrix">0.9999999 0 -6.17001e-8 0.2169821 0 0.9999967 -0.002531547 0 1.97906e-8 0.002531551 0.9999968 1.49012e-8 0 0 0 1</matrix>
                </node>
              </node>
            </node>
            <node id="node-Bip001_LThighTwist" name="Bip001_LThighTwist">
              <matrix sid="matrix">-0.6650352 0.7423849 0.08119568 -0.1374611 0.7352098 0.6699125 -0.1033613 0.002817094 -0.1311279 -0.009043044 -0.9913242 0.1121367 0 0 0 1</matrix>
              <node id="node-Bip001_LThighTwist1" name="Bip001_LThighTwist1">
                <matrix sid="matrix">1 0 7.45058e-9 0.2005494 0 0.9999279 0.01201617 0 0 -0.01201617 0.999928 0 0 0 0 1</matrix>
              </node>
            </node>
            <node id="node-Bip001_RThighTwist" name="Bip001_RThighTwist">
              <matrix sid="matrix">-0.7003101 0.7109447 0.0642144 -0.1312273 0.6822286 0.6930581 -0.2328829 -0.00257796 -0.2100712 -0.1192814 -0.9703825 -0.1193712 0 0 0 1</matrix>
              <node id="node-Bip001_RThighTwist1" name="Bip001_RThighTwist1">
                <matrix sid="matrix">1 0 7.45058e-9 0.2005494 0 0.9911773 -0.1325424 0 0 0.1325424 0.9911773 0 0 0 0 1</matrix>
              </node>
            </node>
          </node>
        </node>
      </node>
    </visual_scene>
  </library_visual_scenes>
  <library_animations>
    <animation>
      <source id="node-Bip001_matrix-input">
        <float_array id="node-Bip001_matrix-input-array" count="21">0 0.03333334 0.06666667 0.1 0.1333333 0.1666667 0.2 0.2333333 0.2666667 0.3 0.3333333 0.3666667 0.4 0.4333333 0.4666667 0.5 0.5333334 0.5666667 0.6 0.6333333 0.6666667</float_array>
        <technique_common>
          <accessor source="#node-Bip001_matrix-input-array" count="21" stride="1">
            <param name="TIME" type="float"/>
          </accessor>
        </technique_common>
      </source>
      <source id="node-Bip001_matrix-output">
        <float_array id="node-Bip001_matrix-output-array" count="336">0.01380127 0.999176 0.03817117 -2.95573e-4 -0.8985803 0.02913844 -0.4378408 0.05141705 -0.4385922 -0.02825707 0.8982419 0.9742476 0 0 0 1 0.02737069 0.9994311 0.01970279 0.004802882 -0.8978367 0.03324431 -0.4390718 0.05138695 -0.4394772 -0.005672156 0.8982359 1.006246 0 0 0 1 0.04242992 0.999099 -8.8416e-4 0.0104165 -0.8970587 0.03770679 -0.4402996 0.05135762 -0.4398697 0.01947498 0.8978505 1.042614 0 0 0 1 0.05675363 0.9981802 -0.02038544 0.01577252 -0.8962052 0.04193592 -0.4416534 0.05132788 -0.4399947 0.04333502 0.8969542 1.076779 0 0 0 1 0.06813055 0.997041 -0.03560322 0.02009838 -0.8952684 0.04534947 -0.4432131 0.05129665 -0.440287 0.06207078 0.895709 1.102177 0 0 0 1 0.07436048 0.9962883 -0.04335939 0.02262145 -0.8942638 0.0473777 -0.4450255 0.05126279 -0.4413194 0.07186698 0.8944676 1.112248 0 0 0 1 0.07476514 0.9963005 -0.0423727 0.02282649 -0.8931128 0.04799944 -0.4472646 0.05122554 -0.443576 0.0712834 0.8933975 1.098262 0 0 0 1 0.07078969 0.9968847 -0.03478384 0.02122879 -0.8918275 0.04763269 -0.449861 0.05118566 -0.4468026 0.06286674 0.892421 1.064597 0 0 0 1 0.06341773 0.9977321 -0.02255815 0.01860088 -0.8905552 0.04637449 -0.4525052 0.0511443 -0.4504328 0.0487861 0.8914764 1.024353 0 0 0 1 0.05365163 0.9985303 -0.007655143 0.01571536 -0.8894408 0.04430276 -0.454898 0.05110251 -0.4538903 0.03121477 0.8905106 0.9906314 0 0 0 1 0.04252558 0.9990636 0.007973492 0.013345 -0.8886325 0.04147028 -0.4567413 0.05106151 -0.4566442 0.01233762 0.8895638 0.9765322 0 0 0 1 0.0270763 0.999243 0.02793657 0.005998194 -0.888018 0.03687632 -0.4583278 0.05104476 -0.459011 -0.01239836 0.8883441 0.9908144 0 0 0 1 0.006591975 0.9985462 0.05349802 -0.002173721 -0.8874129 0.03050142 -0.4599653 0.05102086 -0.4609284 -0.04444277 0.8863238 1.024729 0 0 0 1 -0.01443624 0.9967525 0.07922238 -0.009933114 -0.8869274 0.02381831 -0.4612945 0.05100047 -0.4616833 -0.07692384 0.8837031 1.065129 0 0 0 1 -0.03147709 0.9945148 0.09974682 -0.01604211 -0.8867856 0.01825177 -0.4618204 0.05099457 -0.4611079 -0.1029908 0.881347 1.098888 0 0 0 1 -0.04001677 0.9931492 0.1097882 -0.01926285 -0.8873001 0.01520329 -0.4609419 0.05101388 -0.4594532 -0.1158604 0.8806129 1.112896 0 0 0 1 -0.0378797 0.993575 0.1066484 -0.01877021 -0.8887659 0.01528835 -0.4581064 0.05106568 -0.4567936 -0.1121383 0.8824765 1.102767 0 0 0 1 -0.02810621 0.9951907 0.09383708 -0.01538932 -0.8910023 0.01761192 -0.4536572 0.05114269 -0.453128 -0.09635961 0.8862223 1.077249 0 0 0 1 -0.01403808 0.9970548 0.07539737 -0.01035809 -0.8936139 0.02132105 -0.4483299 0.05123418 -0.448617 -0.07366991 0.8906826 1.042927 0 0 0 1 0.001014292 0.9984616 0.0554406 -0.004914224 -0.8962386 0.02549952 -0.4428387 0.05132919 -0.4435712 -0.0492388 0.8948855 1.006393 0 0 0 1 0.01380115 0.9991759 0.03817111 -2.95566e-4 -0.8985801 0.02913832 -0.4378408 0.05141705 -0.4385922 -0.02825713 0.8982418 0.9742476 0 0 0 1</float_array>
        <technique_common>
          <accessor source="#node-Bip001_matrix-output-array" count="21" stride="16">
            <param name="TRANSFORM" type="float4x4"/>
          </accessor>
        </technique_common>
      </source>
      <source id="node-Bip001_matrix-interpolation">
        <Name_array id="node-Bip001_matrix-interpolation-array" count="21">LINEAR LINEAR LINEAR LINEAR LINEAR LINEAR LINEAR LINEAR LINEAR LINEAR LINEAR LINEAR LINEAR LINEAR LINEAR LINEAR LINEAR LINEAR LINEAR LINEAR LINEAR</Name_array>
        <technique_common>
          <accessor source="#node-Bip001_matrix-interpolation-array" count="21" stride="1">
            <param name="INTERPOLATION" type="name"/>
          </accessor>
        </technique_common>
      </source>
      <source id="node-Bip001_Pelvis_matrix-input">
        <float_array id="node-Bip001_Pelvis_matrix-input-array" count="21">0 0.03333334 0.06666667 0.1 0.1333333 0.1666667 0.2 0.2333333 0.2666667 0.3 0.3333333 0.3666667 0.4 0.4333333 0.4666667 0.5 0.5333334 0.5666667 0.6 0.6333333 0.6666667</float_array>
        <technique_common>
          <accessor source="#node-Bip001_Pelvis_matrix-input-array" count="21" stride="1">
            <param name="TIME" type="float"/>
          </accessor>
        </technique_common>
      </source>
      <source id="node-Bip001_Pelvis_matrix-output">
        <float_array id="node-Bip001_Pelvis_matrix-output-array" count="336">0 1 -1.38767e-6 0.03574174 -1.37836e-6 1.38581e-6 1 0 1 0 1.37836e-6 0 0 0 0 1 0.002194344 0.9991027 -0.04230028 0.0357418 0.03808796 0.0421862 0.9983835 0 0.9992721 -0.003801822 -0.03796124 0 0 0 0 1 0.002445101 0.9957575 -0.09198445 0.03574174 0.08301693 0.09146511 0.9923419 0 0.9965452 -0.01006263 -0.08244109 0 0 0 0 1 7.95186e-4 0.9904694 -0.1377292 0.03574174 0.1243433 0.1365625 0.9827967 0 0.9922388 -0.01790732 -0.1230497 0 0 0 0 1 -9.11653e-4 0.9856992 -0.1685118 0.03574174 0.1518816 0.1666934 0.974241 0 0.9883983 -0.02470564 -0.1498616 0 0 0 0 1 2.68221e-7 0.9848076 -0.1736495 0.0357418 0.1557435 0.1715305 0.9727904 0 0.9877976 -0.02704501 -0.1533773 0 0 0 0 1 0.003766119 0.9877573 -0.1559528 0.03574174 0.1383989 0.1539382 0.9783397 0 0.9903693 -0.02526819 -0.1361247 0 0 0 0 1 0.008427917 0.9918556 -0.1270881 0.03574174 0.1105629 0.125389 0.9859277 0 0.9938333 -0.0223605 -0.1086056 0 0 0 0 1 0.01281344 0.9958924 -0.0896334 0.03574174 0.07469493 0.08843696 0.9932772 0 0.9971241 -0.01942253 -0.07325494 0 0 0 0 1 0.01589459 0.9988008 -0.04631114 0.03574174 0.03339058 0.04576092 0.9983944 0 0.9993161 -0.0174154 -0.03262317 0 0 0 0 1 0.0169782 0.9998559 -4.74323e-6 0.03574174 -0.01060527 1.84831e-4 0.9999437 0 0.9997995 -0.01697719 0.01060688 0 0 0 0 1 0.01582676 0.9988022 0.0463007 0.03574174 -0.05445688 -0.04537671 0.9974845 0 0.9983906 -0.01830834 0.0536735 0 0 0 0 1 0.01269865 0.995895 0.08962118 0.03574168 -0.09533566 -0.08801424 0.9915467 0 0.9953642 -0.02113538 0.09382659 0 0 0 0 1 0.008303701 0.9918583 0.1270757 0.0357418 -0.1305167 -0.124918 0.9835451 0 0.9914113 -0.02475261 0.1284168 0 0 0 0 1 0.003680288 0.987759 0.155944 0.03574174 -0.157432 -0.153428 0.9755383 0 0.987523 -0.02814084 0.1549402 0 0 0 0 1 -2.68221e-7 0.9848079 0.1736468 0.03574174 -0.1736494 -0.1710087 0.9698463 0 0.9848075 -0.03015339 0.1710114 0 0 0 0 1 -7.35968e-4 0.9856977 0.1685208 0.0357418 -0.1677508 -0.1662545 0.9717093 0 0.985829 -0.02755439 0.165474 -1.19209e-7 0 0 0 1 0.001176357 0.9904668 0.1377455 0.03574174 -0.1368742 -0.1362897 0.9811678 0 0.9905877 -0.02000802 0.1354091 0 0 0 0 1 0.002893805 0.9957556 0.09199053 0.03574174 -0.09140729 -0.09134238 0.9916154 0 0.9958093 -0.01127821 0.09075498 0 0 0 0 1 0.002493917 0.9991021 0.04229247 0.03574174 -0.04209911 -0.04215025 0.9982239 0 0.9991104 -0.004269957 0.04195618 0 0 0 0 1 0 1 -1.38581e-6 0.0357418 -1.38395e-6 1.38674e-6 1 0 1 0 1.38208e-6 0 0 0 0 1</float_array>
        <technique_common>
          <accessor source="#node-Bip001_Pelvis_matrix-output-array" count="21" stride="16">
            <param name="TRANSFORM" type="float4x4"/>
          </accessor>
        </technique_common>
      </source>
      <source id="node-Bip001_Pelvis_matrix-interpolation">
        <Name_array id="node-Bip001_Pelvis_matrix-interpolation-array" count="21">LINEAR LINEAR LINEAR LINEAR LINEAR LINEAR LINEAR LINEAR LINEAR LINEAR LINEAR LINEAR LINEAR LINEAR LINEAR LINEAR LINEAR LINEAR LINEAR LINEAR LINEAR</Name_array>
        <technique_common>
          <accessor source="#node-Bip001_Pelvis_matrix-interpolation-array" count="21" stride="1">
            <param name="INTERPOLATION" type="name"/>
          </accessor>
        </technique_common>
      </source>
      <source id="node-Bip001_Spine_matrix-input">
        <float_array id="node-Bip001_Spine_matrix-input-array" count="21">0 0.03333334 0.06666667 0.1 0.1333333 0.1666667 0.2 0.2333333 0.2666667 0.3 0.3333333 0.3666667 0.4 0.4333333 0.4666667 0.5 0.5333334 0.5666667 0.6 0.6333333 0.6666667</float_array>
        <technique_common>
          <accessor source="#node-Bip001_Spine_matrix-input-array" count="21" stride="1">
            <param name="TIME" type="float"/>
          </accessor>
        </technique_common>
      </source>
      <source id="node-Bip001_Spine_matrix-output">
        <float_array id="node-Bip001_Spine_matrix-output-array" count="336">0.9968749 0.07490456 0.02509599 0.1340061 -0.07427269 0.9969188 -0.02523076 -0.01018851 -0.02690857 0.02328795 0.9993667 -2.8424e-6 0 0 0 1 0.9973415 0.05702525 0.0453673 0.1338888 -0.06089848 0.9941546 0.08915132 -0.0106886 -0.0400182 -0.09167712 0.9949844 -0.004649937 0 0 0 1 0.9972274 0.02915686 0.06846481 0.1335245 -0.04346573 0.9750075 0.2178789 -0.01149153 -0.06040102 -0.2202507 0.9735714 -0.01009434 0 0 0 1 0.9962708 -0.003512442 0.08620917 0.1329683 -0.02565032 0.9419385 0.3348043 -0.01248532 -0.08237975 -0.335767 0.9383358 -0.01506131 0 0 0 1 0.9951846 -0.03010731 0.09327864 0.1324744 -0.01162028 0.9087049 0.4172775 -0.0133441 -0.09732598 -0.4163522 0.903979 -0.01833438 0 0 0 1 0.9954913 -0.03744542 0.08714842 0.1323855 -0.005446135 0.894698 0.4466384 -0.01364678 -0.09469616 -0.4450994 0.8904601 -0.01875007 0 0 0 1 0.9970625 -0.01889592 0.07422554 0.1326899 -0.01417189 0.9068439 0.4212287 -0.01343989 -0.07527047 -0.4210432 0.9039121 -0.01661914 0 0 0 1 0.998065 0.01612824 0.06005209 0.1331026 -0.03662604 0.9329407 0.3581624 -0.01309484 -0.0502485 -0.3596688 0.931726 -0.01322948 0 0 0 1 0.9976323 0.05516368 0.04107362 0.1334944 -0.06417602 0.9614029 0.2675554 -0.01274544 -0.02472895 -0.2695578 0.9626668 -0.008880436 0 0 0 1 0.9961549 0.08617544 0.01579582 0.1337531 -0.08759617 0.9829839 0.1614609 -0.01250863 -0.00161308 -0.1622237 0.9867526 -0.003884911 0 0 0 1 0.9949992 0.09882152 -0.01452219 0.1338053 -0.09790074 0.9937121 0.05432915 -0.01246184 0.01979976 -0.05263572 0.9984174 0.001428425 0 0 0 1 0.9953314 0.08680421 -0.04219663 0.1336296 -0.08925127 0.994197 -0.06005483 -0.01262962 0.03673875 0.06354057 0.997303 0.006719052 0 0 0 1 0.9966542 0.05506914 -0.06039756 0.1332596 -0.06536102 0.9806755 -0.1843999 -0.01297748 0.04907566 0.1877306 0.9809938 0.01164823 0 0 0 1 0.9975078 0.01453286 -0.06904417 0.1327795 -0.0345382 0.9538754 -0.2982094 -0.01341825 0.06152564 0.2998509 0.9519999 0.0158925 0 0 0 1 0.9971994 -0.02193361 -0.07150214 0.1323096 -0.007202208 0.9234252 -0.383711 -0.01382714 0.07444304 0.3831514 0.9206809 0.01914578 0 0 0 1 0.9963821 -0.04126423 -0.07429516 0.1319853 0.005637168 0.9043763 -0.4266988 -0.01406466 0.08479815 0.4247363 0.9013369 0.02111607 0 0 0 1 0.9968102 -0.03387564 -0.07226192 0.1321285 0.001186668 0.9116364 -0.410996 -0.01372617 0.07979941 0.4095993 0.9087686 0.02042752 0 0 0 1 0.9983325 -0.006561338 -0.05735564 0.1327435 -0.01347917 0.9395658 -0.3421031 -0.01276654 0.0561341 0.3423057 0.9379106 0.01671665 0 0 0 1 0.9991096 0.02718549 -0.03227037 0.1334218 -0.03413248 0.9703401 -0.2393227 -0.01165384 0.02480715 0.2402111 0.9704037 0.01120591 0 0 0 1 0.9984194 0.05615967 -0.00214833 0.1338642 -0.05598694 0.9905629 -0.1251018 -0.01075088 -0.004897534 0.1250244 0.9921416 0.005181014 0 0 0 1 0.996875 0.07490456 0.02509599 0.1340061 -0.07427269 0.9969189 -0.02523076 -0.01018846 -0.02690857 0.02328795 0.9993667 -2.8424e-6 0 0 0 1</float_array>
        <technique_common>
          <accessor source="#node-Bip001_Spine_matrix-output-array" count="21" stride="16">
            <param name="TRANSFORM" type="float4x4"/>
          </accessor>
        </technique_common>
      </source>
      <source id="node-Bip001_Spine_matrix-interpolation">
        <Name_array id="node-Bip001_Spine_matrix-interpolation-array" count="21">LINEAR LINEAR LINEAR LINEAR LINEAR LINEAR LINEAR LINEAR LINEAR LINEAR LINEAR LINEAR LINEAR LINEAR LINEAR LINEAR LINEAR LINEAR LINEAR LINEAR LINEAR</Name_array>
        <technique_common>
          <accessor source="#node-Bip001_Spine_matrix-interpolation-array" count="21" stride="1">
            <param name="INTERPOLATION" type="name"/>
          </accessor>
        </technique_common>
      </source>
      <source id="node-Bip001_Spine1_matrix-input">
        <float_array id="node-Bip001_Spine1_matrix-input-array" count="21">0 0.03333334 0.06666667 0.1 0.1333333 0.1666667 0.2 0.2333333 0.2666667 0.3 0.3333333 0.3666667 0.4 0.4333333 0.4666667 0.5 0.5333334 0.5666667 0.6 0.6333333 0.6666667</float_array>
        <technique_common>
          <accessor source="#node-Bip001_Spine1_matrix-input-array" count="21" stride="1">
            <param name="TIME" type="float"/>
          </accessor>
        </technique_common>
      </source>
      <source id="node-Bip001_Spine1_matrix-output">
