<?xml version="1.0" encoding="utf-8"?>
<COLLADA xmlns="http://www.collada.org/2005/11/COLLADASchema" version="1.4.1">
  <asset>
    <contributor>
      <author>Setsu</author>
      <authoring_tool>OpenCOLLADA for 3ds Max;  Version: 1.3.1;  Revision: 847M;  Platform: x64;  Configuration: Release_Max2012_static</authoring_tool>
      <source_data>file:///D:/_Work/webgl/models/chr/man/Man04.max</source_data>
    </contributor>
    <created>2012-08-07T10:28:58</created>
    <modified>2012-08-07T10:28:58</modified>
    <unit name="meter" meter="1"/>
    <up_axis>Z_UP</up_axis>
  </asset>
  <library_lights>
    <light id="EnvironmentAmbientLight" name="EnvironmentAmbientLight">
      <technique_common>
        <ambient>
          <color>0 0 0</color>
        </ambient>
      </technique_common>
    </light>
  </library_lights>
  <library_visual_scenes>
    <visual_scene id="MaxScene">
      <node name="EnvironmentAmbientLight">
        <instance_light url="#EnvironmentAmbientLight"/>
      </node>
      <node id="node-Bip001" name="Bip001">
        <matrix sid="matrix">-0.5723473 0.8200113 -3.72529e-9 0.01731214 -0.8198809 -0.5722563 -0.01783047 0.02517292 -0.01462119 -0.01020522 0.999841 0.9496629 0 0 0 1</matrix>
        <node id="node-Bip001_Pelvis" name="Bip001_Pelvis">
          <matrix>-0.04494382 0.9659261 0.2548857 0.03574178 -0.1344771 -0.258671 0.9565591 9.31323e-10 0.9898969 0.008715117 0.1415206 0 0 0 0 1</matrix>
          <node id="node-Bip001_Spine" name="Bip001_Spine">
            <matrix>0.9955622 0.06586148 -0.06721959 0.1331056 -0.07480727 0.9872281 -0.1406587 -0.008676588 0.05709708 0.1450628 0.9877735 0.01638347 0 0 0 1</matrix>
            <node id="node-Bip001_Spine1" name="Bip001_Spine1">
              <matrix sid="matrix">0.9964873 0.06361251 -0.05446748 0.1646254 -0.06511074 0.9975343 -0.02618681 -1.30773e-4 0.05266735 0.02964133 0.9981722 -3.8892e-6 0 0 0 1</matrix>
              <node id="node-Bip001_Spine2" name="Bip001_Spine2">
                <matrix sid="matrix">0.9553794 -0.2953407 0.004934104 0.1646726 0.2953764 0.9551262 -0.02205856 -1.25244e-4 0.001802128 0.02253177 0.9997444 -2.95509e-6 0 0 0 1</matrix>
                <node id="node-Bip001_Neck" name="Bip001_Neck">
                  <matrix sid="matrix">0.9803017 -0.1869298 0.06376389 0.1734861 0.193147 0.9747845 -0.1117565 0.008662969 -0.04126544 0.121871 0.9916877 -7.84965e-6 0 0 0 1</matrix>
                  <node id="node-Bip001_Head" name="Bip001_Head">
                    <matrix sid="matrix">0.965993 0.1381181 -0.218589 0.08969498 -0.2325791 0.8335212 -0.5011483 0.03011221 0.1129809 0.5349449 0.8372991 8.9407e-8 0 0 0 1</matrix>
                    <node id="node-Bip001_jaw" name="Bip001_jaw">
                      <matrix>-0.5911499 -0.806139 -0.02610976 0.07425487 0.8065615 -0.5908155 -0.01989245 0.01103786 6.10024e-4 -0.03281855 0.9994611 2.75299e-6 0 0 0 1</matrix>
                      <node id="node-Bip001_lowerLipR" name="Bip001_lowerLipR">
                        <matrix>0.8623834 0.3869329 0.3264633 0.08244336 -0.3079408 0.9127673 -0.2683815 -0.02128053 -0.4018306 0.1309164 0.9063074 -3.05474e-6 0 0 0 1</matrix>
                      </node>
                      <node id="node-Bip001_lowerLipL" name="Bip001_lowerLipL">
                        <matrix>0.8623836 0.3869343 -0.3264606 0.08244348 -0.3079428 0.9127665 0.2683813 -0.02128053 0.4018283 -0.1309164 0.9063085 2.96161e-6 0 0 0 1</matrix>
                      </node>
                    </node>
                    <node id="node-Bip001_upperLipL" name="Bip001_upperLipL">
                      <matrix>0.3710408 -0.9275405 -0.04469159 0.04740703 0.8026183 0.3445304 -0.4869316 0.0884268 0.4670464 0.1448011 0.8722959 -3.26335e-6 0 0 0 1</matrix>
                    </node>
                    <node id="node-Bip001_upperLipR" name="Bip001_upperLipR">
                      <matrix>0.3739514 -0.9265975 0.03971414 0.04740715 0.8339912 0.3546936 0.4226713 0.08842655 -0.4057326 -0.1249374 0.9054124 3.1665e-6 0 0 0 1</matrix>
                    </node>
                    <node id="node-Bip001_angryR" name="Bip001_angryR">
                      <matrix>0.168946 -0.9854115 0.0205285 0.06820929 0.9721926 0.1700343 0.1610275 0.04324469 -0.1621689 -0.007247308 0.9867363 -0.0222199 0 0 0 1</matrix>
                    </node>
                    <node id="node-Bip001_angryL" name="Bip001_angryL">
                      <matrix>0.168946 -0.9854113 -0.02053396 0.06820917 0.9721918 0.1700351 -0.161032 0.04324457 0.1621743 0.007242773 0.9867355 0.02222014 0 0 0 1</matrix>
                    </node>
                    <node id="node-Bip001_AngryBrowR" name="Bip001_AngryBrowR">
                      <matrix>0.001812048 -0.9852681 0.1710073 0.1304631 0.9995394 -0.003395714 -0.03015607 0.05975319 0.03029251 0.1709832 0.9848081 -0.01978826 0 0 0 1</matrix>
                    </node>
                    <node id="node-Bip001_SillyBrowR" name="Bip001_SillyBrowR">
                      <matrix>-0.004056916 -0.9597203 0.2809277 0.1303948 0.7867937 0.1703287 0.5932484 0.0582378 -0.6172027 0.2234389 0.754411 -0.03225449 0 0 0 1</matrix>
                    </node>
                    <node id="node-Bip001_SillyBrowL" name="Bip001_SillyBrowL">
                      <matrix>-0.004057277 -0.9597187 -0.2809329 0.1303951 0.7867899 0.1703331 -0.5932521 0.0582376 0.6172073 -0.2234423 0.7544061 0.03225481 0 0 0 1</matrix>
                    </node>
                    <node id="node-Bip001_AngryBrowL" name="Bip001_AngryBrowL">
                      <matrix>0.001812056 -0.9852672 -0.1710128 0.130463 0.9995396 -0.003394939 0.0301506 0.05975308 -0.03028695 -0.1709887 0.9848074 0.01978859 0 0 0 1</matrix>
                    </node>
                  </node>
                </node>
                <node id="node-Bip001_L_Clavicle" name="Bip001_L_Clavicle">
                  <matrix sid="matrix">-0.09591725 -7.75322e-4 0.995389 0.1455966 -0.2268439 -0.9736685 -0.02261746 0.01956406 0.9691964 -0.2279675 0.09321572 0.03993306 0 0 0 1</matrix>
                  <node id="node-Bip001_L_UpperArm" name="Bip001_L_UpperArm">
                    <matrix sid="matrix">0.4443738 0.3592239 0.8206645 0.17644 0.003757074 0.9153271 -0.4026941 1.49012e-8 -0.8958336 0.1820299 0.4053976 2.38419e-7 0 0 0 1</matrix>
                    <node id="node-Bip001_L_Forearm" name="Bip001_L_Forearm">
                      <matrix sid="matrix">0.5571984 0.8303795 0 0.3273239 -0.8303794 0.5571983 0 0 -7.45058e-8 -5.96046e-8 1 0 0 0 0 1</matrix>
                      <node id="node-Bip001_L_Hand" name="Bip001_L_Hand">
                        <matrix sid="matrix">0.8837454 -0.04755217 -0.465546 0.277288 0.4440227 -0.2289448 0.8662726 0 -0.1477774 -0.9722773 -0.1812148 0 0 0 0 1</matrix>
                        <node id="node-Bip001_L_Finger0" name="Bip001_L_Finger0">
                          <matrix sid="matrix">0.7922392 0.4326275 0.4303365 0.01901102 0.4773888 -1.67847e-4 -0.8786918 0.01367196 -0.3800745 0.9015721 -0.2066648 -0.0277039 0 0 0 1</matrix>
                          <node id="node-Bip001_L_Finger01" name="Bip001_L_Finger01">
                            <matrix sid="matrix">0.9399817 -0.3412244 2.98172e-4 0.06088203 0.3412246 0.9399814 -8.00416e-4 5.96046e-8 -7.10785e-6 8.54202e-4 0.9999995 -2.98023e-8 0 0 0 1</matrix>
                            <node id="node-Bip001_L_Finger02" name="Bip001_L_Finger02">
                              <matrix sid="matrix">0.8832186 -0.4689343 0.005052581 0.03437001 0.4689614 0.8831672 -0.009535611 0 9.23872e-6 0.01079142 0.9999419 2.98023e-8 0 0 0 1</matrix>
                            </node>
                          </node>
                        </node>
                        <node id="node-Bip001_L_Finger1" name="Bip001_L_Finger1">
                          <matrix>0.9291937 -0.29579 0.2216006 0.09155208 0.3513417 0.893011 -0.2812304 -0.005999655 -0.1147078 0.3391749 0.9337032 -0.02973519 0 0 0 1</matrix>
                          <node id="node-Bip001_L_Finger11" name="Bip001_L_Finger11">
                            <matrix>0.9561216 -0.2929704 2.98023e-8 0.05795395 0.2929704 0.9561216 2.98023e-8 0 2.98023e-8 -1.49012e-8 1 0 0 0 0 1</matrix>
                            <node id="node-Bip001_L_Finger12" name="Bip001_L_Finger12">
                              <matrix>0.9782761 -0.2073058 0 0.03537494 0.2073058 0.9782764 0 0 -5.96046e-8 -1.49012e-8 1 2.98023e-8 0 0 0 1</matrix>
                            </node>
                          </node>
                        </node>
                        <node id="node-Bip001_L_Finger2" name="Bip001_L_Finger2">
                          <matrix>0.9074134 -0.4164008 0.05666201 0.09651804 0.4202293 0.9000149 -0.1156754 -0.01052219 -0.002829388 0.1287764 0.9916693 -0.005256638 0 0 0 1</matrix>
                          <node id="node-Bip001_L_Finger21" name="Bip001_L_Finger21">
                            <matrix>0.9248531 -0.3803247 2.98023e-8 0.05795401 0.3803247 0.9248531 7.45058e-9 -1.49012e-8 4.47035e-8 0 1 -1.49012e-8 0 0 0 1</matrix>
                            <node id="node-Bip001_L_Finger22" name="Bip001_L_Finger22">
                              <matrix>0.9723517 -0.2335213 0 0.03851897 0.2335213 0.9723516 -2.98023e-8 -2.98023e-8 -7.45058e-8 -4.47035e-8 1 0 0 0 0 1</matrix>
                            </node>
                          </node>
                        </node>
                        <node id="node-Bip001_L_Finger3" name="Bip001_L_Finger3">
                          <matrix>0.8424987 -0.5209874 -0.1369962 0.09635305 0.5375384 0.8297263 0.1503573 -0.009761006 0.03533441 -0.2003169 0.9790935 0.0213318 0 0 0 1</matrix>
                          <node id="node-Bip001_L_Finger31" name="Bip001_L_Finger31">
                            <matrix>0.9207934 -0.3900506 7.45058e-9 0.05795401 0.3900507 0.9207935 -7.45058e-9 0 7.45058e-9 5.21541e-8 1 0 0 0 0 1</matrix>
                            <node id="node-Bip001_L_Finger32" name="Bip001_L_Finger32">
                              <matrix>0.884097 -0.4673035 -2.6077e-8 0.02860999 0.4673035 0.8840969 -2.23517e-8 0 -6.14673e-8 -2.23517e-8 1 1.49012e-8 0 0 0 1</matrix>
                            </node>
                          </node>
                        </node>
                        <node id="node-Bip001_L_Finger4" name="Bip001_L_Finger4">
                          <matrix>0.847081 -0.3881948 -0.3629861 0.09354603 0.4792494 0.8531643 0.2059858 -0.00476253 0.229724 -0.348447 0.908742 0.0457948 0 0 0 1</matrix>
                          <node id="node-Bip001_L_Finger41" name="Bip001_L_Finger41">
                            <matrix>0.8490502 -0.528312 -7.45058e-9 0.03496796 0.5283121 0.8490502 0 -2.98023e-8 -8.9407e-8 -4.47035e-8 1 7.45058e-9 0 0 0 1</matrix>
                            <node id="node-Bip001_L_Finger42" name="Bip001_L_Finger42">
                              <matrix>0.903693 -0.4281809 3.72529e-8 0.02205002 0.4281809 0.9036931 -4.47035e-8 0 6.70552e-8 -2.98023e-8 0.9999999 -1.49012e-8 0 0 0 1</matrix>
                            </node>
                          </node>
                        </node>
                      </node>
                    </node>
                    <node id="node-Bip001_L_ForeTwist" name="Bip001_L_ForeTwist">
                      <matrix sid="matrix">0.5571984 0.8292762 0.04279028 0.3273239 -0.8303794 0.5564581 0.02871304 0 -7.45058e-8 -0.05153108 0.9986714 0 0 0 0 1</matrix>
                      <node id="node-Bip001_L_ForeTwist1" name="Bip001_L_ForeTwist1">
                        <matrix sid="matrix">1 2.98023e-8 0 0.09242934 -5.96046e-8 0.9986715 0.051531 5.96046e-8 2.98023e-8 -0.05153102 0.9986715 0 0 0 0 1</matrix>
                        <node id="node-Bip001_L_ForeTwist2" name="Bip001_L_ForeTwist2">
                          <matrix sid="matrix">1 2.98023e-8 2.98023e-8 0.09242934 -2.98023e-8 0.9986714 0.05153091 0 -1.49012e-8 -0.05153096 0.9986715 0 0 0 0 1</matrix>
                        </node>
                      </node>
                    </node>
                  </node>
                  <node id="node-Bip001_LUpArmTwist" name="Bip001_LUpArmTwist">
                    <matrix sid="matrix">0.4443738 0.2023879 0.8726805 0.17644 0.003757074 0.9737167 -0.2277327 1.49012e-8 -0.8958336 0.1044771 0.4319337 2.38419e-7 0 0 0 1</matrix>
                    <node id="node-Bip001_LUpArmTwist1" name="Bip001_LUpArmTwist1">
                      <matrix sid="matrix">1 -4.47035e-8 0 0.109108 0 0.998105 -0.06153142 2.98023e-8 5.96046e-8 0.06153148 0.9981052 0 0 0 0 1</matrix>
                      <node id="node-Bip001_LUpArmTwist2" name="Bip001_LUpArmTwist2">
                        <matrix sid="matrix">0.9999999 2.98023e-8 0 0.1091081 0 0.9981051 -0.06153154 2.98023e-8 2.98023e-8 0.06153148 0.9981051 5.96046e-8 0 0 0 1</matrix>
                      </node>
                    </node>
                  </node>
                </node>
                <node id="node-Bip001_R_Clavicle" name="Bip001_R_Clavicle">
                  <matrix sid="matrix">-0.1744514 -7.95856e-4 -0.9846655 0.1455965 -0.03333466 -0.9994217 0.006713584 0.01956429 -0.9841014 0.03399465 0.1743239 -0.03993295 0 0 0 1</matrix>
                  <node id="node-Bip001_R_UpperArm" name="Bip001_R_UpperArm">
                    <matrix sid="matrix">0.5493995 0.04239526 -0.8344836 0.17644 0.1373555 0.9805433 0.1402465 1.49012e-8 0.8241928 -0.1916723 0.5328867 0 0 0 0 1</matrix>
                    <node id="node-Bip001_R_Forearm" name="Bip001_R_Forearm">
                      <matrix sid="matrix">0.5386548 0.8425267 0 0.327324 -0.8425266 0.5386545 0 0 0 4.47035e-8 1 0 0 0 0 1</matrix>
                      <node id="node-Bip001_R_Hand" name="Bip001_R_Hand">
                        <matrix sid="matrix">0.9709752 -0.1839385 0.1528848 0.277288 0.1540016 -0.008284926 -0.988036 0 0.1830044 0.9829029 0.02028239 0 0 0 0 1</matrix>
                        <node id="node-Bip001_R_Finger0" name="Bip001_R_Finger0">
                          <matrix sid="matrix">0.7922342 0.4330063 -0.429965 0.01901102 0.4774025 -9.48846e-4 0.8786839 0.01367187 0.3800682 -0.90139 -0.2074703 0.02770388 0 0 0 1</matrix>
                          <node id="node-Bip001_R_Finger01" name="Bip001_R_Finger01">
                            <matrix sid="matrix">0.9399778 -0.3412351 -3.67843e-4 0.06088203 0.3412353 0.9399774 0.001001671 0 3.97861e-6 -0.001067068 0.9999995 -1.49012e-8 0 0 0 1</matrix>
                            <node id="node-Bip001_R_Finger02" name="Bip001_R_Finger02">
                              <matrix sid="matrix">0.883212 -0.4689432 -0.005403474 0.03437006 0.4689744 0.8831534 0.01016961 0 3.09199e-6 -0.01151599 0.9999337 -4.47035e-8 0 0 0 1</matrix>
                            </node>
                          </node>
                        </node>
                        <node id="node-Bip001_R_Finger1" name="Bip001_R_Finger1">
                          <matrix>0.9291942 -0.2957893 -0.2216005 0.09155208 0.3513409 0.8930115 0.2812304 -0.005999684 0.1147079 -0.3391748 0.9337032 0.02973527 0 0 0 1</matrix>
                          <node id="node-Bip001_R_Finger11" name="Bip001_R_Finger11">
                            <matrix>0.9561215 -0.2929704 -2.98023e-8 0.05795395 0.2929704 0.9561216 0 2.98023e-8 5.96046e-8 2.98023e-8 0.9999999 5.96046e-8 0 0 0 1</matrix>
                            <node id="node-Bip001_R_Finger12" name="Bip001_R_Finger12">
                              <matrix>0.9782763 -0.2073057 -2.98023e-8 0.03537494 0.2073058 0.9782763 -7.45058e-9 -2.98023e-8 5.96046e-8 -2.98023e-8 1 2.98023e-8 0 0 0 1</matrix>
                            </node>
                          </node>
                        </node>
                        <node id="node-Bip001_R_Finger2" name="Bip001_R_Finger2">
                          <matrix>0.9074137 -0.4164006 -0.05666202 0.09651804 0.4202292 0.9000152 0.1156754 -0.01052225 0.002829462 -0.1287763 0.9916695 0.005256653 0 0 0 1</matrix>
                          <node id="node-Bip001_R_Finger21" name="Bip001_R_Finger21">
                            <matrix>0.9248531 -0.3803245 0 0.05795395 0.3803245 0.9248531 7.45058e-9 -2.98023e-8 -5.96046e-8 2.98023e-8 1 2.98023e-8 0 0 0 1</matrix>
                            <node id="node-Bip001_R_Finger22" name="Bip001_R_Finger22">
                              <matrix>0.9723517 -0.2335215 -2.98023e-8 0.03851897 0.2335215 0.9723517 -1.49012e-8 2.98023e-8 -2.98023e-8 0 1 0 0 0 0 1</matrix>
                            </node>
                          </node>
                        </node>
                        <node id="node-Bip001_R_Finger3" name="Bip001_R_Finger3">
                          <matrix>0.8424988 -0.5209875 0.1369965 0.09635299 0.5375385 0.8297263 -0.1503571 -0.009761095 -0.03533471 0.2003169 0.9790936 -0.02133176 0 0 0 1</matrix>
                          <node id="node-Bip001_R_Finger31" name="Bip001_R_Finger31">
                            <matrix>0.9207937 -0.3900504 0 0.05795413 0.3900503 0.9207935 -2.98023e-8 0 1.49012e-8 1.49012e-8 1 -2.98023e-8 0 0 0 1</matrix>
                            <node id="node-Bip001_R_Finger32" name="Bip001_R_Finger32">
                              <matrix>0.8840971 -0.4673035 0 0.02860999 0.4673035 0.8840971 2.98023e-8 2.98023e-8 -3.72529e-8 2.98023e-8 1 0 0 0 0 1</matrix>
                            </node>
                          </node>
                        </node>
                        <node id="node-Bip001_R_Finger4" name="Bip001_R_Finger4">
                          <matrix>0.8470811 -0.3881948 0.3629862 0.09354615 0.4792495 0.8531644 -0.2059859 -0.00476253 -0.2297241 0.3484471 0.9087421 -0.04579481 0 0 0 1</matrix>
                          <node id="node-Bip001_R_Finger41" name="Bip001_R_Finger41">
                            <matrix>0.8490503 -0.5283121 -7.45058e-9 0.03496802 0.5283121 0.8490503 -1.11759e-8 0 1.49012e-8 -7.45058e-9 1 -2.98023e-8 0 0 0 1</matrix>
                            <node id="node-Bip001_R_Finger42" name="Bip001_R_Finger42">
                              <matrix>0.9036932 -0.428181 2.23517e-8 0.02205002 0.4281808 0.9036932 -1.49012e-8 8.9407e-8 4.28408e-8 0 1 1.49012e-8 0 0 0 1</matrix>
                            </node>
                          </node>
                        </node>
                      </node>
                    </node>
                    <node id="node-Bip001_R_ForeTwist" name="Bip001_R_ForeTwist">
                      <matrix sid="matrix">0.5386548 0.8425156 0.004323214 0.327324 -0.8425266 0.5386475 0.002763964 0 0 -0.005131185 0.9999868 0 0 0 0 1</matrix>
                      <node id="node-Bip001_R_ForeTwist1" name="Bip001_R_ForeTwist1">
                        <matrix sid="matrix">1 -5.96046e-8 0 0.09242934 -2.98023e-8 0.999987 0.0051312 2.98023e-8 -2.98023e-8 -0.005131289 0.9999869 0 0 0 0 1</matrix>
                        <node id="node-Bip001_R_ForeTwist2" name="Bip001_R_ForeTwist2">
                          <matrix sid="matrix">1 0 -2.98023e-8 0.0924294 -5.96046e-8 0.9999868 0.005131245 2.98023e-8 0 -0.005131185 0.9999868 5.96046e-8 0 0 0 1</matrix>
                        </node>
                      </node>
                    </node>
                  </node>
                  <node id="node-Bip001_RUpArmTwist" name="Bip001_RUpArmTwist">
                    <matrix sid="matrix">0.5493995 0.02227664 -0.8352628 0.17644 0.1373555 0.9836377 0.1165802 1.49012e-8 0.8241928 -0.1787771 0.5373502 0 0 0 0 1</matrix>
                    <node id="node-Bip001_RUpArmTwist1" name="Bip001_RUpArmTwist1">
                      <matrix sid="matrix">1 0 -2.98023e-8 0.109108 -2.98023e-8 0.9999678 0.00803218 0 -2.98023e-8 -0.008032076 0.9999678 5.96046e-8 0 0 0 1</matrix>
                      <node id="node-Bip001_RUpArmTwist2" name="Bip001_RUpArmTwist2">
                        <matrix sid="matrix">1 -5.96046e-8 2.98023e-8 0.109108 0 0.9999678 0.008032113 5.96046e-8 0 -0.008032106 0.9999679 0 0 0 0 1</matrix>
                      </node>
                    </node>
                  </node>
                </node>
                <node id="node-Bip001_backpack_01" name="Bip001_backpack_01">
                  <matrix sid="matrix">-0.5666949 0.8238783 -0.009025498 0.2005213 -0.8237066 -0.5667625 -0.01696351 -0.08366781 -0.01909112 -0.002178782 0.9998154 2.15601e-7 0 0 0 1</matrix>
                  <node id="node-Bip001_backpack_02" name="Bip001_backpack_02">
                    <matrix sid="matrix">0.4627832 0.8864684 0.002394875 0.232448 -0.8862046 0.4627084 -0.02329286 -0.1188308 -0.02175653 0.008657305 0.9997258 -1.28523e-6 0 0 0 1</matrix>
                    <node id="node-Bip001_rope_01" name="Bip001_rope_01">
                      <matrix>0.9920248 0.05162501 -0.1149858 0.1412818 -0.05306487 0.9985461 -0.009494388 0.01898813 0.1143284 0.01551997 0.9933216 0.1224939 0 0 0 1</matrix>
                      <node id="node-Bip001_rope_02" name="Bip001_rope_02">
                        <matrix sid="matrix">0.9997541 -0.01585024 0.01551693 0.09589911 0.01587713 0.9998727 -0.001609892 -8.35061e-5 -0.01548945 0.001855941 0.9998782 -1.93715e-7 0 0 0 1</matrix>
                        <node id="node-Bip001_rope_03" name="Bip001_rope_03">
                          <matrix sid="matrix">0.9997433 0.02250134 0.002575964 0.1048663 -0.02249155 0.9997398 -0.003777416 -1.03801e-4 -0.002660424 0.003718255 0.9999895 -0.001026452 0 0 0 1</matrix>
                        </node>
                      </node>
                    </node>
                  </node>
                </node>
              </node>
            </node>
            <node id="node-Bip001_L_Thigh" name="Bip001_L_Thigh">
              <matrix sid="matrix">-0.9566534 0.2706935 -0.1074203 -0.1274861 0.2498512 0.9523712 0.1748239 0.01422504 0.1496278 0.1404069 -0.9787224 0.105955 0 0 0 1</matrix>
              <node id="node-Bip001_L_Calf" name="Bip001_L_Calf">
                <matrix sid="matrix">0.9395121 0.3425158 0 0.4010988 -0.3425158 0.939512 -4.47035e-8 2.98023e-8 1.49012e-8 -5.16884e-8 1 0 0 0 0 1</matrix>
                <node id="node-Bip001_L_Foot" name="Bip001_L_Foot">
                  <matrix sid="matrix">0.984223 0.002984665 -0.1769067 0.4339644 -0.004707092 0.9999455 -0.009317453 -4.47035e-8 0.1768693 0.01000333 0.9841836 5.96046e-8 0 0 0 1</matrix>
                  <node id="node-Bip001_L_Toe0" name="Bip001_L_Toe0">
                    <matrix sid="matrix">-0.01669757 -0.9998491 0.004803417 0.1261742 0.9998504 -0.01667552 0.004594534 0.158065 -0.00451379 0.004879415 0.9999779 0 0 0 0 1</matrix>
                  </node>
                </node>
              </node>
              <node id="node-Bip001_LCalfTwist" name="Bip001_LCalfTwist">
                <matrix sid="matrix">0.9395121 0.3425141 -0.001080871 0.4010988 -0.3425158 0.9395073 -0.002964772 2.98023e-8 1.49012e-8 0.003155628 0.999995 0 0 0 0 1</matrix>
                <node id="node-Bip001_LCalfTwist1" name="Bip001_LCalfTwist1">
                  <matrix sid="matrix">1 -3.72529e-9 2.98023e-8 0.2169822 -9.31323e-9 0.9999952 -0.003155673 -2.98023e-8 1.49012e-8 0.003155665 0.9999951 0 0 0 0 1</matrix>
                </node>
              </node>
            </node>
            <node id="node-Bip001_R_Thigh" name="Bip001_R_Thigh">
              <matrix sid="matrix">-0.8966333 0.1452532 0.4182705 -0.1407126 -0.06591878 0.8903407 -0.4504975 -0.01937976 -0.4378396 -0.4315029 -0.7887344 -0.1228675 0 0 0 1</matrix>
              <node id="node-Bip001_R_Calf" name="Bip001_R_Calf">
                <matrix sid="matrix">0.8859706 0.4637414 0 0.4010988 -0.4637414 0.8859708 1.49012e-8 -1.49012e-8 8.9407e-8 -2.23517e-8 1 2.98023e-8 0 0 0 1</matrix>
                <node id="node-Bip001_R_Foot" name="Bip001_R_Foot">
                  <matrix sid="matrix">0.903517 -0.2127663 0.3720051 0.4339643 0.2428088 0.969433 -0.03526653 -1.86265e-8 -0.3531305 0.12219 0.9275606 2.98023e-8 0 0 0 1</matrix>
                  <node id="node-Bip001_R_Toe0" name="Bip001_R_Toe0">
                    <matrix sid="matrix">-0.03457905 -0.9994017 -6.3448e-4 0.1261742 0.9994019 -0.03457865 -6.1939e-4 0.158065 5.97084e-4 -6.55519e-4 0.9999996 -2.98023e-8 0 0 0 1</matrix>
                  </node>
                </node>
              </node>
              <node id="node-Bip001_RCalfTwist" name="Bip001_RCalfTwist">
                <matrix sid="matrix">0.8859706 0.4637042 -0.005874246 0.4010988 -0.4637414 0.8858997 -0.01122265 -1.49012e-8 8.9407e-8 0.01266707 0.9999199 2.98023e-8 0 0 0 1</matrix>
                <node id="node-Bip001_RCalfTwist1" name="Bip001_RCalfTwist1">
                  <matrix sid="matrix">0.9999999 1.49012e-8 0 0.2169821 -1.49012e-8 0.9999198 -0.01266709 0 0 0.01266707 0.9999198 5.96046e-8 0 0 0 1</matrix>
                </node>
              </node>
            </node>
            <node id="node-Bip001_LThighTwist" name="Bip001_LThighTwist">
              <matrix sid="matrix">-0.9566534 0.268443 -0.1129265 -0.1274861 0.2498512 0.9557431 0.1553364 0.01422504 0.1496278 0.1203883 -0.9813858 0.105955 0 0 0 1</matrix>
              <node id="node-Bip001_LThighTwist1" name="Bip001_LThighTwist1">
                <matrix sid="matrix">1 0 1.49012e-8 0.2005494 2.98023e-8 0.9999478 0.01021247 0 0 -0.01021247 0.999948 0 0 0 0 1</matrix>
              </node>
            </node>
            <node id="node-Bip001_RThighTwist" name="Bip001_RThighTwist">
              <matrix sid="matrix">-0.8966333 -0.02836652 0.4418643 -0.1407126 -0.06591878 0.9953762 -0.06986216 -0.01937976 -0.4378396 -0.09176785 -0.8943576 -0.1228675 0 0 0 1</matrix>
              <node id="node-Bip001_RThighTwist1" name="Bip001_RThighTwist1">
                <matrix sid="matrix">1 -7.45058e-9 0 0.2005494 3.72529e-9 0.98023 -0.1978611 -3.72529e-9 0 0.1978612 0.98023 -5.96046e-8 0 0 0 1</matrix>
              </node>
            </node>
          </node>
        </node>
      </node>
    </visual_scene>
  </library_visual_scenes>
  <library_animations>
    <animation>
      <source id="node-Bip001_matrix-input">
        <float_array id="node-Bip001_matrix-input-array" count="41">0 0.03333334 0.06666667 0.1 0.1333333 0.1666667 0.2 0.2333333 0.2666667 0.3 0.3333333 0.3666667 0.4 0.4333333 0.4666667 0.5 0.5333334 0.5666667 0.6 0.6333333 0.6666667 0.7 0.7333333 0.7666667 0.8 0.8333333 0.8666667 0.9 0.9333333 0.9666666 1 1.033333 1.066667 1.1 1.133333 1.166667 1.2 1.233333 1.266667 1.3 1.333333</float_array>
        <technique_common>
          <accessor source="#node-Bip001_matrix-input-array" count="41" stride="1">
            <param name="TIME" type="float"/>
          </accessor>
        </technique_common>
      </source>
      <source id="node-Bip001_matrix-output">
        <float_array id="node-Bip001_matrix-output-array" count="656">-0.5723473 0.8200113 0 0.0173121 -0.8198809 -0.5722563 -0.01783043 0.02517288 -0.01462113 -0.0102052 0.999841 0.9496629 0 0 0 1 -0.5723474 0.8200113 0 0.01731723 -0.8198817 -0.5722569 -0.01777529 0.02552366 -0.01457595 -0.01017361 0.999842 0.9496791 0 0 0 1 -0.5723473 0.8200114 0 0.01732277 -0.8198843 -0.5722586 -0.01760828 0.02590292 -0.01443898 -0.01007801 0.999845 0.9497279 0 0 0 1 -0.5723475 0.8200113 0 0.01732861 -0.8198883 -0.5722616 -0.01732462 0.02630561 -0.01420634 -0.009915649 0.9998499 0.9498111 0 0 0 1 -0.5723474 0.8200113 0 0.01733475 -0.819894 -0.5722655 -0.01691722 0.02672672 -0.01387232 -0.009682536 0.9998569 0.9499304 0 0 0 1 -0.5723474 0.8200113 0 0.01734107 -0.8199013 -0.5722706 -0.01637786 0.02716124 -0.01343005 -0.009373843 0.9998659 0.9500881 0 0 0 1 -0.5723474 0.8200113 0 0.01734751 -0.8199102 -0.5722768 -0.01569855 0.02760416 -0.01287293 -0.008984982 0.9998768 0.9502871 0 0 0 1 -0.5723473 0.8200113 0 0.01735407 -0.8199206 -0.572284 -0.01487308 0.02805036 -0.01219612 -0.008512556 0.9998894 0.9505286 0 0 0 1 -0.5723474 0.8200113 0 0.0173605 -0.8199321 -0.5722921 -0.01389932 0.02849489 -0.0113976 -0.007955193 0.9999034 0.9508139 0 0 0 1 -0.5723474 0.8200113 0 0.01736688 -0.8199443 -0.5723006 -0.01278042 0.02893275 -0.0104801 -0.007314801 0.9999184 0.9511414 0 0 0 1 -0.5723474 0.8200113 0 0.01737314 -0.8199568 -0.5723094 -0.01152682 0.02935892 -0.009452104 -0.00659734 0.9999336 0.9515083 0 0 0 1 -0.5723472 0.8200112 0 0.0173791 -0.8199689 -0.5723177 -0.01015734 0.02976828 -0.008329093 -0.005813479 0.9999485 0.9519093 0 0 0 1 -0.5723474 0.8200113 0 0.0173847 -0.8199803 -0.5723257 -0.008700013 0.03015595 -0.007134079 -0.004979431 0.9999622 0.952336 0 0 0 1 -0.5723474 0.8200113 0 0.01739001 -0.8199901 -0.5723325 -0.007192492 0.03051674 -0.005897939 -0.004116594 0.9999741 0.9527772 0 0 0 1 -0.5723474 0.8200113 0 0.01739478 -0.8199981 -0.5723382 -0.005681812 0.03084576 -0.004659175 -0.003251969 0.9999839 0.9532195 0 0 0 1 -0.5723472 0.8200113 0 0.01739907 -0.820004 -0.572342 -0.004223346 0.03113794 -0.003463208 -0.002417206 0.9999911 0.9536464 0 0 0 1 -0.5723474 0.8200114 0 0.0174027 -0.8200079 -0.572345 -0.002879261 0.03138828 -0.002361059 -0.001647949 0.9999958 0.9540398 0 0 0 1 -0.5723473 0.8200113 0 0.01740562 -0.8200101 -0.5723465 -0.001716613 0.03159171 -0.001407623 -9.82516e-4 0.9999985 0.9543802 0 0 0 1 -0.5723474 0.8200114 0 0.01740783 -0.8200111 -0.5723473 -8.04458e-4 0.03174328 -6.59664e-4 -4.60429e-4 0.9999997 0.9546473 0 0 0 1 -0.5723473 0.8200113 0 0.01740926 -0.8200113 -0.5723473 -2.10916e-4 0.03183788 -1.72953e-4 -1.20717e-4 1 0.954821 0 0 0 1 -0.5723474 0.8200113 0 0.01740974 -0.8200113 -0.5723474 0 0.03187054 0 0 1 0.9548827 0 0 0 1 -0.5723473 0.8200113 0 0.01740854 -0.8200113 -0.5723473 -8.69194e-5 0.03179126 -7.12749e-5 -4.97481e-5 1 0.9548572 0 0 0 1 -0.5723474 0.8200113 0 0.01740533 -0.8200113 -0.5723474 -3.38781e-4 0.03156834 -2.77804e-4 -1.939e-4 1 0.9547835 0 0 0 1 -0.5723475 0.8200114 0 0.01740032 -0.8200111 -0.5723473 -7.4221e-4 0.03122574 -6.08621e-4 -4.24802e-4 0.9999997 0.9546654 0 0 0 1 -0.5723473 0.8200114 0 0.01739394 -0.8200107 -0.5723468 -0.001283824 0.03078901 -0.001052737 -7.348e-4 0.9999992 0.9545068 0 0 0 1 -0.5723473 0.8200113 0 0.01738661 -0.8200097 -0.5723461 -0.001950263 0.03028416 -0.001599252 -0.001116216 0.9999981 0.9543118 0 0 0 1 -0.5723473 0.8200114 0 0.01737862 -0.8200083 -0.5723451 -0.002728164 0.02973634 -0.002237081 -0.001561462 0.9999963 0.954084 0 0 0 1 -0.5723474 0.8200113 0 0.01737034 -0.820006 -0.5723437 -0.003604114 0.02916896 -0.002955436 -0.002062797 0.9999935 0.9538277 0 0 0 1 -0.5723474 0.8200113 0 0.01736211 -0.8200027 -0.5723415 -0.004564762 0.02860271 -0.003743171 -0.00261265 0.9999896 0.9535465 0 0 0 1 -0.5723473 0.8200114 0 0.01735413 -0.8199985 -0.5723384 -0.005596756 0.02805531 -0.004589438 -0.003203272 0.9999843 0.9532443 0 0 0 1 -0.5723474 0.8200114 0 0.01734662 -0.819993 -0.5723347 -0.006686687 0.02754086 -0.00548315 -0.003827095 0.9999777 0.9529253 0 0 0 1 -0.5723474 0.8200113 0 0.01733976 -0.8199863 -0.5723299 -0.007821202 0.02706998 -0.006413459 -0.004476428 0.9999694 0.9525932 0 0 0 1 -0.5723475 0.8200114 0 0.01733362 -0.8199783 -0.5723244 -0.008986949 0.02664965 -0.007369399 -0.005143642 0.9999596 0.952252 0 0 0 1 -0.5723473 0.8200112 0 0.01732832 -0.8199688 -0.5723177 -0.01017045 0.02628386 -0.008339881 -0.005820989 0.9999483 0.9519056 0 0 0 1 -0.5723474 0.8200114 0 0.01732379 -0.8199585 -0.5723106 -0.01135838 0.02597379 -0.009314 -0.006500899 0.9999355 0.9515577 0 0 0 1 -0.5723472 0.8200113 0 0.01732003 -0.8199468 -0.5723022 -0.01253741 0.02571856 -0.01028078 -0.007175743 0.9999214 0.9512125 0 0 0 1 -0.5723475 0.8200114 0 0.01731711 -0.8199345 -0.5722939 -0.0136941 0.02551597 -0.01122933 -0.007837772 0.9999063 0.9508739 0 0 0 1 -0.5723473 0.8200113 0 0.01731491 -0.8199213 -0.5722845 -0.01481515 0.0253629 -0.01214855 -0.008479416 0.9998903 0.9505458 0 0 0 1 -0.5723474 0.8200113 0 0.0173133 -0.8199079 -0.5722752 -0.01588714 0.02525633 -0.0130276 -0.009092926 0.9998738 0.9502318 0 0 0 1 -0.5723474 0.8200114 0 0.0173124 -0.8198943 -0.5722658 -0.01689666 0.02519363 -0.01385545 -0.009670734 0.9998573 0.9499363 0 0 0 1 -0.5723473 0.8200113 0 0.0173121 -0.8198809 -0.5722563 -0.01783043 0.02517288 -0.01462113 -0.0102052 0.999841 0.9496629 0 0 0 1</float_array>
        <technique_common>
          <accessor source="#node-Bip001_matrix-output-array" count="41" stride="16">
            <param name="TRANSFORM" type="float4x4"/>
          </accessor>
        </technique_common>
      </source>
      <source id="node-Bip001_matrix-interpolation">
        <Name_array id="node-Bip001_matrix-interpolation-array" count="41">LINEAR LINEAR LINEAR LINEAR LINEAR LINEAR LINEAR LINEAR LINEAR LINEAR LINEAR LINEAR LINEAR LINEAR LINEAR LINEAR LINEAR LINEAR LINEAR LINEAR LINEAR LINEAR LINEAR LINEAR LINEAR LINEAR LINEAR LINEAR LINEAR LINEAR LINEAR LINEAR LINEAR LINEAR LINEAR LINEAR LINEAR LINEAR LINEAR LINEAR LINEAR</Name_array>
        <technique_common>
          <accessor source="#node-Bip001_matrix-interpolation-array" count="41" stride="1">
            <param name="INTERPOLATION" type="name"/>
          </accessor>
        </technique_common>
      </source>
      <source id="node-Bip001_Spine1_matrix-input">
        <float_array id="node-Bip001_Spine1_matrix-input-array" count="41">0 0.03333334 0.06666667 0.1 0.1333333 0.1666667 0.2 0.2333333 0.2666667 0.3 0.3333333 0.3666667 0.4 0.4333333 0.4666667 0.5 0.5333334 0.5666667 0.6 0.6333333 0.6666667 0.7 0.7333333 0.7666667 0.8 0.8333333 0.8666667 0.9 0.9333333 0.9666666 1 1.033333 1.066667 1.1 1.133333 1.166667 1.2 1.233333 1.266667 1.3 1.333333</float_array>
        <technique_common>
          <accessor source="#node-Bip001_Spine1_matrix-input-array" count="41" stride="1">
            <param name="TIME" type="float"/>
          </accessor>
        </technique_common>
      </source>
      <source id="node-Bip001_Spine1_matrix-output">
        <float_array id="node-Bip001_Spine1_matrix-output-array" count="656">0.9964873 0.06361246 -0.05446743 0.1646254 -0.06511074 0.9975343 -0.02618676 -1.30773e-4 0.05266731 0.02964133 0.9981722 -3.8892e-6 0 0 0 1 0.9965918 0.057787 -0.05886822 0.1646264 -0.05941498 0.997887 -0.0262888 -1.30802e-4 0.05722469 0.02969688 0.9979196 -3.8892e-6 0 0 0 1 0.9966421 0.05218076 -0.06309914 0.1646273 -0.05393415 0.9981951 -0.02640962 -1.3084e-4 0.06160718 0.02972429 0.9976577 -3.8892e-6 0 0 0 1 0.9966456 0.04714316 -0.06689637 0.1646276 -0.04900944 0.9984458 -0.02653557 -1.30892e-4 0.06554144 0.02972519 0.997407 -3.9041e-6 0 0 0 1 0.9966139 0.04251402 -0.07037997 0.1646283 -0.04448407 0.998654 -0.02666538 -1.30914e-4 0.06915163 0.029706 0.9971638 -3.9041e-6 0 0 0 1 0.9965556 0.03825253 -0.07357895 0.1646289 -0.04031819 0.9988276 -0.02679598 -1.30929e-4 0.07246768 0.02967035 0.9969294 -3.8892e-6 0 0 0 1 0.9964776 0.03434878 -0.07650297 0.1646293 -0.03650182 0.9989708 -0.02692431 -1.30966e-4 0.07549947 0.02962201 0.9967058 -3.89665e-6 0 0 0 1 0.9963858 0.03077656 -0.07917296 0.16463 -0.03300935 0.999089 -0.02704811 -1.30966e-4 0.0782684 0.02956384 0.9964939 -3.88175e-6 0 0 0 1 0.9962857 0.02754312 -0.08158415 0.1646301 -0.0298478 0.9991853 -0.02716451 -1.30996e-4 0.08076947 0.02949875 0.9962962 -3.8743e-6 0 0 0 1 0.9961825 0.02463477 -0.08374756 0.1646308 -0.02700364 0.9992632 -0.0272715 -1.30989e-4 0.08301407 0.02942907 0.9961137 -3.85195e-6 0 0 0 1 0.9960815 0.02208822 -0.08563661 0.164631 -0.02451288 0.9993249 -0.02736586 -1.31011e-4 0.08497434 0.02935791 0.9959505 -3.8594e-6 0 0 0 1 0.995988 0.01991558 -0.0872426 0.1646312 -0.02238732 0.9993726 -0.02744501 -1.31011e-4 0.08664131 0.02928805 0.995809 -3.8445e-6 0 0 0 1 0.9959082 0.01817685 -0.08852249 0.1646316 -0.02068549 0.9994077 -0.0275048 -1.31004e-4 0.08797007 0.02922338 0.9956943 -3.8296e-6 0 0 0 1 0.9958478 0.01691299 -0.08944833 0.1646317 -0.01944607 0.9994319 -0.02752423 -1.31026e-4 0.08893203 0.02914935 0.9956111 -3.83705e-6 0 0 0 1 0.9958132 0.01619219 -0.08996593 0.1646318 -0.01874047 0.9994446 -0.02755284 -1.31018e-4 0.08946985 0.02912354 0.9955636 -3.82215e-6 0 0 0 1 0.9958099 0.01607203 -0.09002512 0.1646317 -0.0186327 0.9994433 -0.02767616 -1.31033e-4 0.08953022 0.0292378 0.9955548 -3.8445e-6 0 0 0 1 0.9958404 0.01662528 -0.0895847 0.1646318 -0.01918321 0.9994304 -0.02776777 -1.31011e-4 0.08907204 0.02937096 0.9955921 -3.8594e-6 0 0 0 1 0.9959062 0.0179342 -0.08859622 0.1646317 -0.02046155 0.9994068 -0.02770125 -1.31018e-4 0.08804684 0.0294007 0.9956825 -3.8594e-6 0 0 0 1 0.9960044 0.02002769 -0.08703011 0.1646312 -0.02250409 0.9993666 -0.0275672 -1.31018e-4 0.08642292 0.02941566 0.9958242 -3.86685e-6 0 0 0 1 0.9961264 0.02287834 -0.08490419 0.1646308 -0.02528887 0.9993039 -0.02742528 -1.30996e-4 0.08421766 0.02946615 0.9960117 -3.86685e-6 0 0 0 1 0.9962713 0.02673757 -0.08202826 0.1646304 -0.02906012 0.9992063 -0.02725166 -1.31004e-4 0.08123451 0.02953392 0.9962575 -3.8892e-6 0 0 0 1 0.996431 0.03197962 -0.07812005 0.1646299 -0.0341838 0.9990496 -0.02704221 -1.30959e-4 0.07718098 0.02961623 0.9965773 -3.8892e-6 0 0 0 1 0.9965651 0.03820788 -0.07347148 0.1646287 -0.04027229 0.9988285 -0.02682459 -1.30951e-4 0.07236051 0.02969133 0.9969365 -3.9041e-6 0 0 0 1 0.9966453 0.04535841 -0.06812494 0.164628 -0.0472632 0.9985278 -0.02661353 -1.30914e-4 0.06681746 0.02974408 0.9973219 -3.91155e-6 0 0 0 1 0.996644 0.05280584 -0.06254923 0.1646269 -0.05454534 0.9981613 -0.02643692 -1.30855e-4 0.06103819 0.02976012 0.9976917 -3.9041e-6 0 0 0 1 0.9965611 0.0599758 -0.05717539 0.1646261 -0.06155717 0.9977568 -0.02630907 -1.30795e-4 0.05546921 0.02973824 0.9980176 -3.9041e-6 0 0 0 1 0.9964116 0.06665384 -0.05216509 0.1646252 -0.06808865 0.9973344 -0.02622723 -1.30735e-4 0.05027788 0.02968508 0.998294 -3.8892e-6 0 0 0 1 0.9962251 0.07245123 -0.04781126 0.1646244 -0.07375937 0.996932 -0.02618664 -1.30676e-4 0.0457673 0.02961426 0.9985131 -3.88175e-6 0 0 0 1 0.9960283 0.07731968 -0.04415208 0.1646237 -0.07852196 0.9965686 -0.02617555 -1.30646e-4 0.04197669 0.02953851 0.9986819 -3.88175e-6 0 0 0 1 0.9958516 0.08105903 -0.04133999 0.1646231 -0.08218103 0.9962729 -0.0262013 -1.30601e-4 0.03906202 0.02949011 0.9988017 -3.88175e-6 0 0 0 1 0.9957115 0.08373773 -0.03932434 0.164623 -0.08480125 0.9960532 -0.02620083 -1.30579e-4 0.03697514 0.02942329 0.9988828 -3.8594e-6 0 0 0 1 0.995624 0.08531349 -0.0381366 0.1646225 -0.08633816 0.9959243 -0.02607828 -1.30564e-4 0.03575628 0.02925699 0.9989323 -3.85195e-6 0 0 0 1 0.9955896 0.08591645 -0.03768104 0.1646227 -0.08692359 0.9958769 -0.02595436 -1.30549e-4 0.03529578 0.02911537 0.9989528 -3.8147e-6 0 0 0 1 0.9956071 0.08561229 -0.03791069 0.1646227 -0.08662593 0.9959027 -0.0259521 -1.30549e-4 0.03553354 0.02912223 0.998944 -3.8147e-6 0 0 0 1 0.9956668 0.08455079 -0.03871136 0.1646229 -0.08558857 0.9959917 -0.02598279 -1.30557e-4 0.03635931 0.02918356 0.9989125 -3.82215e-6 0 0 0 1 0.9957586 0.08286201 -0.03998416 0.1646231 -0.08393692 0.996132 -0.02599507 -1.30571e-4 0.03767549 0.02924108 0.998862 -3.83705e-6 0 0 0 1 0.9958709 0.08066958 -0.04163587 0.1646234 -0.08179253 0.9963099 -0.02600836 -1.30609e-4 0.03938412 0.02930653 0.9987944 -3.8445e-6 0 0 0 1 0.9959922 0.07811599 -0.04355895 0.1646234 -0.07929491 0.9965113 -0.02602511 -1.30646e-4 0.04137402 0.02937495 0.9987118 -3.8743e-6 0 0 0 1 0.9961151 0.07527488 -0.04569768 0.1646239 -0.07651615 0.9967281 -0.02604657 -1.30653e-4 0.0435875 0.02944213 0.9986159 -3.8594e-6 0 0 0 1 0.9962326 0.07223391 -0.04798591 0.1646244 -0.07354187 0.9969511 -0.02607351 -1.30691e-4 0.04595619 0.02950435 0.9985077 -3.88175e-6 0 0 0 1 0.996339 0.06909418 -0.05034738 0.1646246 -0.07047128 0.9971721 -0.0261076 -1.30728e-4 0.04840105 0.0295602 0.9983906 -3.88175e-6 0 0 0 1</float_array>
        <technique_common>
          <accessor source="#node-Bip001_Spine1_matrix-output-array" count="41" stride="16">
            <param name="TRANSFORM" type="float4x4"/>
          </accessor>
        </technique_common>
      </source>
      <source id="node-Bip001_Spine1_matrix-interpolation">
