<?xml version="1.0" encoding="utf-8"?>
<COLLADA xmlns="http://www.collada.org/2005/11/COLLADASchema" version="1.4.1">
  <asset>
    <contributor>
      <author>vantuzz</author>
      <authoring_tool>OpenCOLLADA for 3ds Max;  Version: 1.3.1;  Revision: 847M;  Platform: x64;  Configuration: Release_Max2012_static</authoring_tool>
      <source_data>file:///C:/Users/vantuzz/Desktop/new_animations_max2012/harpoon_draw.max</source_data>
    </contributor>
    <created>2012-09-24T14:03:28</created>
    <modified>2012-09-24T14:03:28</modified>
    <unit name="meter" meter="1"/>
    <up_axis>Z_UP</up_axis>
  </asset>
  <library_lights>
    <light id="EnvironmentAmbientLight" name="EnvironmentAmbientLight">
      <technique_common>
        <ambient>
          <color>0.019608 0.019608 0.019608</color>
        </ambient>
      </technique_common>
    </light>
  </library_lights>
  <library_visual_scenes>
    <visual_scene id="MaxScene">
      <node name="EnvironmentAmbientLight">
        <instance_light url="#EnvironmentAmbientLight"/>
      </node>
      <node id="node-Bip001" name="Bip001">
        <matrix>-0.5723473 0.8200113 -3.72529e-9 3.72529e-9 -0.8198809 -0.5722563 -0.01783047 0 -0.01462119 -0.01020522 0.999841 0.961857 0 0 0 1</matrix>
        <node id="node-Bip001_Pelvis" name="Bip001_Pelvis">
          <matrix>-0.04494381 0.9659262 0.2548856 -0.027872 -0.1344771 -0.2586709 0.9565591 -9.31323e-10 0.9898969 0.008715127 0.1415206 0 0 0 0 1</matrix>
          <node id="node-Bip001_Spine" name="Bip001_Spine">
            <matrix>0.995562 0.06586146 -0.0672196 0.1044803 -0.07480726 0.987228 -0.1406586 0.01650777 0.05709708 0.1450626 0.9877734 0.01916951 0 0 0 1</matrix>
            <node id="node-Bip001_Spine1" name="Bip001_Spine1">
              <matrix>0.9963388 0.06909443 -0.0503475 0.1646248 -0.0704715 0.9971719 -0.02610769 -1.3072e-4 0.04840123 0.02956025 0.9983904 -3.88175e-6 0 0 0 1</matrix>
              <node id="node-Bip001_Spine2" name="Bip001_Spine2">
                <matrix>0.9560513 -0.293137 0.006052812 0.1646726 0.2931988 0.9558039 -0.02176085 -1.25319e-4 5.93609e-4 0.02257915 0.9997449 -2.96254e-6 0 0 0 1</matrix>
                <node id="node-Bip001_Neck" name="Bip001_Neck">
                  <matrix>0.9802767 -0.1871359 0.06354126 0.1743733 0.1933144 0.9747799 -0.1115062 -0.007501692 -0.04107193 0.1215904 0.9917302 -7.37142e-6 0 0 0 1</matrix>
                  <node id="node-Bip001_Head" name="Bip001_Head">
                    <matrix>0.9662035 0.1372397 -0.2182109 0.08448005 -0.2314951 0.8343455 -0.5002776 0.03011221 0.1134053 0.5338849 0.8379179 8.9407e-8 0 0 0 1</matrix>
                    <node id="node-Bip001_AngryBrowR" name="Bip001_AngryBrowR">
                      <matrix>0.1728748 -0.969985 0.1710077 0.1354001 0.9849439 0.1702244 -0.03015568 0.10434 1.40856e-4 0.1736462 0.9848081 -0.01978301 0 0 0 1</matrix>
                    </node>
                    <node id="node-Bip001_SillyBrowL" name="Bip001_SillyBrowL">
                      <matrix>0.1322662 -0.9505695 -0.2809331 0.1346172 0.7546291 0.2803332 -0.5932522 0.08548389 0.6426824 -0.1335331 0.7544059 0.05988024 0 0 0 1</matrix>
                    </node>
                    <node id="node-Bip001_SillyBrowR" name="Bip001_SillyBrowR">
                      <matrix>0.1322662 -0.950571 0.2809279 0.134617 0.7546327 0.2803291 0.5932496 0.08548424 -0.6426783 0.1335305 0.75441 -0.05987978 0 0 0 1</matrix>
                    </node>
                    <node id="node-Bip001_jaw" name="Bip001_jaw">
                      <matrix>-0.6233311 -0.781958 -2.16812e-6 0.07393014 0.7819581 -0.6233312 -4.50108e-6 0.010618 2.16998e-6 -4.49829e-6 1 3.35276e-8 0 0 0 1</matrix>
                      <node id="node-Bip001_lowerLipL" name="Bip001_lowerLipL">
                        <matrix>0.7819584 -2.38791e-6 0.6233305 0.1074494 -0.6233305 -2.8573e-6 0.7819584 -0.03484035 -7.38073e-8 -1 -3.69921e-6 0.009658765 0 0 0 1</matrix>
                      </node>
                      <node id="node-Bip001_lowerLipR" name="Bip001_lowerLipR">
                        <matrix>0.7819585 1.78628e-6 -0.6233306 0.1074493 -0.6233305 -4.03449e-6 -0.7819585 -0.03484023 -3.91738e-6 1 -2.01538e-6 -0.009658955 0 0 0 1</matrix>
                      </node>
                    </node>
                    <node id="node-Bip001_upperLipL" name="Bip001_upperLipL">
                      <matrix>1.56462e-7 -6.4671e-6 -1 0.04530883 1 3.11504e-6 2.16067e-7 0.116103 3.14531e-6 -1 6.40377e-6 0.009555256 0 0 0 1</matrix>
                    </node>
                    <node id="node-Bip001_upperLipR" name="Bip001_upperLipR">
                      <matrix>1.63913e-7 -1.20252e-5 1 0.04530895 1 -2.43168e-6 -2.23517e-7 0.1161031 2.40211e-6 1 1.19507e-5 -0.009554604 0 0 0 1</matrix>
                    </node>
                    <node id="node-Bip001_AngryBrowL" name="Bip001_AngryBrowL">
                      <matrix>0.1728748 -0.969984 -0.1710131 0.1354001 0.9849439 0.1702252 0.03015116 0.1043399 -1.35391e-4 -0.1736507 0.9848073 0.01978359 0 0 0 1</matrix>
                    </node>
                    <node id="node-Bone050" name="Bone050">
                      <matrix>-0.2718078 -2.01166e-7 0.962352 0.1766739 -0.9409112 0.2099095 -0.2657521 0.01386483 -0.2020065 -0.9777209 -0.05705524 -0.08004189 0 0 0 1</matrix>
                      <node id="node-Bone051" name="Bone051">
                        <matrix>0.8727055 -0.06772888 0.4835261 0.06664181 0.04994021 0.9975201 0.0495895 1.49012e-8 -0.4856858 -0.01912965 0.8739239 1.19209e-7 0 0 0 1</matrix>
                        <node id="node-Bone052" name="Bone052">
                          <matrix>0.9062538 -0.3886848 0.1662163 0.05545199 0.2715809 0.8366385 0.4756894 2.98023e-8 -0.3239559 -0.3859543 0.8637661 -1.19209e-7 0 0 0 1</matrix>
                          <node id="node-Bone053" name="Bone053">
                            <matrix>0.818351 -0.4357321 -0.3747523 0.0551728 0.1430369 -0.4771263 0.8671163 7.45058e-9 -0.5566343 -0.7632089 -0.3281313 -1.19209e-7 0 0 0 1</matrix>
                            <node id="node-Bone054" name="Bone054">
                              <matrix>0.8138614 -0.1123602 -0.5700922 0.05649614 0.4602881 0.7234693 0.5145157 -2.98023e-8 0.354633 -0.681151 0.6405218 3.35276e-8 0 0 0 1</matrix>
                            </node>
                          </node>
                        </node>
                      </node>
                    </node>
                    <node id="node-Bone044" name="Bone044">
                      <matrix>-0.09140617 -3.09199e-7 0.9958135 0.2017385 -0.9919916 0.0875328 -0.09105518 0.01348124 -0.08716604 -0.9961615 -0.008001361 -0.06964695 0 0 0 1</matrix>
                      <node id="node-Bone045" name="Bone045">
                        <matrix>0.7861627 0.1194515 0.6063655 0.07249831 -0.08783491 0.9927796 -0.08169392 2.68221e-7 -0.6117459 0.01096465 0.7909783 -1.43051e-6 0 0 0 1</matrix>
                        <node id="node-Bone046" name="Bone046">
                          <matrix>0.9278779 -0.2364843 0.288303 0.06258821 0.1528029 0.9464127 0.2845248 -1.2666e-7 -0.3401391 -0.2199506 0.9142909 4.05312e-6 0 0 0 1</matrix>
                          <node id="node-Bone047" name="Bone047">
                            <matrix>0.9307666 -0.3523221 0.09768246 0.06108749 0.1767301 0.6674466 0.7233816 4.47035e-8 -0.3200613 -0.6560363 0.683503 0 0 0 0 1</matrix>
                            <node id="node-Bone048" name="Bone048">
                              <matrix>0.9457324 0.2373301 -0.221957 0.07517135 -0.2279811 -0.002116293 -0.9736635 0 -0.2315492 0.971427 0.05210517 0 0 0 0 1</matrix>
                              <node id="node-Bone049" name="Bone049">
                                <matrix>0.8586524 0.1722122 -0.4827632 0.08048499 -0.4657757 0.6552924 -0.5946813 -1.04308e-7 0.2139394 0.7354834 0.6428802 0 0 0 0 1</matrix>
                              </node>
                            </node>
                          </node>
                        </node>
                      </node>
                    </node>
                    <node id="node-Bone014" name="Bone014">
                      <matrix>-0.02865501 1.52737e-7 0.9995889 0.2221857 -0.9993565 0.02160701 -0.02864816 0.004512832 -0.02159805 -0.9997667 -6.18886e-4 -0.0577457 0 0 0 1</matrix>
                      <node id="node-Bone015" name="Bone015">
                        <matrix>0.8968285 0.1569263 0.4136093 0.04459424 -0.1405922 0.9876001 -0.06985627 1.49012e-8 -0.4194429 0.004498854 0.907771 -3.8147e-6 0 0 0 1</matrix>
                        <node id="node-Bone016" name="Bone016">
                          <matrix>0.8073795 0.3848707 0.4472287 0.05171204 -0.2289694 0.9029425 -0.3636864 1.49012e-7 -0.5437937 0.1912311 0.8171406 1.19209e-7 0 0 0 1</matrix>
                          <node id="node-Bone017" name="Bone017">
                            <matrix>0.9567488 0.1163465 0.2666373 0.06625271 -0.06016741 0.9758648 -0.209923 0 -0.2846259 0.1848009 0.9406573 0 0 0 0 1</matrix>
                            <node id="node-Bone018" name="Bone018">
                              <matrix>0.9759616 -0.1837634 -0.1171753 0.07592642 0.2160517 0.7450927 0.6309979 1.19209e-7 -0.02864772 -0.6411459 0.7668844 -4.47035e-6 0 0 0 1</matrix>
                              <node id="node-Bone019" name="Bone019">
                                <matrix>0.9469508 -0.1838324 -0.26361 0.05424273 0.2948284 0.8233756 0.4849015 -4.09782e-8 0.1279092 -0.5368977 0.8338951 0 0 0 0 1</matrix>
                                <node id="node-Bone020" name="Bone020">
                                  <matrix>0.7088868 -0.5135251 -0.4834986 0.1070502 0.4797029 -0.1515179 0.8642494 -1.49012e-8 -0.5170729 -0.8445907 0.1389303 0 0 0 0 1</matrix>
                                </node>
                              </node>
                            </node>
                          </node>
                        </node>
                      </node>
                    </node>
                    <node id="node-Bone006" name="Bone006">
                      <matrix>0.196101 -4.09782e-8 0.9805838 0.2309457 -0.9789097 0.0584061 0.1957662 0.03429443 -0.05727206 -0.9982929 0.01145347 -0.02691687 0 0 0 1</matrix>
                      <node id="node-Bone007" name="Bone007">
                        <matrix>0.9117423 -0.01410428 0.4105207 0.04605407 0.01401885 0.9998968 0.003218506 0 -0.4105237 0.002820574 0.9118454 0 0 0 0 1</matrix>
                        <node id="node-Bone008" name="Bone008">
                          <matrix>0.9392015 0.1158516 0.3232315 0.04755574 -0.1007923 0.9929103 -0.06300743 7.45058e-9 -0.3282396 0.02659744 0.9442203 -1.19209e-7 0 0 0 1</matrix>
                          <node id="node-Bone009" name="Bone009">
                            <matrix>0.9081647 5.73472e-4 0.4186127 0.05169481 -3.70679e-4 0.9999999 -5.6573e-4 1.11759e-8 -0.4186127 3.58578e-4 0.9081648 -1.19209e-7 0 0 0 1</matrix>
                            <node id="node-Bone010" name="Bone010">
                              <matrix>0.9252816 -0.277404 0.2586523 0.0660634 0.1212467 0.8625091 0.4913011 -8.19564e-8 -0.3593791 -0.4232312 0.8316982 2.38419e-7 0 0 0 1</matrix>
                              <node id="node-Bone011" name="Bone011">
                                <matrix>0.9589167 -0.2158548 -0.1840784 0.06010854 0.2631018 0.4340237 0.8616267 1.19209e-7 -0.1060918 -0.87466 0.4729844 0 0 0 0 1</matrix>
                                <node id="node-Bone012" name="Bone012">
                                  <matrix>0.966953 -0.1915676 -0.1682376 0.05975711 0.2547095 0.7547973 0.6044863 8.34465e-7 0.0111853 -0.6273614 0.7786477 -1.78814e-7 0 0 0 1</matrix>
                                  <node id="node-Bone013" name="Bone013">
                                    <matrix>0.8543545 -0.001355778 -0.519689 0.05263507 0.002830263 0.999994 0.002043933 -7.45058e-8 0.5196831 -0.003217166 0.8543533 4.17233e-7 0 0 0 1</matrix>
                                  </node>
                                </node>
                              </node>
                            </node>
                          </node>
                        </node>
                      </node>
                    </node>
                    <node id="node-Bone021" name="Bone021">
                      <matrix>0.4470656 -1.19209e-7 0.8945011 0.2271242 -0.8945011 6.31297e-6 0.4470657 0.05075829 -5.77047e-6 -0.9999998 2.69338e-6 3.5204e-7 0 0 0 1</matrix>
                      <node id="node-Bone022" name="Bone022">
                        <matrix>0.906424 4.99189e-6 0.4223688 0.03557795 -5.61727e-6 1 2.45869e-7 -7.45058e-9 -0.4223689 -2.58908e-6 0.9064241 -1.19209e-7 0 0 0 1</matrix>
                        <node id="node-Bone023" name="Bone023">
                          <matrix>0.961326 -9.52976e-7 0.2754122 0.04570849 9.1549e-7 1 2.64496e-7 -1.11759e-8 -0.2754122 3.72529e-9 0.9613261 0 0 0 0 1</matrix>
                          <node id="node-Bone024" name="Bone024">
                            <matrix>0.8313264 -1.69547e-6 0.5557857 0.05609789 1.19023e-6 0.9999999 1.27219e-6 3.72529e-9 -0.5557856 -3.94881e-7 0.8313264 -2.14577e-6 0 0 0 1</matrix>
                            <node id="node-Bone025" name="Bone025">
                              <matrix>0.9055953 0 0.4241419 0.06339753 3.72529e-9 0.9999999 -2.79397e-9 1.30385e-8 -0.4241419 1.86265e-9 0.9055954 7.15256e-7 0 0 0 1</matrix>
                              <node id="node-Bone026" name="Bone026">
                                <matrix>0.9644743 1.10529e-5 0.2641778 0.06756556 -9.16421e-7 0.9999999 -3.84962e-5 3.72529e-9 -0.2641778 3.68878e-5 0.9644742 9.53674e-7 0 0 0 1</matrix>
                                <node id="node-Bone027" name="Bone027">
                                  <matrix>0.9817942 -1.13994e-6 -0.1899466 0.07909262 9.83663e-6 1 4.48273e-5 3.72529e-9 0.1899466 -4.58797e-5 0.9817943 -4.76837e-7 0 0 0 1</matrix>
                                  <node id="node-Bone028" name="Bone028">
                                    <matrix>0.9998928 2.05822e-6 0.01466206 0.07343221 -1.90549e-6 1 -1.03703e-5 3.72529e-9 -0.014662 1.03433e-5 0.9998927 1.19209e-7 0 0 0 1</matrix>
                                  </node>
                                </node>
                              </node>
                            </node>
                          </node>
                        </node>
                      </node>
                    </node>
                    <node id="node-Bone029" name="Bone029">
                      <matrix>0.1961011 -5.66244e-7 0.9805838 0.2309458 -0.9789101 -0.05839993 0.1957663 0.03429424 0.05726586 -0.9982933 -0.01145283 0.0269171 0 0 0 1</matrix>
                      <node id="node-Bone030" name="Bone030">
                        <matrix>0.9117724 0.01410467 0.4104536 0.04605374 -0.01401945 0.9998964 -0.00321755 -6.70552e-8 -0.4104564 -0.002820667 0.9118758 -3.93391e-6 0 0 0 1</matrix>
                        <node id="node-Bone031" name="Bone031">
                          <matrix>0.9391771 -0.1158523 0.3233028 0.04755454 0.1007911 0.9929109 0.06300677 1.11759e-8 -0.3283099 -0.02658846 0.9441957 0 0 0 0 1</matrix>
                          <node id="node-Bone032" name="Bone032">
                            <matrix>0.9038532 0.04105058 0.4258697 0.05169511 -0.02617575 0.9988274 -0.04072464 -7.45058e-9 -0.4270421 0.02566158 0.903868 1.19209e-7 0 0 0 1</matrix>
                            <node id="node-Bone033" name="Bone033">
                              <matrix>0.9352224 0.2103267 0.2848187 0.06606305 -0.09208226 0.9212399 -0.3779385 7.45058e-9 -0.3418767 0.3272297 0.8809316 1.19209e-7 0 0 0 1</matrix>
                              <node id="node-Bone034" name="Bone034">
                                <matrix>0.9540269 0.2209558 -0.202513 0.06010926 -0.2726005 0.3588102 -0.8927173 2.23517e-8 -0.1245871 0.9068816 0.4025471 5.96046e-8 0 0 0 1</matrix>
                                <node id="node-Bone035" name="Bone035">
                                  <matrix>0.9640254 0.1841629 -0.1916738 0.05975628 -0.2622839 0.7761135 -0.573458 0 0.04315069 0.603101 0.7964969 -5.96046e-8 0 0 0 1</matrix>
                                  <node id="node-Bone036" name="Bone036">
                                    <matrix>0.8694144 0.01521917 -0.4938494 0.05263555 -0.02966286 0.9993309 -0.02142422 -5.96046e-8 0.4931929 0.03327525 0.8692836 0 0 0 0 1</matrix>
                                  </node>
                                </node>
                              </node>
                            </node>
                          </node>
                        </node>
                      </node>
                    </node>
                    <node id="node-Bone037" name="Bone037">
                      <matrix>-0.03296219 1.56462e-7 0.9994566 0.2221857 -0.99898 -0.03087514 -0.03294624 0.004512325 0.03085842 -0.9995233 0.001017891 0.05774617 0 0 0 1</matrix>
                      <node id="node-Bone038" name="Bone038">
                        <matrix>0.8929766 -0.1232729 0.4328945 0.0445945 0.1165006 0.9922915 0.04225146 5.21541e-8 -0.434766 0.01270289 0.9004543 0 0 0 0 1</matrix>
                        <node id="node-Bone039" name="Bone039">
                          <matrix>0.8104645 -0.3801517 0.4456805 0.05171019 0.2161753 0.9012179 0.3755988 7.45058e-9 -0.5444399 -0.2080643 0.8125846 -1.66893e-6 0 0 0 1</matrix>
                          <node id="node-Bone040" name="Bone040">
                            <matrix>0.9648312 -0.1429276 0.2206182 0.06625342 0.07894538 0.9580725 0.2754363 -2.98023e-8 -0.2507358 -0.2483327 0.9356616 2.38419e-7 0 0 0 1</matrix>
                            <node id="node-Bone041" name="Bone041">
                              <matrix>0.975956 0.1838065 -0.1171584 0.07592785 -0.216068 0.7449556 -0.6311548 2.08616e-7 -0.02873254 0.6412933 0.7667581 -5.96046e-8 0 0 0 1</matrix>
                              <node id="node-Bone042" name="Bone042">
                                <matrix>0.9450259 0.2399526 -0.2221449 0.05424118 -0.3174697 0.8360454 -0.4474816 1.86265e-8 0.07834879 0.4934064 0.8662628 2.98023e-7 0 0 0 1</matrix>
                                <node id="node-Bone043" name="Bone043">
                                  <matrix>0.7633407 0.4381691 -0.4746785 0.1070515 -0.4467452 -0.1726974 -0.8778357 -3.72529e-8 -0.4666158 0.8821476 0.06392275 0 0 0 0 1</matrix>
                                </node>
                              </node>
                            </node>
                          </node>
                        </node>
                      </node>
                    </node>
                    <node id="node-Bone055" name="Bone055">
                      <matrix>-0.09140527 -2.58908e-7 0.9958146 0.2017384 -0.9919921 -0.08752591 -0.09105451 0.01348093 0.08715952 -0.9961622 0.008000089 0.06964731 0 0 0 1</matrix>
                      <node id="node-Bone056" name="Bone056">
                        <matrix>0.7861555 -0.1194354 0.6063781 0.07249785 0.08782185 0.9927816 0.08168431 3.57628e-7 -0.6117567 -0.01096334 0.7909697 0 0 0 0 1</matrix>
                        <node id="node-Bone057" name="Bone057">
                          <matrix>0.9220536 0.282224 0.26489 0.062585 -0.1853493 0.9227368 -0.3379383 -3.27826e-7 -0.3397979 0.2625 0.9031229 1.19209e-7 0 0 0 1</matrix>
                          <node id="node-Bone058" name="Bone058">
                            <matrix>0.9331158 0.3402686 0.1162441 0.06108952 -0.172181 0.7066321 -0.6863126 2.70084e-8 -0.3156725 0.6203942 0.717957 1.19209e-7 0 0 0 1</matrix>
                            <node id="node-Bone059" name="Bone059">
                              <matrix>0.9435687 -0.2433106 -0.2246737 0.07517004 0.22795 -0.01498588 0.9735572 7.45058e-8 -0.2402438 -0.9698328 0.04132228 0 0 0 0 1</matrix>
                              <node id="node-Bone060" name="Bone060">
                                <matrix>0.8586497 -0.1722088 -0.4827677 0.08048642 0.465779 0.6552852 0.5946858 5.96046e-8 0.2139404 -0.7354899 0.6428716 -1.19209e-7 0 0 0 1</matrix>
                              </node>
                            </node>
                          </node>
                        </node>
                      </node>
                    </node>
                    <node id="node-Bone061" name="Bone061">
                      <matrix>-0.2765531 5.90459e-7 0.9609984 0.1766735 -0.9376871 -0.2189246 -0.2698443 0.01386444 0.2103861 -0.9757419 0.06054474 0.08005011 0 0 0 1</matrix>
                      <node id="node-Bone062" name="Bone062">
                        <matrix>0.8800435 0.0314892 0.4738474 0.06630632 -0.02342629 0.9994628 -0.02291051 5.96046e-8 -0.4743143 0.009061748 0.8803087 -1.90735e-6 0 0 0 1</matrix>
                        <node id="node-Bone063" name="Bone063">
                          <matrix>0.8984269 0.4092896 0.1590954 0.05577612 -0.2856669 0.8199127 -0.4961224 -1.49012e-8 -0.3335018 0.4002815 0.8535521 0 0 0 0 1</matrix>
                          <node id="node-Bone064" name="Bone064">
                            <matrix>0.8136281 0.4382423 -0.3820378 0.05538905 -0.1488503 -0.4781921 -0.8655492 -3.72529e-8 -0.5620081 0.7611017 -0.323838 0 0 0 0 1</matrix>
                            <node id="node-Bone065" name="Bone065">
                              <matrix>0.8752897 0.08609422 -0.4758736 0.05682147 -0.3054109 0.8613694 -0.4059146 2.98023e-8 0.374956 0.5006298 0.7802422 2.98023e-8 0 0 0 1</matrix>
                            </node>
                          </node>
                        </node>
                      </node>
                    </node>
                    <node id="node-Bone077" name="Bone077">
                      <matrix>-0.01159015 3.8743e-7 0.9999328 0.137599 -0.8724391 -0.4886189 -0.01011202 0.0314253 0.4885862 -0.8724974 0.005663492 0.05968332 0 0 0 1</matrix>
                      <node id="node-Bone078" name="Bone078">
                        <matrix>0.7043356 -0.4953953 0.5084243 0.06178033 0.3977997 0.8686491 0.2953045 4.84288e-7 -0.5879346 -0.005742421 0.8088884 4.37498e-5 0 0 0 1</matrix>
                        <node id="node-Bone079" name="Bone079">
                          <matrix>0.7459559 -0.6548732 0.1212057 0.1102705 0.4237671 0.6071162 0.6721835 0 -0.5137813 -0.4500562 0.7303956 1.19209e-7 0 0 0 1</matrix>
                          <node id="node-Bone080" name="Bone080">
                            <matrix>0.8926532 0.2532577 0.3728679 0.1663147 -0.1483835 0.9462286 -0.2874602 1.49012e-8 -0.4256199 0.2012751 0.8822337 5.96046e-8 0 0 0 1</matrix>
                            <node id="node-Bone081" name="Bone081">
                              <matrix>0.9320754 0.1246798 -0.3401321 0.1379908 -0.1721554 -0.673667 -0.7187043 0 -0.3187434 0.7284418 -0.6064445 0 0 0 0 1</matrix>
                            </node>
                          </node>
                        </node>
                      </node>
                    </node>
                    <node id="node-Bone066" name="Bone066">
                      <matrix>-0.2908011 -7.59959e-7 0.9567834 0.137893 -0.9335834 0.2188804 -0.2837496 0.009998858 -0.209421 -0.9757515 -0.06365142 -0.0798335 0 0 0 1</matrix>
                      <node id="node-Bone067" name="Bone067">
                        <matrix>0.7965988 0.4133025 0.441148 0.08105594 -0.3324227 0.9090157 -0.2513688 -4.47035e-8 -0.5049019 0.0535924 0.8615116 -3.09944e-6 0 0 0 1</matrix>
                        <node id="node-Bone068" name="Bone068">
                          <matrix>0.9018514 0.4028898 0.1560252 0.06413412 -0.2337511 0.758715 -0.6080388 -2.38419e-7 -0.3633516 0.51189 0.7784243 1.19209e-7 0 0 0 1</matrix>
                          <node id="node-Bone069" name="Bone069">
                            <matrix>0.9998951 0.01424577 0.002566904 0.08350694 -0.0141854 0.9996533 -0.02217155 -2.98023e-8 -0.002882034 0.02213271 0.9997507 0 0 0 0 1</matrix>
                            <node id="node-Bone070" name="Bone070">
                              <matrix>0.9643174 -0.150227 0.2179987 0.08289564 0.0969624 0.9666111 0.237196 2.98023e-8 -0.2463528 -0.2075951 0.946686 0 0 0 0 1</matrix>
                              <node id="node-Bone071" name="Bone071">
                                <matrix>0.9585639 -0.1121205 0.2618873 0.06400192 0.03549375 0.9591347 0.2807153 2.98023e-8 -0.2826593 -0.259788 0.9233713 0 0 0 0 1</matrix>
                                <node id="node-Bone072" name="Bone072">
                                  <matrix>0.964076 -0.03288297 -0.2635827 0.07497597 0.2330033 -0.3717678 0.8986086 0 -0.1275405 -0.9277431 -0.3507507 0 0 0 0 1</matrix>
                                </node>
                              </node>
                            </node>
                          </node>
                        </node>
                      </node>
                    </node>
                    <node id="node-Bone073" name="Bone073">
                      <matrix>-0.2925558 1.78814e-7 0.9562487 0.09248948 -0.9547041 0.05680956 -0.2920833 -0.03078884 -0.0543241 -0.9983851 -0.01661974 -0.07006121 0 0 0 1</matrix>
                      <node id="node-Bone074" name="Bone074">
                        <matrix>0.6387706 0.4660809 0.6121607 0.05861649 -0.2161334 0.8722983 -0.4386137 0 -0.7384158 0.1478651 0.657934 -1.19209e-7 0 0 0 1</matrix>
                        <node id="node-Bone075" name="Bone075">
                          <matrix>0.966939 -0.2549824 -0.003659725 0.08270776 0.2245849 0.8446918 0.4858575 -1.49012e-8 -0.1207937 -0.4706161 0.8740309 -5.96046e-8 0 0 0 1</matrix>
                          <node id="node-Bone076" name="Bone076">
                            <matrix>0.9027888 -0.3799327 -0.201553 0.1038884 0.1286856 -0.2085412 0.9695106 0 -0.4103809 -0.9012 -0.1393765 -1.19209e-7 0 0 0 1</matrix>
                          </node>
                        </node>
                      </node>
                    </node>
                    <node id="node-Bone082" name="Bone082">
                      <matrix>-0.3110904 4.76837e-7 0.9503804 0.09530377 -0.9488454 -0.05680627 -0.3105878 -0.03142181 0.0539875 -0.9983854 0.01767235 0.0684762 0 0 0 1</matrix>
                      <node id="node-Bone083" name="Bone083">
                        <matrix>0.6710566 -0.4341135 0.6010227 0.05861521 0.1827009 0.8824793 0.4334169 2.16067e-7 -0.7185422 -0.1810399 0.6715066 4.76837e-6 0 0 0 1</matrix>
                        <node id="node-Bone084" name="Bone084">
                          <matrix>0.9794419 0.1983212 0.03691363 0.08271182 -0.1548231 0.8563237 -0.492687 2.98023e-8 -0.1293203 0.4768434 0.8694238 1.19209e-7 0 0 0 1</matrix>
                          <node id="node-Bone085" name="Bone085">
                            <matrix>0.9224286 0.3760583 -0.08778423 0.1038884 -0.1378097 0.1082106 -0.9845295 -1.22935e-7 -0.3607414 0.9202557 0.151641 -5.96046e-8 0 0 0 1</matrix>
                            <node id="node-Bone086" name="Bone086">
                              <matrix>0.9832615 0.04322943 -0.1769952 0.1096957 -0.123718 0.8715612 -0.4744205 1.78814e-7 0.1337534 0.4883772 0.8623211 2.98023e-8 0 0 0 1</matrix>
                            </node>
                          </node>
                        </node>
                      </node>
                    </node>
                  </node>
                </node>
                <node id="node-Bip001_backpack_01" name="Bip001_backpack_01">
                  <matrix>-0.9792177 0.2028019 -0.0019788 0.2016006 -0.2027961 -0.9792169 -0.002801936 -0.08787805 -0.002505905 -0.002342467 0.999994 4.21889e-7 0 0 0 1</matrix>
                  <node id="node-Bip001_rope_01" name="Bip001_rope_01">
                    <matrix>0.9346128 -0.354761 -0.02536033 0.424122 -0.3542114 -0.9348632 0.02376266 0.0879339 -0.0321385 -0.01322588 -0.9993959 0.0992083 0 0 0 1</matrix>
                    <node id="node-Bip001_rope_02" name="Bip001_rope_02">
                      <matrix>0.9999995 -8.54511e-4 -4.75783e-4 0.09589815 -8.33413e-4 -0.9990874 0.04270606 8.34763e-5 -5.11846e-4 -0.04270549 -0.9990877 3.57628e-6 0 0 0 1</matrix>
                      <node id="node-Bip001_rope_03" name="Bip001_rope_03">
                        <matrix>0.9998337 -0.01824585 9.58052e-5 0.1048708 0.01820644 0.9979928 0.06065292 -1.03563e-4 -0.001202278 -0.06064092 0.998159 -0.001019713 0 0 0 1</matrix>
                      </node>
                    </node>
                  </node>
                  <node id="node-Bip001_Xtra17" name="Bip001_Xtra17">
                    <matrix>-0.04419938 -0.7063963 -0.7064354 0.1551489 0.9990227 -0.0316494 -0.03085797 0.112457 -5.60318e-4 -0.7071087 0.7071047 6.88462e-5 0 0 0 1</matrix>
                    <node id="node-Bip001_Xtra18" name="Bip001_Xtra18">
                      <matrix>1 0 -2.98023e-8 0.02474689 -1.49012e-8 0.9999999 2.98023e-7 -2.24113e-5 -2.98023e-8 -2.98023e-7 0.9999999 0 0 0 0 1</matrix>
                      <node id="node-wpn_place_harpoon" name="wpn_place_harpoon">
                        <matrix>7.7486e-7 0.9999996 -3.42727e-7 0.02589875 -3.57628e-6 3.12924e-7 0.9999996 -2.10047e-4 1 -8.34465e-7 3.48687e-6 -0.09789783 0 0 0 1</matrix>
                      </node>
                    </node>
                    <node id="node-Bip001_Xtra19" name="Bip001_Xtra19">
                      <matrix>0.9999993 -7.96288e-4 7.98076e-4 0.02904576 -7.96348e-4 -0.9999996 -1.51992e-6 0.02995086 7.98076e-4 9.53674e-7 -0.9999996 -7.48038e-5 0 0 0 1</matrix>
                    </node>
                    <node id="node-Bip001_Xtra20" name="Bip001_Xtra20">
                      <matrix>0.9999917 -0.003980741 7.88867e-4 0.02889735 0.003980681 0.9999921 5.87106e-6 -0.03234428 -7.88957e-4 -2.68221e-6 0.9999996 -7.50422e-5 0 0 0 1</matrix>
                    </node>
                  </node>
                  <node id="node-Bip001_Xtra01" name="Bip001_Xtra01">
                    <matrix>0.9975971 -0.06832027 0.01151016 0.2139956 0.06832603 0.9976631 -1.09456e-4 0.05374002 -0.01147581 8.95626e-4 0.9999338 0.171036 0 0 0 1</matrix>
                  </node>
                  <node id="node-Bip001_Xtra01Opp" name="Bip001_Xtra01Opp">
                    <matrix>0.9984286 -0.05602297 0.001307121 0.2139941 0.05602494 0.9984281 -0.001598394 0.05374002 -0.001215511 0.001669146 0.9999979 -0.1722651 0 0 0 1</matrix>
                  </node>
                </node>
                <node id="node-Bip001_L_Clavicle" name="Bip001_L_Clavicle">
                  <matrix>-0.1311723 -7.45058e-4 0.9913592 0.1406267 -0.3498612 -0.935622 -0.04699527 0.02467199 0.9275725 -0.3530026 0.1224671 0.05035807 0 0 0 1</matrix>
                  <node id="node-Bip001_L_UpperArm" name="Bip001_L_UpperArm">
                    <matrix>0.4675486 0.4708625 0.7481224 0.17644 -0.03893226 0.8564709 -0.5147252 1.49012e-8 -0.8831096 0.2115329 0.4187736 1.19209e-7 0 0 0 1</matrix>
                    <node id="node-Bip001_L_Forearm" name="Bip001_L_Forearm">
                      <matrix>0.5632767 0.8262684 0 0.3022249 -0.8262683 0.5632766 1.49012e-8 -5.96046e-8 4.47035e-8 -7.45058e-8 1 0 0 0 0 1</matrix>
                      <node id="node-Bip001_L_Hand" name="Bip001_L_Hand">
                        <matrix>0.883736 -0.04767406 -0.4655512 0.3035219 0.4440609 -0.2285799 0.8663493 0 -0.147718 -0.9723572 -0.1808341 0 0 0 0 1</matrix>
                        <node id="node-Bip001_L_Finger0" name="Bip001_L_Finger0">
                          <matrix>0.7808154 0.4573675 0.4256069 0.01779103 0.4777122 0.001960747 -0.8785138 0.01367196 -0.4026392 0.8892747 -0.2169596 -0.0277039 0 0 0 1</matrix>
                          <node id="node-Bip001_L_Finger01" name="Bip001_L_Finger01">
                            <matrix>0.9399812 -0.3412249 8.08418e-4 0.05085599 0.3412258 0.9399786 -0.002217233 0 -3.32296e-6 0.002360038 0.9999971 0 0 0 0 1</matrix>
                            <node id="node-Bip001_L_Finger02" name="Bip001_L_Finger02">
                              <matrix>0.88322 -0.4689225 0.005843371 0.03437001 0.4689589 0.8831514 -0.01101629 -2.98023e-8 5.1558e-6 0.01247012 0.9999223 -1.49012e-8 0 0 0 1</matrix>
                            </node>
                          </node>
                        </node>
                        <node id="node-Bip001_L_Finger1" name="Bip001_L_Finger1">
                          <matrix>0.9421896 -0.2515203 0.2213941 0.08567601 0.3265596 0.8373 -0.4385056 -0.005999655 -0.07508053 0.4854538 0.8710322 -0.02973519 0 0 0 1</matrix>
                          <node id="node-Bip001_L_Finger11" name="Bip001_L_Finger11">
                            <matrix>0.9561215 -0.2929704 -2.98023e-8 0.05795395 0.2929704 0.9561215 0 -2.98023e-8 0 0 1 -2.98023e-8 0 0 0 1</matrix>
                            <node id="node-Bip001_L_Finger12" name="Bip001_L_Finger12">
                              <matrix>0.9782763 -0.2073058 2.98023e-8 0.03285104 0.2073057 0.9782763 0 0 5.96046e-8 -4.47035e-8 1 0 0 0 0 1</matrix>
                            </node>
                          </node>
                        </node>
                        <node id="node-Bip001_L_Finger2" name="Bip001_L_Finger2">
                          <matrix>0.9099866 -0.4107479 0.05666201 0.09032297 0.4146229 0.9026112 -0.1156754 -0.01052219 -0.003630981 0.128756 0.9916694 -0.005256608 0 0 0 1</matrix>
                          <node id="node-Bip001_L_Finger21" name="Bip001_L_Finger21">
                            <matrix>0.924853 -0.3803248 0 0.05795395 0.3803248 0.924853 0 -1.49012e-8 1.49012e-8 5.96046e-8 1 -1.49012e-8 0 0 0 1</matrix>
                            <node id="node-Bip001_L_Finger22" name="Bip001_L_Finger22">
                              <matrix>0.9723516 -0.2335214 -4.47035e-8 0.04148102 0.2335213 0.9723515 -2.98023e-8 -2.98023e-8 1.49012e-8 0 0.9999999 -1.49012e-8 0 0 0 1</matrix>
                            </node>
                          </node>
                        </node>
                        <node id="node-Bip001_L_Finger3" name="Bip001_L_Finger3">
                          <matrix>0.8437886 -0.5217916 -0.1255116 0.08558697 0.5360594 0.8306484 0.1505464 -0.009840488 0.0257016 -0.1943112 0.9806033 0.02070288 0 0 0 1</matrix>
                          <node id="node-Bip001_L_Finger31" name="Bip001_L_Finger31">
                            <matrix>0.9207933 -0.3900506 2.98023e-8 0.05795395 0.3900506 0.9207934 -2.6077e-8 2.98023e-8 3.72529e-8 -3.72529e-8 0.9999999 -1.49012e-8 0 0 0 1</matrix>
                            <node id="node-Bip001_L_Finger32" name="Bip001_L_Finger32">
                              <matrix>0.884097 -0.4673035 7.45058e-9 0.03192693 0.4673036 0.884097 7.45058e-9 0 -4.65661e-8 0 0.9999999 -5.96046e-8 0 0 0 1</matrix>
                            </node>
                          </node>
                        </node>
                        <node id="node-Bip001_L_Finger4" name="Bip001_L_Finger4">
                          <matrix>0.8470809 -0.3881948 -0.3629861 0.08973396 0.4792494 0.8531644 0.2059859 -0.004826844 0.2297241 -0.3484471 0.908742 0.04668486 0 0 0 1</matrix>
                          <node id="node-Bip001_L_Finger41" name="Bip001_L_Finger41">
                            <matrix>0.8490502 -0.528312 2.23517e-8 0.03496802 0.5283121 0.8490503 2.23517e-8 0 -7.45058e-9 6.70552e-8 1 0 0 0 0 1</matrix>
                            <node id="node-Bip001_L_Finger42" name="Bip001_L_Finger42">
                              <matrix>0.903693 -0.4281809 7.45058e-9 0.02205008 0.4281809 0.9036931 0 -5.96046e-8 -6.14673e-8 -1.49012e-8 1 -3.72529e-8 0 0 0 1</matrix>
                            </node>
                          </node>
                        </node>
                        <node id="node-wpn_place_L" name="wpn_place_L">
                          <matrix>-3.72529e-7 -3.12179e-6 0.9999998 0.08827347 -2.92435e-7 -0.9999997 -3.17395e-6 0.0561702 1 -2.86847e-7 4.32134e-7 -1.15111e-4 0 0 0 1</matrix>
                        </node>
                      </node>
                    </node>
                    <node id="node-Bip001_L_ForeTwist" name="Bip001_L_ForeTwist">
                      <matrix>0.5632767 0.8251753 0.04248795 0.3022249 -0.8262683 0.5625315 0.0289645 -5.96046e-8 4.47035e-8 -0.05142151 0.998677 0 0 0 0 1</matrix>
                      <node id="node-Bip001_L_ForeTwist1" name="Bip001_L_ForeTwist1">
                        <matrix>1 -2.98023e-8 -1.49012e-8 0.101174 0 0.998677 0.05142152 0 -2.98023e-8 -0.0514214 0.9986769 0 0 0 0 1</matrix>
                        <node id="node-Bip001_L_ForeTwist2" name="Bip001_L_ForeTwist2">
                          <matrix>1 2.98023e-8 -2.98023e-8 0.1011741 -2.98023e-8 0.9986771 0.0514215 0 0 -0.05142152 0.9986771 0 0 0 0 1</matrix>
                        </node>
                      </node>
                    </node>
                  </node>
                  <node id="node-Bip001_LUpArmTwist" name="Bip001_LUpArmTwist">
                    <matrix>0.4675486 0.325502 0.8218558 0.17644 -0.03893226 0.9364159 -0.3487263 1.49012e-8 -0.8831096 0.1310497 0.4504924 1.19209e-7 0 0 0 1</matrix>
                    <node id="node-Bip001_LUpArmTwist1" name="Bip001_LUpArmTwist1">
                      <matrix>1 -1.49012e-8 0 0.1007417 0 0.9981064 -0.06151072 0 0 0.06151082 0.9981065 0 0 0 0 1</matrix>
                      <node id="node-Bip001_LUpArmTwist2" name="Bip001_LUpArmTwist2">
                        <matrix>0.9999999 -1.49012e-8 2.98023e-8 0.1007416 2.98023e-8 0.9981063 -0.0615107 2.98023e-8 0 0.06151073 0.9981064 0 0 0 0 1</matrix>
                      </node>
                    </node>
                  </node>
                </node>
                <node id="node-Bip001_R_Clavicle" name="Bip001_R_Clavicle">
                  <matrix>-0.1997001 -7.85276e-4 -0.9798566 0.1406265 -0.1625643 -0.9861146 0.03392177 0.02467227 -0.9662777 0.1660639 0.1967995 -0.05035792 0 0 0 1</matrix>
                  <node id="node-Bip001_R_UpperArm" name="Bip001_R_UpperArm">
                    <matrix>0.6503729 0.2069744 -0.7308741 0.17644 0.2942562 0.8183936 0.4936044 2.98023e-8 0.700306 -0.5360913 0.4713575 0 0 0 0 1</matrix>
                    <node id="node-Bip001_R_Forearm" name="Bip001_R_Forearm">
                      <matrix>0.7757621 0.6310254 0 0.3022249 -0.6310255 0.7757621 0 0 -5.96046e-8 -5.30854e-8 1 0 0 0 0 1</matrix>
                      <node id="node-Bip001_R_Hand" name="Bip001_R_Hand">
                        <matrix>0.7009749 -0.0527367 0.7112335 0.303522 0.5481364 -0.5981709 -0.5845836 0 0.4562683 0.7996314 -0.390396 -5.96046e-8 0 0 0 1</matrix>
                        <node id="node-Bip001_R_Finger0" name="Bip001_R_Finger0">
                          <matrix>0.5808381 0.5421395 -0.6072158 0.01779103 0.8047184 -0.2699831 0.5287122 0.01367193 0.1226985 -0.7957336 -0.5930868 0.02770388 0 0 0 1</matrix>
                          <node id="node-Bip001_R_Finger01" name="Bip001_R_Finger01">
                            <matrix>0.4970006 -0.8186637 -0.2877153 0.05085605 0.7099071 0.5742709 -0.4077314 1.49012e-8 0.4990215 -0.001608223 0.8665881 2.98023e-8 0 0 0 1</matrix>
                            <node id="node-Bip001_R_Finger02" name="Bip001_R_Finger02">
                              <matrix>0.3904718 -0.8907108 -0.2327363 0.03437 0.7773173 0.4544365 -0.4350464 0 0.4932644 -0.01103657 0.8698094 -1.19209e-7 0 0 0 1</matrix>
                            </node>
                          </node>
                        </node>
                        <node id="node-Bip001_R_Finger1" name="Bip001_R_Finger1">
                          <matrix>0.395495 -0.8931077 -0.2143401 0.08567607 0.9045555 0.3382843 0.2595046 -0.005999684 -0.1592573 -0.2965155 0.9416555 0.02973527 0 0 0 1</matrix>
                          <node id="node-Bip001_R_Finger11" name="Bip001_R_Finger11">
