<?xml version="1.0" encoding="utf-8"?>
<COLLADA xmlns="http://www.collada.org/2005/11/COLLADASchema" version="1.4.1">
  <asset>
    <contributor>
      <author>Setsu</author>
      <authoring_tool>OpenCOLLADA for 3ds Max;  Version: 1.3.1;  Revision: 847M;  Platform: x64;  Configuration: Release_Max2012_static</authoring_tool>
      <source_data>file:///D:/_Work/webgl/models/man/animation/melee/idle.max</source_data>
    </contributor>
    <created>2012-09-05T13:20:29</created>
    <modified>2012-09-05T13:20:29</modified>
    <unit name="meter" meter="1"/>
    <up_axis>Z_UP</up_axis>
  </asset>
  <library_lights>
    <light id="EnvironmentAmbientLight" name="EnvironmentAmbientLight">
      <technique_common>
        <ambient>
          <color>0.019608 0.019608 0.019608</color>
        </ambient>
      </technique_common>
    </light>
  </library_lights>
  <library_visual_scenes>
    <visual_scene id="MaxScene">
      <node name="EnvironmentAmbientLight">
        <instance_light url="#EnvironmentAmbientLight"/>
      </node>
      <node id="node-Bip001" name="Bip001">
        <matrix sid="matrix">-0.5723473 0.8200113 -3.72529e-9 3.72529e-9 -0.8198809 -0.5722563 -0.01783047 0 -0.01462119 -0.01020522 0.999841 0.961857 0 0 0 1</matrix>
        <node id="node-Bip001_Footsteps" name="Bip001_Footsteps">
          <matrix sid="matrix">-0.5723473 -0.819881 -0.01462119 0.01408216 0.8200113 -0.5722563 -0.01020522 0.009828988 -4.65661e-9 -0.01783047 0.999841 -0.9629806 0 0 0 1</matrix>
        </node>
        <node id="node-Bip001_Pelvis" name="Bip001_Pelvis">
          <matrix sid="matrix">-0.04494382 0.9659261 0.2548857 -0.027872 -0.1344771 -0.258671 0.9565591 -9.31323e-10 0.9898969 0.008715117 0.1415206 0 0 0 0 1</matrix>
          <node id="node-Bip001_Spine" name="Bip001_Spine">
            <matrix>0.9955622 0.06586148 -0.06721959 0.1044803 -0.07480727 0.9872281 -0.1406587 0.01650777 0.05709708 0.1450628 0.9877735 0.01916952 0 0 0 1</matrix>
            <node id="node-Bip001_Spine1" name="Bip001_Spine1">
              <matrix sid="matrix">0.9964873 0.06361252 -0.0544675 0.1646255 -0.06511074 0.9975343 -0.02618681 -1.3078e-4 0.05266738 0.02964139 0.9981722 -3.89665e-6 0 0 0 1</matrix>
              <node id="node-Bip001_Spine2" name="Bip001_Spine2">
                <matrix sid="matrix">0.9553793 -0.2953405 0.004934097 0.1646726 0.2953763 0.9551263 -0.02205856 -1.25244e-4 0.001802106 0.02253172 0.9997444 -2.95741e-6 0 0 0 1</matrix>
                <node id="node-Bip001_Neck" name="Bip001_Neck">
                  <matrix sid="matrix">0.9803016 -0.1869298 0.06376389 0.1743734 0.193147 0.9747846 -0.1117565 -0.007501692 -0.04126542 0.1218709 0.9916877 -7.38911e-6 0 0 0 1</matrix>
                  <node id="node-Bip001_Head" name="Bip001_Head">
                    <matrix sid="matrix">0.9659932 0.138118 -0.2185889 0.08447981 -0.232579 0.8335212 -0.5011483 0.03011227 0.1129809 0.534945 0.8372991 5.96046e-8 0 0 0 1</matrix>
                    <node id="node-Bip001_AngryBrowR" name="Bip001_AngryBrowR">
                      <matrix>0.001812048 -0.9852681 0.1710073 0.1354002 0.9995394 -0.003395714 -0.03015607 0.1043413 0.03029251 0.1709832 0.9848081 -0.01978299 0 0 0 1</matrix>
                    </node>
                    <node id="node-Bip001_SillyBrowL" name="Bip001_SillyBrowL">
                      <matrix>-0.004057262 -0.9597189 -0.280933 0.1346171 0.78679 0.170333 -0.5932522 0.08548474 0.6172073 -0.2234423 0.7544061 0.05988092 0 0 0 1</matrix>
                    </node>
                    <node id="node-Bip001_SillyBrowR" name="Bip001_SillyBrowR">
                      <matrix>-0.004056916 -0.9597203 0.2809277 0.1346172 0.7867937 0.1703287 0.5932484 0.08548506 -0.6172027 0.2234389 0.754411 -0.05988044 0 0 0 1</matrix>
                    </node>
                    <node id="node-Bip001_jaw" name="Bip001_jaw">
                      <matrix>0.3710407 -0.9275406 -0.0446916 0.07394242 0.8026184 0.3445303 -0.4869317 0.01053737 0.4670464 0.1448011 0.8722959 -1.20476e-5 0 0 0 1</matrix>
                      <node id="node-Bip001_lowerLipL" name="Bip001_lowerLipL">
                        <matrix>-0.8336914 -0.3554323 -0.4226423 0.107451 0.3746177 -0.9263139 0.04004886 -0.03483582 -0.4057342 -0.124941 0.9054112 0.009654507 0 0 0 1</matrix>
                      </node>
                      <node id="node-Bip001_lowerLipR" name="Bip001_lowerLipR">
                        <matrix>0.7819586 1.75275e-6 -0.6233305 0.1074492 -0.6233305 -4.04939e-6 -0.7819586 -0.03484035 -3.89107e-6 1 -2.03401e-6 -0.009658955 0 0 0 1</matrix>
                      </node>
                    </node>
                    <node id="node-Bip001_upperLipL" name="Bip001_upperLipL">
                      <matrix>1.57952e-6 -6.82101e-6 -0.9999999 0.04530871 1 3.4729e-6 1.65403e-6 0.116103 3.5027e-6 -1 6.7614e-6 0.009555252 0 0 0 1</matrix>
                    </node>
                    <node id="node-Bip001_upperLipR" name="Bip001_upperLipR">
                      <matrix>1.57207e-6 -1.23754e-5 0.9999999 0.04530895 0.9999999 -2.07406e-6 -1.65403e-6 0.1161031 2.04425e-6 1 1.23158e-5 -0.009554608 0 0 0 1</matrix>
                    </node>
                    <node id="node-Bip001_AngryBrowL" name="Bip001_AngryBrowL">
                      <matrix>0.001812056 -0.9852672 -0.1710128 0.1354002 0.9995396 -0.003394939 0.0301506 0.1043411 -0.03028695 -0.1709887 0.9848074 0.01978357 0 0 0 1</matrix>
                    </node>
                    <node id="node-Bone050" name="Bone050">
                      <matrix>-0.2718078 -3.98606e-7 0.9623517 0.1766741 -0.9409113 0.2099089 -0.2657521 0.01386482 -0.202006 -0.9777211 -0.0570552 -0.080042 0 0 0 1</matrix>
                      <node id="node-Bone051" name="Bone051">
                        <matrix>0.8727056 -0.06772883 0.4835261 0.06664184 0.04994017 0.9975201 0.04958953 2.23517e-8 -0.4856857 -0.01912965 0.8739239 1.19209e-7 0 0 0 1</matrix>
                        <node id="node-Bone052" name="Bone052">
                          <matrix>0.9062542 -0.388685 0.1662163 0.05545187 0.2715809 0.8366386 0.4756894 7.45058e-9 -0.3239559 -0.3859544 0.8637664 -1.19209e-7 0 0 0 1</matrix>
                          <node id="node-Bone053" name="Bone053">
                            <matrix>0.818351 -0.4357321 -0.3747522 0.05517268 0.1430369 -0.4771263 0.8671163 -1.49012e-8 -0.5566343 -0.7632089 -0.3281314 0 0 0 0 1</matrix>
                            <node id="node-Bone054" name="Bone054">
                              <matrix>0.8138615 -0.1123602 -0.5700921 0.05649638 0.4602881 0.7234693 0.5145156 -1.49012e-8 0.3546331 -0.681151 0.6405218 2.6077e-8 0 0 0 1</matrix>
                            </node>
                          </node>
                        </node>
                      </node>
                    </node>
                    <node id="node-Bone044" name="Bone044">
                      <matrix>-0.09140614 -3.7998e-7 0.9958136 0.2017386 -0.9919918 0.08753212 -0.09105524 0.01348138 -0.08716563 -0.9961617 -0.008001342 -0.06964707 0 0 0 1</matrix>
                      <node id="node-Bone045" name="Bone045">
                        <matrix>0.7861626 0.1194515 0.6063656 0.0724983 -0.08783491 0.9927796 -0.08169393 2.68221e-7 -0.611746 0.01096465 0.7909783 -1.54972e-6 0 0 0 1</matrix>
                        <node id="node-Bone046" name="Bone046">
                          <matrix>0.9278777 -0.2364843 0.2883031 0.0625881 0.1528029 0.9464128 0.2845247 -1.41561e-7 -0.3401392 -0.2199506 0.9142908 4.05312e-6 0 0 0 1</matrix>
                          <node id="node-Bone047" name="Bone047">
                            <matrix>0.9307665 -0.3523222 0.09768251 0.06108749 0.1767301 0.6674464 0.7233816 4.47035e-8 -0.3200612 -0.6560363 0.683503 -1.19209e-7 0 0 0 1</matrix>
                            <node id="node-Bone048" name="Bone048">
                              <matrix>0.9457324 0.2373301 -0.2219569 0.07517123 -0.2279812 -0.002116429 -0.9736634 0 -0.2315492 0.971427 0.05210519 0 0 0 0 1</matrix>
                              <node id="node-Bone049" name="Bone049">
                                <matrix>0.8586521 0.1722122 -0.4827631 0.08048499 -0.4657756 0.6552924 -0.5946812 -1.3411e-7 0.2139395 0.7354833 0.6428801 0 0 0 0 1</matrix>
                              </node>
                            </node>
                          </node>
                        </node>
                      </node>
                    </node>
                    <node id="node-Bone014" name="Bone014">
                      <matrix>-0.02865489 -3.01749e-7 0.999589 0.2221859 -0.9993563 0.02160657 -0.02864822 0.004512727 -0.02159768 -0.9997665 -6.1943e-4 -0.05774581 0 0 0 1</matrix>
                      <node id="node-Bone015" name="Bone015">
                        <matrix>0.8968284 0.1569262 0.4136093 0.04459423 -0.1405922 0.9876002 -0.06985628 7.45058e-9 -0.4194429 0.004498856 0.9077709 -3.8147e-6 0 0 0 1</matrix>
                        <node id="node-Bone016" name="Bone016">
                          <matrix>0.8073795 0.3848706 0.4472287 0.05171204 -0.2289694 0.9029424 -0.3636864 1.49012e-7 -0.5437937 0.1912311 0.8171406 0 0 0 0 1</matrix>
                          <node id="node-Bone017" name="Bone017">
                            <matrix>0.9567486 0.1163465 0.2666373 0.06625259 -0.06016745 0.9758647 -0.209923 0 -0.2846259 0.1848008 0.9406572 0 0 0 0 1</matrix>
                            <node id="node-Bone018" name="Bone018">
                              <matrix>0.9759617 -0.1837635 -0.1171754 0.07592642 0.2160517 0.7450927 0.6309979 1.19209e-7 -0.02864778 -0.641146 0.7668844 -4.52995e-6 0 0 0 1</matrix>
                              <node id="node-Bone019" name="Bone019">
                                <matrix>0.9469509 -0.1838325 -0.26361 0.05424261 0.2948283 0.8233757 0.4849016 -4.47035e-8 0.1279092 -0.5368976 0.8338951 0 0 0 0 1</matrix>
                                <node id="node-Bone020" name="Bone020">
                                  <matrix>0.7088869 -0.5135252 -0.4834987 0.1070502 0.4797029 -0.1515178 0.8642494 -1.49012e-8 -0.5170729 -0.8445908 0.1389304 0 0 0 0 1</matrix>
                                </node>
                              </node>
                            </node>
                          </node>
                        </node>
                      </node>
                    </node>
                    <node id="node-Bone006" name="Bone006">
                      <matrix>0.196101 -2.98023e-8 0.9805838 0.2309458 -0.97891 0.05840609 0.1957663 0.03429443 -0.05727208 -0.9982929 0.01145346 -0.0269171 0 0 0 1</matrix>
                      <node id="node-Bone007" name="Bone007">
                        <matrix>0.9117423 -0.01410429 0.4105207 0.04605401 0.01401886 0.9998969 0.003218509 7.45058e-9 -0.4105236 0.00282057 0.9118454 0 0 0 0 1</matrix>
                        <node id="node-Bone008" name="Bone008">
                          <matrix>0.9392015 0.1158516 0.3232316 0.04755574 -0.1007923 0.9929103 -0.06300743 1.49012e-8 -0.3282396 0.02659744 0.9442203 1.19209e-7 0 0 0 1</matrix>
                          <node id="node-Bone009" name="Bone009">
                            <matrix>0.9081647 5.73468e-4 0.4186126 0.05169475 -3.70674e-4 0.9999998 -5.65726e-4 7.45058e-9 -0.418613 3.58608e-4 0.9081649 -1.19209e-7 0 0 0 1</matrix>
                            <node id="node-Bone010" name="Bone010">
                              <matrix>0.9252816 -0.277404 0.2586524 0.0660634 0.1212467 0.8625091 0.4913012 -8.19564e-8 -0.3593791 -0.4232313 0.8316981 1.19209e-7 0 0 0 1</matrix>
                              <node id="node-Bone011" name="Bone011">
                                <matrix>0.9589167 -0.2158549 -0.1840783 0.06010842 0.2631018 0.4340237 0.8616267 8.9407e-8 -0.1060917 -0.8746601 0.4729846 0 0 0 0 1</matrix>
                                <node id="node-Bone012" name="Bone012">
                                  <matrix>0.9669532 -0.1915677 -0.1682376 0.05975711 0.2547095 0.7547973 0.6044863 8.34465e-7 0.01118527 -0.6273615 0.7786478 -1.78814e-7 0 0 0 1</matrix>
                                  <node id="node-Bone013" name="Bone013">
                                    <matrix>0.8543544 -0.001355827 -0.5196887 0.05263507 0.002830282 0.999994 0.00204397 -5.96046e-8 0.519683 -0.003217249 0.8543533 4.47035e-7 0 0 0 1</matrix>
                                  </node>
                                </node>
                              </node>
                            </node>
                          </node>
                        </node>
                      </node>
                    </node>
                    <node id="node-Bone021" name="Bone021">
                      <matrix>0.4470657 -1.45286e-7 0.894501 0.2271245 -0.8945011 6.32391e-6 0.4470656 0.05075829 -5.72018e-6 -0.9999999 2.69711e-6 1.24797e-7 0 0 0 1</matrix>
                      <node id="node-Bone022" name="Bone022">
                        <matrix>0.9064241 4.99375e-6 0.4223688 0.03557789 -5.61774e-6 1 2.49594e-7 -1.11759e-8 -0.4223688 -2.59094e-6 0.9064241 0 0 0 0 1</matrix>
                        <node id="node-Bone023" name="Bone023">
                          <matrix>0.961326 -9.53209e-7 0.2754122 0.04570848 9.15024e-7 1 2.6077e-7 0 -0.2754121 3.72529e-9 0.9613259 -1.19209e-7 0 0 0 1</matrix>
                          <node id="node-Bone024" name="Bone024">
                            <matrix>0.8313264 -1.69501e-6 0.5557857 0.05609787 1.1865e-6 1 1.27219e-6 7.45058e-9 -0.5557857 -3.91155e-7 0.8313264 -2.26498e-6 0 0 0 1</matrix>
                            <node id="node-Bone025" name="Bone025">
                              <matrix>0.9055953 3.72529e-9 0.424142 0.06339741 0 0.9999999 0 7.45058e-9 -0.424142 0 0.9055954 7.15256e-7 0 0 0 1</matrix>
                              <node id="node-Bone026" name="Bone026">
                                <matrix>0.9644743 1.10567e-5 0.2641778 0.06756556 -9.23872e-7 1 -3.84976e-5 9.31323e-9 -0.2641778 3.6885e-5 0.9644743 8.9407e-7 0 0 0 1</matrix>
                                <node id="node-Bone027" name="Bone027">
                                  <matrix>0.9817942 -1.14366e-6 -0.1899466 0.07909274 9.83849e-6 1 4.48264e-5 3.72529e-9 0.1899466 -4.58788e-5 0.9817942 -4.76837e-7 0 0 0 1</matrix>
                                  <node id="node-Bone028" name="Bone028">
                                    <matrix>0.9998927 2.05636e-6 0.01466206 0.07343221 -1.90735e-6 0.9999999 -1.03703e-5 0 -0.01466206 1.03405e-5 0.9998925 5.96046e-8 0 0 0 1</matrix>
                                  </node>
                                </node>
                              </node>
                            </node>
                          </node>
                        </node>
                      </node>
                    </node>
                    <node id="node-Bone029" name="Bone029">
                      <matrix>0.1961011 -9.49949e-8 0.9805838 0.2309458 -0.97891 -0.05839981 0.1957663 0.03429431 0.05726585 -0.9982934 -0.01145235 0.02691686 0 0 0 1</matrix>
                      <node id="node-Bone030" name="Bone030">
                        <matrix>0.9117723 0.01410466 0.4104536 0.04605377 -0.01401945 0.9998963 -0.003217541 -6.70552e-8 -0.4104564 -0.002820665 0.9118758 -3.93391e-6 0 0 0 1</matrix>
                        <node id="node-Bone031" name="Bone031">
                          <matrix>0.9391772 -0.1158523 0.3233028 0.04755455 0.1007911 0.9929107 0.06300678 1.49012e-8 -0.3283099 -0.02658845 0.9441956 1.19209e-7 0 0 0 1</matrix>
                          <node id="node-Bone032" name="Bone032">
                            <matrix>0.9038533 0.04105058 0.4258696 0.05169517 -0.02617575 0.9988274 -0.04072464 0 -0.4270421 0.02566156 0.9038681 1.19209e-7 0 0 0 1</matrix>
                            <node id="node-Bone033" name="Bone033">
                              <matrix>0.9352224 0.2103268 0.2848187 0.06606317 -0.09208234 0.9212398 -0.3779384 0 -0.3418767 0.3272297 0.8809317 0 0 0 0 1</matrix>
                              <node id="node-Bone034" name="Bone034">
                                <matrix>0.9540269 0.2209559 -0.2025129 0.06010926 -0.2726005 0.3588102 -0.8927174 2.23517e-8 -0.1245871 0.9068815 0.4025471 5.96046e-8 0 0 0 1</matrix>
                                <node id="node-Bone035" name="Bone035">
                                  <matrix>0.9640256 0.1841629 -0.1916737 0.05975628 -0.2622839 0.7761135 -0.573458 -2.98023e-8 0.04315066 0.603101 0.7964967 -5.96046e-8 0 0 0 1</matrix>
                                  <node id="node-Bone036" name="Bone036">
                                    <matrix>0.8694142 0.01521917 -0.4938492 0.05263555 -0.02966295 0.9993306 -0.02142412 -2.98023e-8 0.4931929 0.03327531 0.8692833 -5.96046e-8 0 0 0 1</matrix>
                                  </node>
                                </node>
                              </node>
                            </node>
                          </node>
                        </node>
                      </node>
                    </node>
                    <node id="node-Bone037" name="Bone037">
                      <matrix>-0.03296207 1.71363e-7 0.9994566 0.2221857 -0.99898 -0.03087517 -0.03294636 0.004512429 0.03085839 -0.9995235 0.00101788 0.05774581 0 0 0 1</matrix>
                      <node id="node-Bone038" name="Bone038">
                        <matrix>0.8929764 -0.1232729 0.4328945 0.04459451 0.1165006 0.9922913 0.04225146 5.96046e-8 -0.434766 0.01270288 0.9004541 0 0 0 0 1</matrix>
                        <node id="node-Bone039" name="Bone039">
                          <matrix>0.8104645 -0.3801517 0.4456804 0.05171025 0.2161753 0.9012179 0.3755989 7.45058e-9 -0.54444 -0.2080643 0.8125846 -1.66893e-6 0 0 0 1</matrix>
                          <node id="node-Bone040" name="Bone040">
                            <matrix>0.9648311 -0.1429276 0.2206183 0.06625354 0.07894536 0.9580724 0.2754362 -1.49012e-8 -0.2507357 -0.2483327 0.9356614 0 0 0 0 1</matrix>
                            <node id="node-Bone041" name="Bone041">
                              <matrix>0.9759558 0.1838065 -0.1171584 0.07592785 -0.216068 0.7449556 -0.6311549 2.08616e-7 -0.02873254 0.6412933 0.7667581 5.96046e-8 0 0 0 1</matrix>
                              <node id="node-Bone042" name="Bone042">
                                <matrix>0.9450259 0.2399527 -0.2221448 0.05424106 -0.3174697 0.8360454 -0.4474815 1.86265e-8 0.07834882 0.4934065 0.866263 3.57628e-7 0 0 0 1</matrix>
                                <node id="node-Bone043" name="Bone043">
                                  <matrix>0.7633407 0.4381692 -0.4746783 0.1070514 -0.4467451 -0.1726973 -0.8778355 -3.35276e-8 -0.4666158 0.8821477 0.06392278 0 0 0 0 1</matrix>
                                </node>
                              </node>
                            </node>
                          </node>
                        </node>
                      </node>
                    </node>
                    <node id="node-Bone055" name="Bone055">
                      <matrix>-0.09140572 1.86265e-7 0.9958143 0.2017385 -0.9919921 -0.08752594 -0.09105493 0.01348099 0.08715952 -0.9961623 0.008000564 0.06964707 0 0 0 1</matrix>
                      <node id="node-Bone056" name="Bone056">
                        <matrix>0.7861558 -0.1194354 0.6063781 0.07249787 0.08782187 0.9927816 0.08168432 3.57628e-7 -0.6117569 -0.01096335 0.7909697 0 0 0 0 1</matrix>
                        <node id="node-Bone057" name="Bone057">
                          <matrix>0.9220534 0.282224 0.2648901 0.062585 -0.1853494 0.9227367 -0.3379383 -3.27826e-7 -0.3397978 0.2625 0.9031228 0 0 0 0 1</matrix>
                          <node id="node-Bone058" name="Bone058">
                            <matrix>0.9331158 0.3402687 0.1162441 0.06108952 -0.172181 0.7066322 -0.6863126 2.98023e-8 -0.3156725 0.6203943 0.717957 1.19209e-7 0 0 0 1</matrix>
                            <node id="node-Bone059" name="Bone059">
                              <matrix>0.9435688 -0.2433106 -0.2246737 0.07517004 0.22795 -0.0149859 0.9735574 7.45058e-8 -0.2402438 -0.9698327 0.04132233 0 0 0 0 1</matrix>
                              <node id="node-Bone060" name="Bone060">
                                <matrix>0.8586498 -0.1722088 -0.4827678 0.08048642 0.465779 0.6552851 0.5946857 5.96046e-8 0.2139404 -0.7354898 0.6428716 -1.19209e-7 0 0 0 1</matrix>
                              </node>
                            </node>
                          </node>
                        </node>
                      </node>
                    </node>
                    <node id="node-Bone061" name="Bone061">
                      <matrix>-0.2765531 5.70901e-7 0.9609985 0.1766737 -0.9376869 -0.2189246 -0.2698442 0.0138644 0.2103861 -0.975742 0.06054477 0.08004998 0 0 0 1</matrix>
                      <node id="node-Bone062" name="Bone062">
                        <matrix>0.8800434 0.0314892 0.4738474 0.06630632 -0.0234263 0.999463 -0.02291049 6.70552e-8 -0.4743145 0.00906175 0.8803087 -1.90735e-6 0 0 0 1</matrix>
                        <node id="node-Bone063" name="Bone063">
                          <matrix>0.898427 0.4092896 0.1590954 0.05577624 -0.2856669 0.8199126 -0.4961224 -2.23517e-8 -0.3335019 0.4002815 0.8535521 0 0 0 0 1</matrix>
                          <node id="node-Bone064" name="Bone064">
                            <matrix>0.813628 0.4382423 -0.3820378 0.05538905 -0.1488503 -0.4781921 -0.8655491 -3.72529e-8 -0.5620081 0.7611018 -0.3238379 -1.19209e-7 0 0 0 1</matrix>
                            <node id="node-Bone065" name="Bone065">
                              <matrix>0.8752897 0.08609423 -0.4758734 0.05682147 -0.3054108 0.8613694 -0.4059146 0 0.374956 0.5006298 0.7802421 2.98023e-8 0 0 0 1</matrix>
                            </node>
                          </node>
                        </node>
                      </node>
                    </node>
                    <node id="node-Bone077" name="Bone077">
                      <matrix>-0.01158965 6.42613e-7 0.9999328 0.1375991 -0.8724388 -0.4886189 -0.01011162 0.03142531 0.4885861 -0.8724975 0.005663473 0.0596832 0 0 0 1</matrix>
                      <node id="node-Bone078" name="Bone078">
                        <matrix>0.7043357 -0.4953953 0.5084243 0.06178032 0.3977998 0.8686489 0.2953046 4.84288e-7 -0.5879346 -0.005742414 0.8088884 4.3869e-5 0 0 0 1</matrix>
                        <node id="node-Bone079" name="Bone079">
                          <matrix>0.7459559 -0.6548732 0.1212058 0.1102705 0.423767 0.6071162 0.6721834 -7.45058e-9 -0.5137811 -0.4500562 0.7303954 1.19209e-7 0 0 0 1</matrix>
                          <node id="node-Bone080" name="Bone080">
                            <matrix>0.8926532 0.2532578 0.3728679 0.1663147 -0.1483835 0.9462286 -0.2874601 2.98023e-8 -0.4256199 0.2012751 0.8822336 1.19209e-7 0 0 0 1</matrix>
                            <node id="node-Bone081" name="Bone081">
                              <matrix>0.9320754 0.1246797 -0.3401321 0.137991 -0.1721553 -0.673667 -0.7187042 0 -0.3187435 0.7284418 -0.6064444 -5.96046e-8 0 0 0 1</matrix>
                            </node>
                          </node>
                        </node>
                      </node>
                    </node>
                    <node id="node-Bone066" name="Bone066">
                      <matrix>-0.2908011 -2.75671e-7 0.9567834 0.1378932 -0.9335831 0.2188804 -0.2837496 0.009998903 -0.2094211 -0.9757517 -0.06365092 -0.07983375 0 0 0 1</matrix>
                      <node id="node-Bone067" name="Bone067">
                        <matrix>0.7965988 0.4133026 0.4411481 0.08105597 -0.3324228 0.9090158 -0.2513688 -3.72529e-8 -0.5049019 0.05359236 0.8615115 -3.09944e-6 0 0 0 1</matrix>
                        <node id="node-Bone068" name="Bone068">
                          <matrix>0.9018515 0.4028898 0.1560253 0.064134 -0.2337511 0.7587149 -0.6080389 -2.23517e-7 -0.3633517 0.5118901 0.7784244 2.38419e-7 0 0 0 1</matrix>
                          <node id="node-Bone069" name="Bone069">
                            <matrix>0.9998949 0.01424579 0.002566963 0.08350694 -0.01418532 0.9996532 -0.02217152 0 -0.002881974 0.02213273 0.9997507 5.96046e-8 0 0 0 1</matrix>
                            <node id="node-Bone070" name="Bone070">
                              <matrix>0.9643175 -0.150227 0.2179986 0.08289564 0.09696235 0.9666111 0.237196 0 -0.2463528 -0.207595 0.946686 0 0 0 0 1</matrix>
                              <node id="node-Bone071" name="Bone071">
                                <matrix>0.9585637 -0.1121205 0.2618873 0.06400168 0.03549375 0.9591346 0.2807152 0 -0.2826594 -0.2597879 0.9233711 5.96046e-8 0 0 0 1</matrix>
                                <node id="node-Bone072" name="Bone072">
                                  <matrix>0.964076 -0.03288295 -0.2635827 0.07497585 0.2330033 -0.3717677 0.8986085 -1.49012e-8 -0.1275405 -0.927743 -0.3507506 0 0 0 0 1</matrix>
                                </node>
                              </node>
                            </node>
                          </node>
                        </node>
                      </node>
                    </node>
                    <node id="node-Bone073" name="Bone073">
                      <matrix>-0.2925557 1.49012e-7 0.9562488 0.09248972 -0.954704 0.05680939 -0.2920833 -0.0307889 -0.05432393 -0.9983849 -0.01661978 -0.07006144 0 0 0 1</matrix>
                      <node id="node-Bone074" name="Bone074">
                        <matrix>0.6387705 0.4660808 0.6121606 0.05861646 -0.2161334 0.8722982 -0.4386137 7.45058e-9 -0.7384157 0.147865 0.657934 -1.19209e-7 0 0 0 1</matrix>
                        <node id="node-Bone075" name="Bone075">
                          <matrix>0.9669391 -0.2549824 -0.003659755 0.08270764 0.224585 0.8446919 0.4858575 -1.49012e-8 -0.1207936 -0.4706162 0.8740308 -5.96046e-8 0 0 0 1</matrix>
                          <node id="node-Bone076" name="Bone076">
                            <matrix>0.9027888 -0.3799327 -0.2015529 0.1038883 0.1286855 -0.2085411 0.9695106 -1.11759e-8 -0.4103808 -0.9011999 -0.1393765 -1.19209e-7 0 0 0 1</matrix>
                          </node>
                        </node>
                      </node>
                    </node>
                    <node id="node-Bone082" name="Bone082">
                      <matrix>-0.3110904 3.1665e-7 0.9503803 0.09530377 -0.9488454 -0.05680677 -0.310588 -0.03142175 0.05398794 -0.9983853 0.01767234 0.06847608 0 0 0 1</matrix>
                      <node id="node-Bone083" name="Bone083">
                        <matrix>0.6710566 -0.4341135 0.6010227 0.05861518 0.1827009 0.8824793 0.4334168 2.16067e-7 -0.7185423 -0.1810399 0.6715066 4.64916e-6 0 0 0 1</matrix>
                        <node id="node-Bone084" name="Bone084">
                          <matrix>0.9794421 0.1983213 0.03691363 0.08271182 -0.1548231 0.8563238 -0.4926871 2.98023e-8 -0.1293203 0.4768435 0.8694239 1.19209e-7 0 0 0 1</matrix>
                          <node id="node-Bone085" name="Bone085">
                            <matrix>0.9224286 0.3760583 -0.0877842 0.1038884 -0.1378097 0.1082106 -0.9845294 -1.19209e-7 -0.3607414 0.9202557 0.151641 -1.78814e-7 0 0 0 1</matrix>
                            <node id="node-Bone086" name="Bone086">
                              <matrix>0.9832616 0.0432294 -0.1769952 0.1096959 -0.123718 0.8715613 -0.4744205 2.08616e-7 0.1337534 0.4883772 0.8623212 2.98023e-8 0 0 0 1</matrix>
                            </node>
                          </node>
                        </node>
                      </node>
                    </node>
                  </node>
                </node>
                <node id="node-Bip001_backpack_01" name="Bip001_backpack_01">
                  <matrix sid="matrix">-0.9792178 0.2028019 -0.001978792 0.2016008 -0.2027961 -0.9792171 -0.00280185 -0.08787808 -0.002505883 -0.002342345 0.9999942 4.47035e-7 0 0 0 1</matrix>
                  <node id="node-Bip001_rope_01" name="Bip001_rope_01">
                    <matrix sid="matrix">0.9283745 -0.3712761 -0.01656707 0.4241234 -0.3631288 -0.915686 0.17221 0.08793241 -0.07910776 -0.1538594 -0.984921 0.09921897 0 0 0 1</matrix>
                    <node id="node-Bip001_rope_02" name="Bip001_rope_02">
                      <matrix sid="matrix">0.9993813 -0.02325731 0.02639027 0.09589994 -0.02437352 -0.9987867 0.04279112 8.33869e-5 0.02536302 -0.0434078 -0.9987355 3.63588e-6 0 0 0 1</matrix>
                      <node id="node-Bip001_rope_03" name="Bip001_rope_03">
                        <matrix sid="matrix">0.9984596 -0.04565974 -0.03152197 0.1048737 0.03999326 0.9860584 -0.1615224 -1.02341e-4 0.03845754 0.1600129 0.9863656 -0.001042619 0 0 0 1</matrix>
                      </node>
                    </node>
                  </node>
                  <node id="node-Bip001_Xtra17" name="Bip001_Xtra17">
                    <matrix>-0.04419935 -0.7063962 -0.7064352 0.1551491 0.9990224 -0.03164938 -0.03085792 0.112457 -5.60278e-4 -0.7071087 0.7071047 6.88541e-5 0 0 0 1</matrix>
                    <node id="node-Bip001_Xtra18" name="Bip001_Xtra18">
                      <matrix>1 2.98023e-8 2.98023e-8 0.02474695 0 1 3.57628e-7 -2.24113e-5 2.98023e-8 -2.68221e-7 1 0 0 0 0 1</matrix>
                    </node>
                    <node id="node-Bip001_Xtra19" name="Bip001_Xtra19">
                      <matrix>0.9999994 -7.96378e-4 7.9751e-4 0.02904576 -7.96288e-4 -0.9999998 -1.51992e-6 0.02995098 7.976e-4 8.9407e-7 -0.9999998 -7.48038e-5 0 0 0 1</matrix>
                    </node>
                    <node id="node-Bip001_Xtra20" name="Bip001_Xtra20">
                      <matrix>0.9999918 -0.003981322 7.88987e-4 0.0288974 0.003981262 0.9999921 6.3777e-6 -0.03234428 -7.88927e-4 -3.09944e-6 0.9999998 -7.51019e-5 0 0 0 1</matrix>
                    </node>
                  </node>
                  <node id="node-Bip001_Xtra01" name="Bip001_Xtra01">
                    <matrix sid="matrix">0.9980924 -0.06089205 0.01018678 0.2139946 0.06087953 0.9981439 0.001538815 0.05374008 -0.01026161 -9.15701e-4 0.999947 0.1710363 0 0 0 1</matrix>
                  </node>
                  <node id="node-Bip001_Xtra01Opp" name="Bip001_Xtra01Opp">
                    <matrix sid="matrix">0.9982423 -0.05840912 0.01002958 0.2139945 0.05839634 0.9982922 0.001561794 0.05373991 -0.01010371 -9.73389e-4 0.9999486 -0.1722647 0 0 0 1</matrix>
                  </node>
                </node>
                <node id="node-Bip001_L_Clavicle" name="Bip001_L_Clavicle">
                  <matrix sid="matrix">-0.1281998 -7.44656e-4 0.9917481 0.1406268 -0.3513236 -0.9351177 -0.04611646 0.02467199 0.9274355 -0.3543367 0.1196202 0.05035807 0 0 0 1</matrix>
                  <node id="node-Bip001_L_UpperArm" name="Bip001_L_UpperArm">
                    <matrix sid="matrix">0.4705547 0.4695712 0.7470484 0.17644 -0.04328205 0.8579019 -0.5119873 -1.49012e-8 -0.8813086 0.2085842 0.4240138 0 0 0 0 1</matrix>
                    <node id="node-Bip001_L_Forearm" name="Bip001_L_Forearm">
                      <matrix sid="matrix">0.5571984 0.8303796 0 0.3022251 -0.8303795 0.5571983 2.98023e-8 0 8.9407e-8 -1.49012e-8 1 0 0 0 0 1</matrix>
                      <node id="node-Bip001_L_Hand" name="Bip001_L_Hand">
                        <matrix sid="matrix">0.8837454 -0.04755214 -0.4655461 0.3035219 0.4440227 -0.2289449 0.8662726 0 -0.1477774 -0.9722773 -0.1812147 5.96046e-8 0 0 0 1</matrix>
                        <node id="node-Bip001_L_Finger0" name="Bip001_L_Finger0">
                          <matrix sid="matrix">0.7808205 0.4571764 0.425803 0.01779091 0.4777048 0.00234855 -0.878517 0.01367193 -0.402638 0.889372 -0.2165619 -0.02770391 0 0 0 1</matrix>
                          <node id="node-Bip001_L_Finger01" name="Bip001_L_Finger01">
                            <matrix sid="matrix">0.9399819 -0.3412244 2.98187e-4 0.05085599 0.3412246 0.9399813 -8.00565e-4 0 -7.12276e-6 8.54179e-4 0.9999996 2.98023e-8 0 0 0 1</matrix>
                            <node id="node-Bip001_L_Finger02" name="Bip001_L_Finger02">
                              <matrix sid="matrix">0.8832186 -0.4689343 0.005052626 0.03437006 0.4689614 0.8831671 -0.009535484 0 9.17912e-6 0.01079146 0.9999419 -1.49012e-8 0 0 0 1</matrix>
                            </node>
                          </node>
                        </node>
                        <node id="node-Bip001_L_Finger1" name="Bip001_L_Finger1">
                          <matrix>0.9421897 -0.2515203 0.2213941 0.08567595 0.3265596 0.8372999 -0.4385056 -0.005999684 -0.0750805 0.4854537 0.8710321 -0.02973524 0 0 0 1</matrix>
                          <node id="node-Bip001_L_Finger11" name="Bip001_L_Finger11">
                            <matrix>0.9561216 -0.2929704 -2.98023e-8 0.05795401 0.2929704 0.9561216 9.31323e-9 0 -2.98023e-8 2.23517e-8 1 0 0 0 0 1</matrix>
                            <node id="node-Bip001_L_Finger12" name="Bip001_L_Finger12">
                              <matrix>0.9782763 -0.2073058 -2.98023e-8 0.03285104 0.2073057 0.9782761 0 -5.96046e-8 0 0 1 0 0 0 0 1</matrix>
                            </node>
                          </node>
                        </node>
                        <node id="node-Bip001_L_Finger2" name="Bip001_L_Finger2">
                          <matrix>0.9099866 -0.4107479 0.05666201 0.09032291 0.414623 0.9026113 -0.1156754 -0.01052219 -0.003631055 0.128756 0.9916693 -0.005256638 0 0 0 1</matrix>
                          <node id="node-Bip001_L_Finger21" name="Bip001_L_Finger21">
                            <matrix>0.924853 -0.3803247 2.98023e-8 0.05795401 0.3803247 0.9248531 -7.45058e-9 -4.47035e-8 0 1.49012e-8 0.9999999 0 0 0 0 1</matrix>
                            <node id="node-Bip001_L_Finger22" name="Bip001_L_Finger22">
                              <matrix>0.9723517 -0.2335214 1.49012e-8 0.04148102 0.2335214 0.9723517 -1.49012e-8 0 -7.45058e-8 -5.96046e-8 1 1.49012e-8 0 0 0 1</matrix>
                            </node>
                          </node>
                        </node>
                        <node id="node-Bip001_L_Finger3" name="Bip001_L_Finger3">
                          <matrix>0.8437886 -0.5217916 -0.1255116 0.08558697 0.5360594 0.8306484 0.1505464 -0.009840578 0.0257016 -0.1943113 0.9806032 0.02070281 0 0 0 1</matrix>
                          <node id="node-Bip001_L_Finger31" name="Bip001_L_Finger31">
                            <matrix>0.9207934 -0.3900506 -2.23517e-8 0.05795407 0.3900507 0.9207935 4.09782e-8 2.98023e-8 3.72529e-8 0 1 4.47035e-8 0 0 0 1</matrix>
                            <node id="node-Bip001_L_Finger32" name="Bip001_L_Finger32">
                              <matrix>0.884097 -0.4673034 0 0.03192693 0.4673035 0.884097 0 -2.98023e-8 -2.6077e-8 1.49012e-8 0.9999999 -5.96046e-8 0 0 0 1</matrix>
                            </node>
                          </node>
                        </node>
                        <node id="node-Bip001_L_Finger4" name="Bip001_L_Finger4">
                          <matrix>0.847081 -0.3881947 -0.3629861 0.08973396 0.4792494 0.8531643 0.205986 -0.004826874 0.2297241 -0.348447 0.908742 0.04668486 0 0 0 1</matrix>
                          <node id="node-Bip001_L_Finger41" name="Bip001_L_Finger41">
                            <matrix>0.8490501 -0.5283121 -2.23517e-8 0.03496802 0.5283121 0.8490503 1.86265e-8 0 -2.23517e-8 -3.72529e-8 1 -7.45058e-9 0 0 0 1</matrix>
                            <node id="node-Bip001_L_Finger42" name="Bip001_L_Finger42">
                              <matrix>0.903693 -0.4281808 1.49012e-8 0.0220499 0.4281809 0.903693 0 -5.96046e-8 -6.51926e-8 -1.49012e-8 1 -2.98023e-8 0 0 0 1</matrix>
                            </node>
                          </node>
                        </node>
                      </node>
                    </node>
                    <node id="node-Bip001_L_ForeTwist" name="Bip001_L_ForeTwist">
                      <matrix sid="matrix">0.5571984 0.8292764 0.04279026 0.3022251 -0.8303795 0.556458 0.02871304 0 8.9407e-8 -0.05153103 0.9986716 0 0 0 0 1</matrix>
                      <node id="node-Bip001_L_ForeTwist1" name="Bip001_L_ForeTwist1">
                        <matrix sid="matrix">1 5.96046e-8 -1.49012e-8 0.1011739 0 0.9986714 0.05153097 0 0 -0.05153102 0.9986715 0 0 0 0 1</matrix>
                        <node id="node-Bip001_L_ForeTwist2" name="Bip001_L_ForeTwist2">
                          <matrix sid="matrix">1 2.98023e-8 0 0.1011741 -2.98023e-8 0.9986714 0.05153096 1.19209e-7 -2.98023e-8 -0.05153096 0.9986714 0 0 0 0 1</matrix>
                        </node>
                      </node>
                    </node>
                  </node>
                  <node id="node-Bip001_LUpArmTwist" name="Bip001_LUpArmTwist">
                    <matrix sid="matrix">0.4705547 0.4695712 0.7470484 0.17644 -0.04328205 0.8579019 -0.5119873 -1.49012e-8 -0.8813086 0.2085842 0.4240138 0 0 0 0 1</matrix>
                    <node id="node-Bip001_LUpArmTwist1" name="Bip001_LUpArmTwist1">
                      <matrix>1 -2.98023e-8 0 0.1007416 -2.98023e-8 1 2.98023e-8 0 -2.98023e-8 -8.19564e-8 1 0 0 0 0 1</matrix>
                      <node id="node-Bip001_LUpArmTwist2" name="Bip001_LUpArmTwist2">
                        <matrix>1 -2.98023e-8 0 0.1007417 -2.98023e-8 1 2.98023e-8 -5.96046e-8 -2.98023e-8 -8.19564e-8 1 0 0 0 0 1</matrix>
                      </node>
                    </node>
                  </node>
                </node>
                <node id="node-Bip001_R_Clavicle" name="Bip001_R_Clavicle">
                  <matrix sid="matrix">-0.206348 -7.85336e-4 -0.9784784 0.1406267 -0.1617315 -0.9862176 0.03489852 0.02467228 -0.9650199 0.1654519 0.203377 -0.05035793 0 0 0 1</matrix>
                  <node id="node-Bip001_R_UpperArm" name="Bip001_R_UpperArm">
                    <matrix sid="matrix">0.5901267 0.1620108 -0.7908875 0.17644 0.08379152 0.9620745 0.2595996 0 0.8029504 -0.2194664 0.5541707 -1.19209e-7 0 0 0 1</matrix>
                    <node id="node-Bip001_R_Forearm" name="Bip001_R_Forearm">
                      <matrix sid="matrix">0.5386549 0.8425266 0 0.3022251 -0.8425266 0.5386546 0 0 0 1.49012e-8 1 0 0 0 0 1</matrix>
                      <node id="node-Bip001_R_Hand" name="Bip001_R_Hand">
                        <matrix sid="matrix">0.9709754 -0.1839384 0.1528848 0.3035219 0.1540016 -0.008284934 -0.9880359 -8.9407e-8 0.1830045 0.982903 0.02028237 -5.96046e-8 0 0 0 1</matrix>
                        <node id="node-Bip001_R_Finger0" name="Bip001_R_Finger0">
                          <matrix sid="matrix">0.7808157 0.4575513 -0.4254096 0.01779103 0.4777187 0.001567736 0.8785113 0.01367193 0.4026318 -0.8891811 -0.2173571 0.02770388 0 0 0 1</matrix>
                          <node id="node-Bip001_R_Finger01" name="Bip001_R_Finger01">
                            <matrix sid="matrix">0.9399779 -0.3412352 -3.67861e-4 0.05085599 0.3412353 0.9399773 0.001001656 0 3.97861e-6 -0.001067076 0.9999995 2.98023e-8 0 0 0 1</matrix>
                            <node id="node-Bip001_R_Finger02" name="Bip001_R_Finger02">
                              <matrix sid="matrix">0.883212 -0.4689432 -0.005403467 0.03437006 0.4689743 0.8831533 0.0101696 -2.98023e-8 3.10689e-6 -0.011516 0.9999337 0 0 0 0 1</matrix>
                            </node>
                          </node>
                        </node>
                        <node id="node-Bip001_R_Finger1" name="Bip001_R_Finger1">
                          <matrix>0.9421902 -0.2515197 -0.221394 0.08567607 0.326559 0.8373004 0.4385057 -0.005999625 0.07508078 -0.4854537 0.8710322 0.02973521 0 0 0 1</matrix>
                          <node id="node-Bip001_R_Finger11" name="Bip001_R_Finger11">
