<?xml version="1.0" encoding="utf-8"?>
<COLLADA xmlns="http://www.collada.org/2005/11/COLLADASchema" version="1.4.1">
  <asset>
    <contributor>
      <author>Setsu</author>
      <authoring_tool>OpenCOLLADA for 3ds Max;  Version: 1.3.1;  Revision: 847M;  Platform: x64;  Configuration: Release_Max2012_static</authoring_tool>
      <source_data>file:///D:/_Work/webgl/models/man/animation/melee/walk_bkw.max</source_data>
    </contributor>
    <created>2012-09-05T13:14:46</created>
    <modified>2012-09-05T13:14:46</modified>
    <unit name="meter" meter="1"/>
    <up_axis>Z_UP</up_axis>
  </asset>
  <library_lights>
    <light id="EnvironmentAmbientLight" name="EnvironmentAmbientLight">
      <technique_common>
        <ambient>
          <color>0.019608 0.019608 0.019608</color>
        </ambient>
      </technique_common>
    </light>
  </library_lights>
  <library_visual_scenes>
    <visual_scene id="MaxScene">
      <node name="EnvironmentAmbientLight">
        <instance_light url="#EnvironmentAmbientLight"/>
      </node>
      <node id="node-Bip001" name="Bip001">
        <matrix sid="matrix">-0.08423328 0.9757336 0.2021102 0.01321359 -0.853094 -0.175429 0.4913807 -3.02363e-5 0.5149127 -0.1310284 0.8471697 0.928908 0 0 0 1</matrix>
        <node id="node-Bip001_Footsteps" name="Bip001_Footsteps">
          <matrix sid="matrix">-0.0842333 -0.8530943 0.5149127 -0.4773029 0.9757338 -0.1754291 -0.1310284 0.121458 0.2021102 0.4913807 0.8471696 -0.7852914 0 0 0 1</matrix>
        </node>
        <node id="node-Bip001_Pelvis" name="Bip001_Pelvis">
          <matrix sid="matrix">-0.04559037 0.9940727 -0.09869581 -0.027872 -0.07622437 0.09504882 0.9925501 7.45058e-9 0.9960479 0.05277377 0.07143928 -5.96046e-8 0 0 0 1</matrix>
          <node id="node-Bip001_Spine" name="Bip001_Spine">
            <matrix sid="matrix">0.8599924 -0.5067983 0.05973632 0.1051987 0.5064635 0.8619871 0.02174347 0.02166516 -0.06251152 0.01155507 0.9979774 0.005986772 0 0 0 1</matrix>
            <node id="node-Bip001_Spine1" name="Bip001_Spine1">
              <matrix sid="matrix">0.9931105 -0.04681221 0.107426 0.1646401 0.05537729 0.9953998 -0.07818338 -1.30489e-4 -0.1032719 0.0835937 0.9911343 -1.09524e-5 0 0 0 1</matrix>
              <node id="node-Bip001_Spine2" name="Bip001_Spine2">
                <matrix sid="matrix">0.9699815 0.2376713 0.05146349 0.1646029 -0.2279558 0.9623659 -0.1479472 -1.26131e-4 -0.08468951 0.1317746 0.9876555 -1.72853e-5 0 0 0 1</matrix>
                <node id="node-Bip001_Neck" name="Bip001_Neck">
                  <matrix sid="matrix">0.9253331 -0.3701686 -0.08205904 0.1743846 0.3682389 0.928951 -0.03808083 -0.00749895 0.09032517 0.005020111 0.9958996 -3.27826e-7 0 0 0 1</matrix>
                  <node id="node-Bip001_Head" name="Bip001_Head">
                    <matrix sid="matrix">0.9971339 -0.07360221 0.01749711 0.08448005 0.06699927 0.9665415 0.2476051 0.03011221 -0.03513603 -0.2457233 0.9687029 8.9407e-8 0 0 0 1</matrix>
                    <node id="node-Bip001_AngryBrowR" name="Bip001_AngryBrowR">
                      <matrix>0.001812026 -0.9852682 0.1710073 0.1354002 0.9995396 -0.003395721 -0.03015608 0.1043413 0.03029251 0.1709832 0.9848083 -0.01978299 0 0 0 1</matrix>
                    </node>
                    <node id="node-Bip001_SillyBrowL" name="Bip001_SillyBrowL">
                      <matrix>-0.004057273 -0.9597189 -0.280933 0.1346171 0.7867902 0.1703331 -0.5932522 0.08548477 0.6172074 -0.2234423 0.7544061 0.05988092 0 0 0 1</matrix>
                    </node>
                    <node id="node-Bip001_SillyBrowR" name="Bip001_SillyBrowR">
                      <matrix>-0.004056931 -0.9597204 0.2809277 0.1346171 0.7867938 0.1703287 0.5932485 0.08548507 -0.6172028 0.2234389 0.754411 -0.05988044 0 0 0 1</matrix>
                    </node>
                    <node id="node-Bip001_jaw" name="Bip001_jaw">
                      <matrix>0.3710406 -0.9275407 -0.0446916 0.0739423 0.8026186 0.3445303 -0.4869318 0.01053736 0.4670466 0.1448012 0.872296 -1.20522e-5 0 0 0 1</matrix>
                      <node id="node-Bip001_lowerLipL" name="Bip001_lowerLipL">
                        <matrix>-0.8336914 -0.3554322 -0.4226423 0.1074509 0.3746175 -0.926314 0.04004891 -0.03483558 -0.4057341 -0.1249408 0.9054112 0.009654492 0 0 0 1</matrix>
                      </node>
                      <node id="node-Bip001_lowerLipR" name="Bip001_lowerLipR">
                        <matrix>0.7819585 1.76486e-6 -0.6233305 0.1074492 -0.6233305 -4.03449e-6 -0.7819585 -0.03483999 -3.97861e-6 1 -2.03028e-6 -0.00965897 0 0 0 1</matrix>
                      </node>
                    </node>
                    <node id="node-Bip001_upperLipL" name="Bip001_upperLipL">
                      <matrix>8.49366e-7 -6.64499e-6 -1 0.04530883 1 3.35206e-6 8.49366e-7 0.1161031 3.32471e-6 -1 6.64312e-6 0.009555258 0 0 0 1</matrix>
                    </node>
                    <node id="node-Bip001_upperLipR" name="Bip001_upperLipR">
                      <matrix>8.34465e-7 -1.21947e-5 1 0.04530871 1 -2.19245e-6 -8.49366e-7 0.1161031 2.22202e-6 1 1.21919e-5 -0.00955461 0 0 0 1</matrix>
                    </node>
                    <node id="node-Bip001_AngryBrowL" name="Bip001_AngryBrowL">
                      <matrix>0.001812041 -0.9852673 -0.1710128 0.1354003 0.9995397 -0.003394961 0.03015059 0.1043411 -0.03028695 -0.1709887 0.9848075 0.01978357 0 0 0 1</matrix>
                    </node>
                    <node id="node-Bone050" name="Bone050">
                      <matrix>-0.2718078 -3.91155e-7 0.962352 0.1766741 -0.9409114 0.2099089 -0.2657521 0.01386482 -0.2020061 -0.9777213 -0.05705521 -0.080042 0 0 0 1</matrix>
                      <node id="node-Bone051" name="Bone051">
                        <matrix>0.8727056 -0.06772888 0.4835262 0.06664182 0.04994018 0.9975203 0.04958951 1.11759e-8 -0.4856859 -0.01912966 0.8739241 1.19209e-7 0 0 0 1</matrix>
                        <node id="node-Bone052" name="Bone052">
                          <matrix>0.9062541 -0.3886849 0.1662163 0.05545187 0.271581 0.8366386 0.4756893 1.11759e-8 -0.323956 -0.3859543 0.8637663 -2.38419e-7 0 0 0 1</matrix>
                          <node id="node-Bone053" name="Bone053">
                            <matrix>0.8183509 -0.4357322 -0.3747523 0.05517256 0.1430369 -0.4771262 0.8671164 -2.98023e-8 -0.5566342 -0.763209 -0.3281312 0 0 0 0 1</matrix>
                            <node id="node-Bone054" name="Bone054">
                              <matrix>0.8138615 -0.1123602 -0.5700921 0.05649614 0.4602882 0.7234694 0.5145158 -1.49012e-8 0.3546331 -0.6811511 0.6405218 4.47035e-8 0 0 0 1</matrix>
                            </node>
                          </node>
                        </node>
                      </node>
                    </node>
                    <node id="node-Bone044" name="Bone044">
                      <matrix>-0.09140614 -3.84636e-7 0.9958137 0.2017385 -0.991992 0.08753213 -0.09105525 0.01348135 -0.08716565 -0.9961616 -0.00800135 -0.06964707 0 0 0 1</matrix>
                      <node id="node-Bone045" name="Bone045">
                        <matrix>0.7861627 0.1194515 0.6063656 0.07249829 -0.08783492 0.9927796 -0.08169393 2.66358e-7 -0.611746 0.01096465 0.7909784 -1.43051e-6 0 0 0 1</matrix>
                        <node id="node-Bone046" name="Bone046">
                          <matrix>0.9278777 -0.2364843 0.288303 0.0625881 0.1528029 0.9464127 0.2845247 -1.19209e-7 -0.3401393 -0.2199505 0.9142908 4.05312e-6 0 0 0 1</matrix>
                          <node id="node-Bone047" name="Bone047">
                            <matrix>0.9307666 -0.3523222 0.09768245 0.06108761 0.1767301 0.6674466 0.7233816 4.47035e-8 -0.3200613 -0.6560363 0.683503 -1.19209e-7 0 0 0 1</matrix>
                            <node id="node-Bone048" name="Bone048">
                              <matrix>0.9457324 0.23733 -0.221957 0.07517111 -0.2279811 -0.002116309 -0.9736635 0 -0.2315492 0.971427 0.05210519 0 0 0 0 1</matrix>
                              <node id="node-Bone049" name="Bone049">
                                <matrix>0.8586521 0.1722122 -0.482763 0.08048499 -0.4657756 0.6552923 -0.5946811 -1.19209e-7 0.2139395 0.7354832 0.6428801 0 0 0 0 1</matrix>
                              </node>
                            </node>
                          </node>
                        </node>
                      </node>
                    </node>
                    <node id="node-Bone014" name="Bone014">
                      <matrix>-0.02865489 -2.94298e-7 0.999589 0.2221859 -0.9993564 0.02160657 -0.02864818 0.004512727 -0.02159769 -0.9997666 -6.19429e-4 -0.05774581 0 0 0 1</matrix>
                      <node id="node-Bone015" name="Bone015">
                        <matrix>0.8968285 0.1569262 0.4136093 0.04459426 -0.1405922 0.9876003 -0.06985628 1.49012e-8 -0.4194429 0.004498864 0.907771 -3.8147e-6 0 0 0 1</matrix>
                        <node id="node-Bone016" name="Bone016">
                          <matrix>0.8073793 0.3848707 0.4472286 0.05171204 -0.2289694 0.9029424 -0.3636863 1.3411e-7 -0.5437936 0.1912311 0.8171405 1.19209e-7 0 0 0 1</matrix>
                          <node id="node-Bone017" name="Bone017">
                            <matrix>0.9567487 0.1163465 0.2666373 0.06625283 -0.06016748 0.9758648 -0.209923 0 -0.2846259 0.1848008 0.9406573 0 0 0 0 1</matrix>
                            <node id="node-Bone018" name="Bone018">
                              <matrix>0.9759618 -0.1837635 -0.1171754 0.07592642 0.2160517 0.7450928 0.630998 1.19209e-7 -0.02864772 -0.6411461 0.7668844 -4.52995e-6 0 0 0 1</matrix>
                              <node id="node-Bone019" name="Bone019">
                                <matrix>0.9469509 -0.1838324 -0.26361 0.05424261 0.2948284 0.8233756 0.4849015 -4.47035e-8 0.1279092 -0.5368978 0.8338952 0 0 0 0 1</matrix>
                                <node id="node-Bone020" name="Bone020">
                                  <matrix>0.7088869 -0.5135251 -0.4834986 0.1070501 0.4797028 -0.1515179 0.8642494 0 -0.5170728 -0.8445907 0.1389304 0 0 0 0 1</matrix>
                                </node>
                              </node>
                            </node>
                          </node>
                        </node>
                      </node>
                    </node>
                    <node id="node-Bone006" name="Bone006">
                      <matrix>0.196101 -3.67872e-8 0.9805841 0.2309459 -0.97891 0.0584061 0.1957664 0.03429446 -0.05727208 -0.9982931 0.01145346 -0.0269171 0 0 0 1</matrix>
                      <node id="node-Bone007" name="Bone007">
                        <matrix>0.9117423 -0.01410428 0.4105207 0.04605401 0.01401885 0.9998967 0.003218503 4.19095e-9 -0.4105236 0.002820565 0.9118454 0 0 0 0 1</matrix>
                        <node id="node-Bone008" name="Bone008">
                          <matrix>0.9392015 0.1158517 0.3232316 0.04755574 -0.1007923 0.9929103 -0.06300742 7.91624e-9 -0.3282395 0.02659744 0.9442202 -1.19209e-7 0 0 0 1</matrix>
                          <node id="node-Bone009" name="Bone009">
                            <matrix>0.9081649 5.73492e-4 0.4186126 0.05169481 -3.70696e-4 0.9999999 -5.65727e-4 7.45058e-9 -0.4186129 3.58593e-4 0.9081649 -1.19209e-7 0 0 0 1</matrix>
                            <node id="node-Bone010" name="Bone010">
                              <matrix>0.9252816 -0.277404 0.2586523 0.06606352 0.1212467 0.8625092 0.4913011 -7.82311e-8 -0.3593791 -0.4232312 0.8316981 1.19209e-7 0 0 0 1</matrix>
                              <node id="node-Bone011" name="Bone011">
                                <matrix>0.9589166 -0.2158548 -0.1840784 0.06010842 0.2631018 0.4340236 0.8616267 1.04308e-7 -0.1060917 -0.87466 0.4729845 0 0 0 0 1</matrix>
                                <node id="node-Bone012" name="Bone012">
                                  <matrix>0.966953 -0.1915677 -0.1682376 0.05975711 0.2547095 0.7547973 0.6044862 8.9407e-7 0.01118529 -0.6273613 0.7786477 -1.49012e-7 0 0 0 1</matrix>
                                  <node id="node-Bone013" name="Bone013">
                                    <matrix>0.8543546 -0.001355842 -0.5196888 0.05263507 0.002830327 0.9999942 0.002043992 -5.96046e-8 0.519683 -0.003217243 0.8543535 3.8743e-7 0 0 0 1</matrix>
                                  </node>
                                </node>
                              </node>
                            </node>
                          </node>
                        </node>
                      </node>
                    </node>
                    <node id="node-Bone021" name="Bone021">
                      <matrix>0.4470657 -1.42492e-7 0.8945012 0.2271245 -0.8945012 6.32519e-6 0.4470657 0.0507583 -5.72624e-6 -1 2.69897e-6 1.19209e-7 0 0 0 1</matrix>
                      <node id="node-Bone022" name="Bone022">
                        <matrix>0.906424 4.99096e-6 0.4223687 0.03557789 -5.61925e-6 1 2.3935e-7 -1.30385e-8 -0.4223688 -2.59234e-6 0.906424 1.19209e-7 0 0 0 1</matrix>
                        <node id="node-Bone023" name="Bone023">
                          <matrix>0.9613262 -9.52277e-7 0.2754122 0.04570848 9.18517e-7 1 2.6077e-7 -5.58794e-9 -0.2754122 -9.31323e-10 0.9613262 1.19209e-7 0 0 0 1</matrix>
                          <node id="node-Bone024" name="Bone024">
                            <matrix>0.8313264 -1.69617e-6 0.5557857 0.05609787 1.19302e-6 1 1.27591e-6 7.45058e-9 -0.5557856 -3.96743e-7 0.8313264 -2.14577e-6 0 0 0 1</matrix>
                            <node id="node-Bone025" name="Bone025">
                              <matrix>0.9055953 0 0.4241419 0.06339759 -9.31323e-10 1 0 1.39698e-8 -0.4241419 0 0.9055953 8.34465e-7 0 0 0 1</matrix>
                              <node id="node-Bone026" name="Bone026">
                                <matrix>0.9644744 1.10585e-5 0.2641778 0.06756556 -9.19215e-7 1 -3.8499e-5 9.31323e-9 -0.2641778 3.68897e-5 0.9644744 8.9407e-7 0 0 0 1</matrix>
                                <node id="node-Bone027" name="Bone027">
                                  <matrix>0.9817943 -1.13901e-6 -0.1899466 0.07909274 9.83151e-6 1 4.48285e-5 3.72529e-9 0.1899466 -4.58811e-5 0.9817942 -5.36442e-7 0 0 0 1</matrix>
                                  <node id="node-Bone028" name="Bone028">
                                    <matrix>0.9998927 2.05962e-6 0.01466203 0.07343209 -1.90455e-6 1 -1.03661e-5 4.65661e-9 -0.014662 1.03349e-5 0.9998927 1.19209e-7 0 0 0 1</matrix>
                                  </node>
                                </node>
                              </node>
                            </node>
                          </node>
                        </node>
                      </node>
                    </node>
                    <node id="node-Bone029" name="Bone029">
                      <matrix>0.1961011 -9.12696e-8 0.980584 0.2309459 -0.9789101 -0.05839981 0.1957664 0.03429431 0.05726586 -0.9982935 -0.01145235 0.02691687 0 0 0 1</matrix>
                      <node id="node-Bone030" name="Bone030">
                        <matrix>0.9117724 0.01410465 0.4104536 0.04605371 -0.01401946 0.9998965 -0.003217543 -7.07805e-8 -0.4104564 -0.002820661 0.9118759 -3.93391e-6 0 0 0 1</matrix>
                        <node id="node-Bone031" name="Bone031">
                          <matrix>0.9391771 -0.1158523 0.3233027 0.04755456 0.1007911 0.9929109 0.06300677 1.49012e-8 -0.3283098 -0.02658845 0.9441957 1.19209e-7 0 0 0 1</matrix>
                          <node id="node-Bone032" name="Bone032">
                            <matrix>0.9038532 0.04105058 0.4258697 0.05169511 -0.02617575 0.9988273 -0.04072464 0 -0.4270421 0.02566157 0.9038681 1.19209e-7 0 0 0 1</matrix>
                            <node id="node-Bone033" name="Bone033">
                              <matrix>0.9352223 0.2103267 0.2848185 0.06606317 -0.09208228 0.92124 -0.3779385 0 -0.3418766 0.3272297 0.8809316 -1.19209e-7 0 0 0 1</matrix>
                              <node id="node-Bone034" name="Bone034">
                                <matrix>0.9540269 0.2209558 -0.202513 0.06010938 -0.2726004 0.3588102 -0.8927172 1.49012e-8 -0.1245871 0.9068815 0.402547 0 0 0 0 1</matrix>
                                <node id="node-Bone035" name="Bone035">
                                  <matrix>0.9640255 0.184163 -0.1916737 0.05975628 -0.2622839 0.7761135 -0.573458 -5.96046e-8 0.04315063 0.6031009 0.7964969 -5.96046e-8 0 0 0 1</matrix>
                                  <node id="node-Bone036" name="Bone036">
                                    <matrix>0.8694143 0.01521918 -0.4938491 0.05263567 -0.02966289 0.9993308 -0.0214242 -5.96046e-8 0.4931927 0.03327524 0.8692834 0 0 0 0 1</matrix>
                                  </node>
                                </node>
                              </node>
                            </node>
                          </node>
                        </node>
                      </node>
                    </node>
                    <node id="node-Bone037" name="Bone037">
                      <matrix>-0.03296205 1.69501e-7 0.9994567 0.2221859 -0.9989802 -0.03087518 -0.03294633 0.004512399 0.03085839 -0.9995234 0.001017877 0.05774583 0 0 0 1</matrix>
                      <node id="node-Bone038" name="Bone038">
                        <matrix>0.8929765 -0.1232729 0.4328945 0.0445945 0.1165006 0.9922913 0.04225146 5.21541e-8 -0.4347659 0.01270289 0.9004542 0 0 0 0 1</matrix>
                        <node id="node-Bone039" name="Bone039">
                          <matrix>0.8104644 -0.3801516 0.4456804 0.05171019 0.2161754 0.9012179 0.3755988 7.45058e-9 -0.5444399 -0.2080643 0.8125845 -1.66893e-6 0 0 0 1</matrix>
                          <node id="node-Bone040" name="Bone040">
                            <matrix>0.9648311 -0.1429276 0.2206183 0.06625354 0.0789454 0.9580725 0.2754363 0 -0.2507359 -0.2483327 0.9356617 0 0 0 0 1</matrix>
                            <node id="node-Bone041" name="Bone041">
                              <matrix>0.9759558 0.1838065 -0.1171584 0.07592773 -0.216068 0.7449557 -0.6311549 2.08616e-7 -0.02873254 0.6412933 0.766758 0 0 0 0 1</matrix>
                              <node id="node-Bone042" name="Bone042">
                                <matrix>0.9450257 0.2399527 -0.2221448 0.05424106 -0.3174697 0.8360454 -0.4474816 2.23517e-8 0.07834876 0.4934064 0.8662627 3.57628e-7 0 0 0 1</matrix>
                                <node id="node-Bone043" name="Bone043">
                                  <matrix>0.7633407 0.4381691 -0.4746784 0.1070515 -0.4467451 -0.1726973 -0.8778355 -5.96046e-8 -0.4666158 0.8821477 0.06392279 0 0 0 0 1</matrix>
                                </node>
                              </node>
                            </node>
                          </node>
                        </node>
                      </node>
                    </node>
                    <node id="node-Bone055" name="Bone055">
                      <matrix>-0.0914057 1.86265e-7 0.9958144 0.2017385 -0.9919923 -0.08752597 -0.09105495 0.01348099 0.08715954 -0.9961624 0.008000559 0.06964707 0 0 0 1</matrix>
                      <node id="node-Bone056" name="Bone056">
                        <matrix>0.7861557 -0.1194354 0.6063781 0.07249784 0.08782187 0.9927816 0.08168432 3.65078e-7 -0.6117567 -0.01096335 0.7909697 1.19209e-7 0 0 0 1</matrix>
                        <node id="node-Bone057" name="Bone057">
                          <matrix>0.9220536 0.282224 0.2648901 0.062585 -0.1853493 0.9227368 -0.3379383 -3.27826e-7 -0.3397979 0.2625 0.9031228 1.19209e-7 0 0 0 1</matrix>
                          <node id="node-Bone058" name="Bone058">
                            <matrix>0.9331158 0.3402687 0.1162442 0.06108952 -0.1721811 0.7066321 -0.6863126 2.98023e-8 -0.3156725 0.6203942 0.7179571 1.19209e-7 0 0 0 1</matrix>
                            <node id="node-Bone059" name="Bone059">
                              <matrix>0.9435687 -0.2433106 -0.2246736 0.07517004 0.22795 -0.0149859 0.9735574 5.96046e-8 -0.2402438 -0.9698328 0.04132232 -5.96046e-8 0 0 0 1</matrix>
                              <node id="node-Bone060" name="Bone060">
                                <matrix>0.8586498 -0.1722088 -0.4827677 0.08048654 0.465779 0.6552851 0.5946857 8.9407e-8 0.2139404 -0.7354897 0.6428716 -1.19209e-7 0 0 0 1</matrix>
                              </node>
                            </node>
                          </node>
                        </node>
                      </node>
                    </node>
                    <node id="node-Bone061" name="Bone061">
                      <matrix>-0.2765531 5.7742e-7 0.9609986 0.1766737 -0.9376871 -0.2189246 -0.2698442 0.01386443 0.2103862 -0.9757421 0.06054476 0.08004999 0 0 0 1</matrix>
                      <node id="node-Bone062" name="Bone062">
                        <matrix>0.8800434 0.0314892 0.4738474 0.06630632 -0.02342633 0.999463 -0.02291053 5.96046e-8 -0.4743145 0.009061743 0.8803087 -2.02656e-6 0 0 0 1</matrix>
                        <node id="node-Bone063" name="Bone063">
                          <matrix>0.8984271 0.4092896 0.1590955 0.05577612 -0.285667 0.8199128 -0.4961224 -2.23517e-8 -0.3335019 0.4002815 0.8535522 0 0 0 0 1</matrix>
                          <node id="node-Bone064" name="Bone064">
                            <matrix>0.813628 0.4382422 -0.3820378 0.05538905 -0.1488503 -0.478192 -0.8655491 -2.98023e-8 -0.562008 0.7611017 -0.3238379 0 0 0 0 1</matrix>
                            <node id="node-Bone065" name="Bone065">
                              <matrix>0.8752896 0.08609425 -0.4758735 0.05682147 -0.3054108 0.8613695 -0.4059147 2.98023e-8 0.374956 0.5006298 0.7802421 2.98023e-8 0 0 0 1</matrix>
                            </node>
                          </node>
                        </node>
                      </node>
                    </node>
                    <node id="node-Bone077" name="Bone077">
                      <matrix>-0.01158963 6.55651e-7 0.9999329 0.1375992 -0.8724391 -0.488619 -0.01011159 0.0314253 0.4885863 -0.8724976 0.00566348 0.0596832 0 0 0 1</matrix>
                      <node id="node-Bone078" name="Bone078">
                        <matrix>0.7043356 -0.4953953 0.5084244 0.06178033 0.3977998 0.868649 0.2953046 4.91738e-7 -0.5879346 -0.005742423 0.8088884 4.37498e-5 0 0 0 1</matrix>
                        <node id="node-Bone079" name="Bone079">
                          <matrix>0.7459559 -0.6548733 0.1212058 0.1102704 0.4237671 0.6071162 0.6721836 -1.49012e-8 -0.5137814 -0.4500563 0.7303955 1.19209e-7 0 0 0 1</matrix>
                          <node id="node-Bone080" name="Bone080">
                            <matrix>0.8926532 0.2532577 0.3728679 0.1663148 -0.1483835 0.9462286 -0.2874601 2.98023e-8 -0.4256198 0.2012751 0.8822338 0 0 0 0 1</matrix>
                            <node id="node-Bone081" name="Bone081">
                              <matrix>0.9320754 0.1246796 -0.340132 0.137991 -0.1721553 -0.6736668 -0.7187042 -2.98023e-8 -0.3187434 0.7284417 -0.6064442 0 0 0 0 1</matrix>
                            </node>
                          </node>
                        </node>
                      </node>
                    </node>
                    <node id="node-Bone066" name="Bone066">
                      <matrix>-0.2908011 -2.98023e-7 0.9567835 0.1378931 -0.9335831 0.2188804 -0.2837497 0.009998888 -0.2094211 -0.9757518 -0.06365094 -0.07983375 0 0 0 1</matrix>
                      <node id="node-Bone067" name="Bone067">
                        <matrix>0.7965989 0.4133027 0.4411482 0.081056 -0.3324228 0.909016 -0.2513689 -3.35276e-8 -0.5049018 0.05359239 0.8615117 -3.09944e-6 0 0 0 1</matrix>
                        <node id="node-Bone068" name="Bone068">
                          <matrix>0.9018514 0.4028899 0.1560252 0.06413394 -0.2337511 0.7587149 -0.6080389 -2.30968e-7 -0.3633517 0.51189 0.7784243 3.57628e-7 0 0 0 1</matrix>
                          <node id="node-Bone069" name="Bone069">
                            <matrix>0.999895 0.01424572 0.002566785 0.08350694 -0.01418528 0.9996533 -0.02217146 -5.96046e-8 -0.002881974 0.02213265 0.9997508 0 0 0 0 1</matrix>
                            <node id="node-Bone070" name="Bone070">
                              <matrix>0.9643174 -0.1502271 0.2179987 0.08289564 0.09696248 0.966611 0.2371961 2.98023e-8 -0.2463527 -0.207595 0.9466861 0 0 0 0 1</matrix>
                              <node id="node-Bone071" name="Bone071">
                                <matrix>0.9585641 -0.1121205 0.2618873 0.0640018 0.03549381 0.9591346 0.2807155 2.98023e-8 -0.2826594 -0.2597879 0.9233714 5.96046e-8 0 0 0 1</matrix>
                                <node id="node-Bone072" name="Bone072">
                                  <matrix>0.964076 -0.03288288 -0.2635827 0.07497585 0.2330034 -0.3717677 0.8986086 2.98023e-8 -0.1275404 -0.9277429 -0.3507508 -5.96046e-8 0 0 0 1</matrix>
                                </node>
                              </node>
                            </node>
                          </node>
                        </node>
                      </node>
                    </node>
                    <node id="node-Bone073" name="Bone073">
                      <matrix>-0.2925557 1.49012e-7 0.9562488 0.0924896 -0.9547041 0.0568094 -0.2920833 -0.0307889 -0.05432394 -0.998385 -0.01661978 -0.07006145 0 0 0 1</matrix>
                      <node id="node-Bone074" name="Bone074">
                        <matrix>0.6387705 0.4660809 0.6121606 0.05861648 -0.2161334 0.8722984 -0.4386137 3.72529e-9 -0.7384157 0.147865 0.657934 0 0 0 0 1</matrix>
                        <node id="node-Bone075" name="Bone075">
                          <matrix>0.966939 -0.2549824 -0.003659755 0.08270764 0.2245849 0.8446919 0.4858575 0 -0.1207937 -0.4706162 0.8740308 0 0 0 0 1</matrix>
                          <node id="node-Bone076" name="Bone076">
                            <matrix>0.9027888 -0.3799328 -0.201553 0.1038884 0.1286855 -0.2085411 0.9695107 0 -0.4103809 -0.9012001 -0.1393765 -1.19209e-7 0 0 0 1</matrix>
                          </node>
                        </node>
                      </node>
                    </node>
                    <node id="node-Bone082" name="Bone082">
                      <matrix>-0.3110904 3.22238e-7 0.9503806 0.09530377 -0.9488457 -0.05680679 -0.3105881 -0.03142178 0.05398794 -0.9983853 0.01767234 0.06847608 0 0 0 1</matrix>
                      <node id="node-Bone083" name="Bone083">
                        <matrix>0.6710567 -0.4341135 0.6010227 0.05861518 0.1827009 0.8824793 0.4334169 2.16067e-7 -0.7185423 -0.18104 0.6715066 4.76837e-6 0 0 0 1</matrix>
                        <node id="node-Bone084" name="Bone084">
                          <matrix>0.9794419 0.1983213 0.03691354 0.08271182 -0.1548231 0.8563237 -0.492687 0 -0.1293203 0.4768434 0.869424 2.38419e-7 0 0 0 1</matrix>
                          <node id="node-Bone085" name="Bone085">
                            <matrix>0.9224285 0.3760583 -0.08778422 0.1038884 -0.1378097 0.1082106 -0.9845293 -1.2666e-7 -0.3607413 0.9202555 0.151641 -1.19209e-7 0 0 0 1</matrix>
                            <node id="node-Bone086" name="Bone086">
                              <matrix>0.9832618 0.04322942 -0.1769953 0.1096958 -0.123718 0.8715611 -0.4744205 2.38419e-7 0.1337534 0.4883771 0.8623211 5.96046e-8 0 0 0 1</matrix>
                            </node>
                          </node>
                        </node>
                      </node>
                    </node>
                  </node>
                </node>
                <node id="node-Bip001_backpack_01" name="Bip001_backpack_01">
                  <matrix sid="matrix">-0.9607705 0.273909 -0.04351699 0.2015803 -0.2738968 -0.9617379 -0.006362277 -0.08788304 -0.04359464 0.005806448 0.9990323 -1.90735e-6 0 0 0 1</matrix>
                  <node id="node-Bip001_rope_01" name="Bip001_rope_01">
                    <matrix sid="matrix">0.8488866 0.3864395 -0.3606324 0.4240655 0.4524292 -0.883998 0.1177081 0.08792993 -0.2733113 -0.2630816 -0.9252507 0.09922733 0 0 0 1</matrix>
                    <node id="node-Bip001_rope_02" name="Bip001_rope_02">
                      <matrix sid="matrix">0.9487313 0.1229593 -0.291187 0.09588772 0.142466 -0.9886984 0.04667863 8.25524e-5 -0.2821565 -0.08576968 -0.9555268 7.15256e-6 0 0 0 1</matrix>
                      <node id="node-Bip001_rope_03" name="Bip001_rope_03">
                        <matrix sid="matrix">0.8133941 0.1797561 -0.5532432 0.1048504 -0.2645484 0.9613256 -0.07659906 -9.97782e-5 0.5180777 0.2086648 0.8294908 -0.001047656 0 0 0 1</matrix>
                      </node>
                    </node>
                  </node>
                  <node id="node-Bip001_Xtra17" name="Bip001_Xtra17">
                    <matrix>-0.0441994 -0.7063961 -0.7064353 0.1551487 0.9990226 -0.03164946 -0.03085793 0.112457 -5.60365e-4 -0.7071088 0.7071044 6.88359e-5 0 0 0 1</matrix>
                    <node id="node-Bip001_Xtra18" name="Bip001_Xtra18">
                      <matrix>1 3.72529e-9 3.72529e-9 0.02474695 -7.45058e-9 1 3.27826e-7 -2.25306e-5 0 -3.27826e-7 1 0 0 0 0 1</matrix>
                    </node>
                    <node id="node-Bip001_Xtra19" name="Bip001_Xtra19">
                      <matrix>0.9999993 -7.96307e-4 7.98095e-4 0.02904576 -7.96344e-4 -0.9999997 -1.51992e-6 0.02995068 7.98102e-4 8.9407e-7 -0.9999996 -7.49826e-5 0 0 0 1</matrix>
                    </node>
                    <node id="node-Bip001_Xtra20" name="Bip001_Xtra20">
                      <matrix>0.9999917 -0.003981326 7.88838e-4 0.02889749 0.003981281 0.999992 6.25849e-6 -0.03234428 -7.88875e-4 -3.12924e-6 0.9999997 -7.49826e-5 0 0 0 1</matrix>
                    </node>
                  </node>
                  <node id="node-Bip001_Xtra01" name="Bip001_Xtra01">
                    <matrix sid="matrix">0.9810805 -0.177551 0.07718112 0.2140079 0.1794997 0.9835739 -0.01903526 0.05374163 -0.07253359 0.0325291 0.9968354 0.1710325 0 0 0 1</matrix>
                  </node>
                  <node id="node-Bip001_Xtra01Opp" name="Bip001_Xtra01Opp">
                    <matrix sid="matrix">0.9417948 -0.327054 0.07783336 0.2140245 0.32914 0.9441569 -0.01531546 0.05374601 -0.06847793 0.04004209 0.9968487 -0.1722694 0 0 0 1</matrix>
                  </node>
                </node>
                <node id="node-Bip001_L_Clavicle" name="Bip001_L_Clavicle">
                  <matrix>-0.1446471 -7.96288e-4 0.9894829 0.1406267 -0.01065713 -0.9999403 -0.002362594 0.024672 0.9894258 -0.01088681 0.14463 0.05035807 0 0 0 1</matrix>
                  <node id="node-Bip001_L_UpperArm" name="Bip001_L_UpperArm">
                    <matrix sid="matrix">0.4337748 0.34348 0.8329832 0.17644 0.3391095 0.7942778 -0.5041105 0 -0.8347718 0.5011429 0.2280603 -1.19209e-7 0 0 0 1</matrix>
                    <node id="node-Bip001_L_Forearm" name="Bip001_L_Forearm">
                      <matrix sid="matrix">0.8032457 0.5956479 -2.98023e-8 0.3022251 -0.5956478 0.8032458 1.49012e-8 0 8.9407e-8 5.21541e-8 1 5.96046e-8 0 0 0 1</matrix>
                      <node id="node-Bip001_L_Hand" name="Bip001_L_Hand">
                        <matrix>0.9909515 -0.06494516 0.1174605 0.3035221 -0.08135483 0.4054146 0.9105055 4.47035e-8 -0.1067532 -0.9118229 0.3964628 0 0 0 0 1</matrix>
                        <node id="node-Bip001_L_Finger0" name="Bip001_L_Finger0">
                          <matrix>0.8245845 0.3724941 0.4258022 0.01779097 0.4753005 -0.04792216 -0.878517 0.01367199 -0.306838 0.9267956 -0.2165629 -0.02770388 0 0 0 1</matrix>
                          <node id="node-Bip001_L_Finger01" name="Bip001_L_Finger01">
                            <matrix>0.8988669 -0.4382216 2.98296e-4 0.05085599 0.4382219 0.8988665 -8.00556e-4 -2.98023e-8 8.27257e-5 8.50258e-4 0.9999996 0 0 0 0 1</matrix>
                            <node id="node-Bip001_L_Finger02" name="Bip001_L_Finger02">
                              <matrix>0.828983 -0.5592511 0.005052622 0.03437006 0.5592728 0.8289289 -0.009535499 4.47035e-8 0.001144476 0.01073063 0.9999417 2.98023e-8 0 0 0 1</matrix>
                            </node>
                          </node>
                        </node>
                        <node id="node-Bip001_L_Finger1" name="Bip001_L_Finger1">
                          <matrix>0.8422067 -0.52676 -0.1149396 0.08567595 0.531176 0.8472089 0.009427991 -0.005999625 0.09241123 -0.0689935 0.9933275 -0.02973522 0 0 0 1</matrix>
                          <node id="node-Bip001_L_Finger11" name="Bip001_L_Finger11">
                            <matrix>0.6560633 -0.7547057 -1.49012e-8 0.05795401 0.7547057 0.6560633 -3.72529e-9 1.49012e-8 -1.49012e-8 1.49012e-8 1 0 0 0 0 1</matrix>
                            <node id="node-Bip001_L_Finger12" name="Bip001_L_Finger12">
                              <matrix>0.7202085 -0.6937576 -1.49012e-8 0.03285098 0.6937577 0.7202085 -1.49012e-8 -5.96046e-8 -5.58794e-8 -2.98023e-8 1 4.47035e-8 0 0 0 1</matrix>
                            </node>
                          </node>
                        </node>
                        <node id="node-Bip001_L_Finger2" name="Bip001_L_Finger2">
                          <matrix>0.5972271 -0.8013745 -0.03345113 0.09032297 0.7994493 0.5981251 -0.05592207 -0.01052213 0.06482176 0.006655738 0.9978744 -0.005256623 0 0 0 1</matrix>
                          <node id="node-Bip001_L_Finger21" name="Bip001_L_Finger21">
                            <matrix>0.5832919 -0.8122625 0 0.05795395 0.8122626 0.5832919 2.23517e-8 0 1.11759e-8 0 1 0 0 0 0 1</matrix>
                            <node id="node-Bip001_L_Finger22" name="Bip001_L_Finger22">
                              <matrix>0.7013041 -0.7128622 -3.91155e-8 0.04148102 0.7128623 0.7013042 0 0 -2.98023e-8 5.96046e-8 0.9999999 0 0 0 0 1</matrix>
                            </node>
                          </node>
                        </node>
                        <node id="node-Bip001_L_Finger3" name="Bip001_L_Finger3">
                          <matrix>0.4161744 -0.9068464 -0.06653887 0.08558697 0.9043188 0.4204296 -0.07380616 -0.009840488 0.0949053 -0.02945593 0.9950505 0.02070285 0 0 0 1</matrix>
                          <node id="node-Bip001_L_Finger31" name="Bip001_L_Finger31">
                            <matrix>0.5746988 -0.8183649 4.47035e-8 0.05795389 0.818365 0.574699 2.98023e-8 5.96046e-8 -5.7742e-8 -1.49012e-8 1 0 0 0 0 1</matrix>
                            <node id="node-Bip001_L_Finger32" name="Bip001_L_Finger32">
                              <matrix>0.50267 -0.8644784 1.67638e-8 0.03192701 0.8644785 0.50267 0 -5.96046e-8 1.49012e-8 -4.47035e-8 1 -4.47035e-8 0 0 0 1</matrix>
                            </node>
                          </node>
                        </node>
                        <node id="node-Bip001_L_Finger4" name="Bip001_L_Finger4">
                          <matrix>0.4998027 -0.8500196 -0.1663272 0.0897339 0.8600055 0.5098403 -0.02128528 -0.004826784 0.1028935 -0.1324031 0.9858412 0.04668485 0 0 0 1</matrix>
                          <node id="node-Bip001_L_Finger41" name="Bip001_L_Finger41">
                            <matrix>0.44064 -0.8976839 -2.98023e-8 0.03496802 0.8976837 0.44064 -1.49012e-8 0 -2.79397e-8 -3.72529e-8 0.9999999 5.96046e-8 0 0 0 1</matrix>
                            <node id="node-Bip001_L_Finger42" name="Bip001_L_Finger42">
                              <matrix>0.5400058 -0.8416612 -1.49012e-8 0.02205002 0.8416612 0.5400058 -1.49012e-8 5.96046e-8 2.23517e-8 6.70552e-8 1 0 0 0 0 1</matrix>
                            </node>
                          </node>
                        </node>
                      </node>
                    </node>
                    <node id="node-Bip001_L_ForeTwist" name="Bip001_L_ForeTwist">
                      <matrix sid="matrix">0.8032457 0.5925114 -0.06104675 0.3022251 -0.5956478 0.7990159 -0.08232304 0 8.9407e-8 0.1024881 0.9947344 5.96046e-8 0 0 0 1</matrix>
                      <node id="node-Bip001_L_ForeTwist1" name="Bip001_L_ForeTwist1">
                        <matrix>0.9999999 -5.96046e-8 0 0.1011741 -2.98023e-8 0.9947343 -0.1024879 2.98023e-8 0 0.102488 0.9947343 0 0 0 0 1</matrix>
                        <node id="node-Bip001_L_ForeTwist2" name="Bip001_L_ForeTwist2">
                          <matrix>1 1.49012e-8 -2.98023e-8 0.1011739 0 0.9947342 -0.102488 -2.98023e-8 0 0.102488 0.9947343 0 0 0 0 1</matrix>
                        </node>
                      </node>
                    </node>
                  </node>
                  <node id="node-Bip001_LUpArmTwist" name="Bip001_LUpArmTwist">
                    <matrix sid="matrix">0.4337748 0.1150327 0.8936481 0.17644 0.3391095 0.8980488 -0.2802021 0 -0.8347718 0.4245892 0.3505422 -1.19209e-7 0 0 0 1</matrix>
                    <node id="node-Bip001_LUpArmTwist1" name="Bip001_LUpArmTwist1">
                      <matrix sid="matrix">1 1.49012e-8 0 0.1007417 0 0.9961572 -0.08758366 -2.98023e-8 2.98023e-8 0.08758368 0.9961572 0 0 0 0 1</matrix>
                      <node id="node-Bip001_LUpArmTwist2" name="Bip001_LUpArmTwist2">
                        <matrix sid="matrix">1 -4.47035e-8 -2.98023e-8 0.1007415 -1.49012e-8 0.9961571 -0.08758364 0 5.96046e-8 0.08758368 0.9961572 5.96046e-8 0 0 0 1</matrix>
                      </node>
                    </node>
                  </node>
                </node>
                <node id="node-Bip001_R_Clavicle" name="Bip001_R_Clavicle">
                  <matrix>0.0525849 -6.66454e-4 -0.9986162 0.1406265 -0.5466717 -0.836871 -0.02822804 0.02467227 -0.8356941 0.5473996 -0.0443711 -0.05035794 0 0 0 1</matrix>
                  <node id="node-Bip001_R_UpperArm" name="Bip001_R_UpperArm">
                    <matrix sid="matrix">0.4976613 0.1961368 -0.8449044 0.17644 0.3967732 0.8147271 0.4228367 0 0.7713003 -0.545665 0.3276363 -1.19209e-7 0 0 0 1</matrix>
                    <node id="node-Bip001_R_Forearm" name="Bip001_R_Forearm">
                      <matrix sid="matrix">0.6061893 0.7953205 1.49012e-8 0.3022251 -0.7953203 0.6061893 7.45058e-9 0 -2.98023e-8 -2.98023e-8 1 0 0 0 0 1</matrix>
                      <node id="node-Bip001_R_Hand" name="Bip001_R_Hand">
                        <matrix sid="matrix">0.9909517 -0.06494522 -0.1174604 0.3035219 -0.08135477 0.4054147 -0.9105055 0 0.1067532 0.911823 0.3964627 5.96046e-8 0 0 0 1</matrix>
                        <node id="node-Bip001_R_Finger0" name="Bip001_R_Finger0">
                          <matrix>0.8245847 0.3724942 -0.4258023 0.01779097 0.4753006 -0.04792216 0.8785172 0.01367187 0.3068379 -0.9267957 -0.2165631 0.02770388 0 0 0 1</matrix>
                          <node id="node-Bip001_R_Finger01" name="Bip001_R_Finger01">
                            <matrix>0.8988669 -0.4382217 -2.98169e-4 0.05085599 0.4382218 0.8988664 8.00464e-4 -5.96046e-8 -8.28244e-5 -8.50303e-4 0.9999996 1.49012e-8 0 0 0 1</matrix>
                            <node id="node-Bip001_R_Finger02" name="Bip001_R_Finger02">
                              <matrix>0.8289829 -0.5592509 -0.005052701 0.03437006 0.5592726 0.8289289 0.009535568 0 -0.001144458 -0.01073067 0.9999417 2.98023e-8 0 0 0 1</matrix>
                            </node>
                          </node>
                        </node>
                        <node id="node-Bip001_R_Finger1" name="Bip001_R_Finger1">
                          <matrix>0.8422068 -0.5267599 0.1149395 0.08567607 0.5311759 0.8472089 -0.009427972 -0.005999625 -0.09241125 0.06899349 0.9933275 0.02973525 0 0 0 1</matrix>
                          <node id="node-Bip001_R_Finger11" name="Bip001_R_Finger11">
