<?xml version="1.0" encoding="utf-8"?>
<COLLADA xmlns="http://www.collada.org/2005/11/COLLADASchema" version="1.4.1">
  <asset>
    <contributor>
      <author>Setsu</author>
      <authoring_tool>OpenCOLLADA for 3ds Max;  Version: 1.3.1;  Revision: 847M;  Platform: x64;  Configuration: Release_Max2012_static</authoring_tool>
      <source_data>file:///D:/_Work/webgl/models/man/animation/melee/dodge_bkw.max</source_data>
    </contributor>
    <created>2012-09-05T13:23:41</created>
    <modified>2012-09-05T13:23:41</modified>
    <unit name="meter" meter="1"/>
    <up_axis>Z_UP</up_axis>
  </asset>
  <library_lights>
    <light id="EnvironmentAmbientLight" name="EnvironmentAmbientLight">
      <technique_common>
        <ambient>
          <color>0.019608 0.019608 0.019608</color>
        </ambient>
      </technique_common>
    </light>
  </library_lights>
  <library_visual_scenes>
    <visual_scene id="MaxScene">
      <node name="EnvironmentAmbientLight">
        <instance_light url="#EnvironmentAmbientLight"/>
      </node>
      <node id="node-Bip001" name="Bip001">
        <matrix sid="matrix">-0.5723473 0.8200114 -8.9407e-8 -0.009038936 -0.7654353 -0.5342546 -0.3587209 0.1110281 -0.2941553 -0.2053129 0.9334449 0.5360175 0 0 0 1</matrix>
        <node id="node-Bip001_Footsteps" name="Bip001_Footsteps">
          <matrix sid="matrix">-0.5723472 -0.7654355 -0.2941553 0.1543437 0.8200114 -0.5342547 -0.2053129 0.107728 -7.45058e-8 -0.358721 0.933445 -0.4897799 0 0 0 1</matrix>
        </node>
        <node id="node-Bip001_Pelvis" name="Bip001_Pelvis">
          <matrix sid="matrix">-0.04494381 0.9659263 0.2548857 -0.02674174 -0.1344772 -0.258671 0.9565591 7.88882e-4 0.9898971 0.008715138 0.1415206 -0.007817 0 0 0 1</matrix>
          <node id="node-Bip001_Spine" name="Bip001_Spine">
            <matrix sid="matrix">0.9865019 -0.1502843 -0.06502789 0.1045087 0.1238461 0.9445488 -0.304121 0.01651335 0.1071265 0.2919624 0.9504114 0.01915024 0 0 0 1</matrix>
            <node id="node-Bip001_Spine1" name="Bip001_Spine1">
              <matrix sid="matrix">0.9848251 -0.1579476 -0.07191705 0.1646547 0.140588 0.9690279 -0.2030265 -1.27047e-4 0.1017572 0.1898348 0.9765286 -2.48998e-5 0 0 0 1</matrix>
              <node id="node-Bip001_Spine2" name="Bip001_Spine2">
                <matrix sid="matrix">0.8624967 -0.5051866 -0.02976336 0.1647002 0.4911227 0.8497707 -0.191541 -1.11461e-4 0.122056 0.150586 0.9810331 -1.97515e-5 0 0 0 1</matrix>
                <node id="node-Bip001_Neck" name="Bip001_Neck">
                  <matrix sid="matrix">0.9803017 -0.1869298 0.06376392 0.1743734 0.193147 0.9747845 -0.1117566 -0.007501662 -0.04126541 0.121871 0.9916878 -7.38353e-6 0 0 0 1</matrix>
                  <node id="node-Bip001_Head" name="Bip001_Head">
                    <matrix sid="matrix">0.427665 0.8882355 -0.1677508 0.08447993 -0.8985627 0.4379444 0.02810004 0.03011233 0.09842496 0.1387172 0.985429 6.70552e-8 0 0 0 1</matrix>
                    <node id="node-Bip001_AngryBrowR" name="Bip001_AngryBrowR">
                      <matrix>0.001812071 -0.9852683 0.1710073 0.1354001 0.9995396 -0.003395721 -0.03015609 0.1043413 0.03029251 0.1709832 0.9848082 -0.01978298 0 0 0 1</matrix>
                    </node>
                    <node id="node-Bip001_SillyBrowL" name="Bip001_SillyBrowL">
                      <matrix>-0.004057229 -0.9597189 -0.2809331 0.1346169 0.7867899 0.1703331 -0.5932524 0.08548483 0.6172076 -0.2234423 0.754406 0.05988091 0 0 0 1</matrix>
                    </node>
                    <node id="node-Bip001_SillyBrowR" name="Bip001_SillyBrowR">
                      <matrix>-0.004056871 -0.9597205 0.2809278 0.134617 0.7867939 0.1703288 0.5932485 0.08548516 -0.6172028 0.2234389 0.754411 -0.05988045 0 0 0 1</matrix>
                    </node>
                    <node id="node-Bip001_jaw" name="Bip001_jaw">
                      <matrix>0.3710408 -0.9275406 -0.04469166 0.07394218 0.8026186 0.3445305 -0.4869318 0.01053743 0.4670465 0.1448012 0.872296 -1.20662e-5 0 0 0 1</matrix>
                      <node id="node-Bip001_lowerLipL" name="Bip001_lowerLipL">
                        <matrix>-0.8336916 -0.3554322 -0.4226423 0.107451 0.3746176 -0.9263141 0.04004888 -0.0348357 -0.4057342 -0.1249409 0.9054112 0.009654522 0 0 0 1</matrix>
                      </node>
                      <node id="node-Bip001_lowerLipR" name="Bip001_lowerLipR">
                        <matrix>0.7819586 1.77138e-6 -0.6233305 0.1074492 -0.6233305 -4.02331e-6 -0.7819585 -0.03484035 -3.86313e-6 1 -2.04891e-6 -0.009658933 0 0 0 1</matrix>
                      </node>
                    </node>
                    <node id="node-Bip001_upperLipL" name="Bip001_upperLipL">
                      <matrix>1.13249e-6 -6.69807e-6 -1 0.04530883 1 3.35369e-6 1.19209e-6 0.116103 3.38443e-6 -1 6.64219e-6 0.009555254 0 0 0 1</matrix>
                    </node>
                    <node id="node-Bip001_upperLipR" name="Bip001_upperLipR">
                      <matrix>1.10269e-6 -1.22599e-5 1 0.04530883 1 -2.19233e-6 -1.19209e-6 0.1161031 2.16393e-6 1 1.21929e-5 -0.00955461 0 0 0 1</matrix>
                    </node>
                    <node id="node-Bip001_AngryBrowL" name="Bip001_AngryBrowL">
                      <matrix>0.001812056 -0.9852673 -0.1710128 0.1354003 0.9995397 -0.003394946 0.0301506 0.1043412 -0.03028696 -0.1709887 0.9848076 0.01978356 0 0 0 1</matrix>
                    </node>
                    <node id="node-Bone050" name="Bone050">
                      <matrix sid="matrix">-0.2718078 -3.8743e-7 0.962352 0.176674 -0.9409114 0.209909 -0.2657521 0.01386485 -0.2020061 -0.9777211 -0.0570552 -0.080042 0 0 0 1</matrix>
                      <node id="node-Bone051" name="Bone051">
                        <matrix sid="matrix">0.8727211 -0.06771575 0.4834999 0.06664175 0.04993273 0.9975212 0.04957719 1.49012e-8 -0.4856586 -0.01912457 0.873939 1.19209e-7 0 0 0 1</matrix>
                        <node id="node-Bone052" name="Bone052">
                          <matrix sid="matrix">0.9061636 -0.3888251 0.1663822 0.05545187 0.2716217 0.8365946 0.4757435 0 -0.3241754 -0.3859084 0.8637046 -5.96046e-8 0 0 0 1</matrix>
                          <node id="node-Bone053" name="Bone053">
                            <matrix sid="matrix">0.8184578 -0.435545 -0.3747364 0.05517274 0.1430939 -0.477142 0.8670984 1.49012e-8 -0.5564627 -0.7633059 -0.3281972 -5.96046e-8 0 0 0 1</matrix>
                            <node id="node-Bone054" name="Bone054">
                              <matrix sid="matrix">0.8138615 -0.1123602 -0.5700922 0.05649626 0.4602883 0.7234694 0.5145157 -1.49012e-8 0.3546331 -0.6811511 0.6405219 4.47035e-8 0 0 0 1</matrix>
                            </node>
                          </node>
                        </node>
                      </node>
                    </node>
                    <node id="node-Bone044" name="Bone044">
                      <matrix sid="matrix">-0.09140616 -3.94881e-7 0.9958137 0.2017385 -0.9919919 0.08753198 -0.09105525 0.01348141 -0.0871655 -0.9961617 -0.008001354 -0.06964707 0 0 0 1</matrix>
                      <node id="node-Bone045" name="Bone045">
                        <matrix sid="matrix">0.7860972 0.1193485 0.6064708 0.07249832 -0.08780637 0.9927932 -0.08156037 2.75671e-7 -0.6118342 0.0108624 0.7909117 -1.54972e-6 0 0 0 1</matrix>
                        <node id="node-Bone046" name="Bone046">
                          <matrix sid="matrix">0.9279904 -0.2364068 0.2880036 0.0625881 0.1527876 0.9464073 0.2845509 -1.49012e-7 -0.3398385 -0.2200571 0.9143771 3.99351e-6 0 0 0 1</matrix>
                          <node id="node-Bone047" name="Bone047">
                            <matrix sid="matrix">0.9307523 -0.3523732 0.09763439 0.06108761 0.1767631 0.6673527 0.7234601 1.49012e-8 -0.3200848 -0.6561041 0.6834269 -1.19209e-7 0 0 0 1</matrix>
                            <node id="node-Bone048" name="Bone048">
                              <matrix sid="matrix">0.9457431 0.2373323 -0.22191 0.07517123 -0.2278969 -0.00226767 -0.9736829 1.49012e-8 -0.2315894 0.9714262 0.05194261 -2.98023e-8 0 0 0 1</matrix>
                              <node id="node-Bone049" name="Bone049">
                                <matrix sid="matrix">0.8586522 0.1722122 -0.4827631 0.08048499 -0.4657756 0.6552923 -0.5946812 -1.3411e-7 0.2139395 0.7354833 0.6428802 1.49012e-8 0 0 0 1</matrix>
                              </node>
                            </node>
                          </node>
                        </node>
                      </node>
                    </node>
                    <node id="node-Bone014" name="Bone014">
                      <matrix sid="matrix">-0.02852532 -1.0699e-5 0.9995928 0.2221857 -0.9993613 0.02155751 -0.02851848 0.004512787 -0.02154842 -0.9997677 -6.25625e-4 -0.05774581 0 0 0 1</matrix>
                      <node id="node-Bone015" name="Bone015">
                        <matrix sid="matrix">0.8968362 0.1570271 0.4135538 0.04459423 -0.1405983 0.9875832 -0.07008418 7.45058e-9 -0.4194239 0.004709082 0.9077786 -3.93391e-6 0 0 0 1</matrix>
                        <node id="node-Bone016" name="Bone016">
                          <matrix sid="matrix">0.8073974 0.3849641 0.4471155 0.05171204 -0.2290057 0.9028741 -0.3638332 1.49012e-7 -0.5437515 0.1913659 0.8171372 1.19209e-7 0 0 0 1</matrix>
                          <node id="node-Bone017" name="Bone017">
                            <matrix sid="matrix">0.9567896 0.1163786 0.2664763 0.06625271 -0.06025476 0.9758752 -0.209849 -7.45058e-9 -0.2844699 0.1847251 0.9407192 -1.19209e-7 0 0 0 1</matrix>
                            <node id="node-Bone018" name="Bone018">
                              <matrix sid="matrix">0.97597 -0.1836451 -0.1172908 0.07592642 0.2160321 0.7450292 0.6310798 1.49012e-7 -0.02850953 -0.6412539 0.7667993 -4.52995e-6 0 0 0 1</matrix>
                              <node id="node-Bone019" name="Bone019">
                                <matrix sid="matrix">0.9469613 -0.183916 -0.2635134 0.05424261 0.294879 0.8232349 0.4851095 -4.47035e-8 0.1277139 -0.5370846 0.8338047 -2.98023e-8 0 0 0 1</matrix>
                                <node id="node-Bone020" name="Bone020">
                                  <matrix sid="matrix">0.7088867 -0.5135251 -0.4834985 0.1070501 0.4797029 -0.1515179 0.8642493 -2.23517e-8 -0.5170728 -0.8445907 0.1389304 0 0 0 0 1</matrix>
                                </node>
                              </node>
                            </node>
                          </node>
                        </node>
                      </node>
                    </node>
                    <node id="node-Bone006" name="Bone006">
                      <matrix sid="matrix">0.1961346 -3.00955e-4 0.9805772 0.2309459 -0.9789031 0.05834956 0.1958177 0.03429447 -0.05727516 -0.9982964 0.01114975 -0.0269171 0 0 0 1</matrix>
                      <node id="node-Bone007" name="Bone007">
                        <matrix sid="matrix">0.9117121 -0.01429543 0.4105813 0.04605404 0.01415757 0.9998944 0.003376447 1.49012e-8 -0.4105861 0.002734471 0.9118177 -1.19209e-7 0 0 0 1</matrix>
                        <node id="node-Bone008" name="Bone008">
                          <matrix sid="matrix">0.9391741 0.1158481 0.3233126 0.04755574 -0.1007205 0.9929057 -0.06319612 0 -0.3283401 0.02678799 0.94418 0 0 0 0 1</matrix>
                          <node id="node-Bone009" name="Bone009">
                            <matrix sid="matrix">0.908167 7.65025e-4 0.4186074 0.05169481 -5.88091e-4 0.9999998 -5.51643e-4 0 -0.4186076 2.54806e-4 0.9081672 -1.19209e-7 0 0 0 1</matrix>
                            <node id="node-Bone010" name="Bone010">
                              <matrix sid="matrix">0.9252185 -0.2777011 0.2585592 0.06606334 0.1216581 0.8625702 0.4910921 -7.45058e-8 -0.3594025 -0.4229118 0.8318504 1.19209e-7 0 0 0 1</matrix>
                              <node id="node-Bone011" name="Bone011">
                                <matrix sid="matrix">0.9588621 -0.2158919 -0.1843185 0.06010842 0.2633216 0.4339084 0.8616177 8.9407e-8 -0.1060387 -0.8747079 0.4729076 0 0 0 0 1</matrix>
                                <node id="node-Bone012" name="Bone012">
                                  <matrix sid="matrix">0.9669561 -0.1915328 -0.1682588 0.05975717 0.2546957 0.7547981 0.6044912 8.64267e-7 0.01122147 -0.6273711 0.7786393 -1.49012e-7 0 0 0 1</matrix>
                                  <node id="node-Bone013" name="Bone013">
                                    <matrix sid="matrix">0.8543545 -0.001355842 -0.5196888 0.05263501 0.002830356 0.9999942 0.002044052 -8.19564e-8 0.5196829 -0.003217295 0.8543533 4.17233e-7 0 0 0 1</matrix>
                                  </node>
                                </node>
                              </node>
                            </node>
                          </node>
                        </node>
                      </node>
                    </node>
                    <node id="node-Bone021" name="Bone021">
                      <matrix sid="matrix">0.4470657 -1.41561e-7 0.8945012 0.2271245 -0.8945013 6.32461e-6 0.4470657 0.05075833 -5.72018e-6 -1 2.69711e-6 1.22935e-7 0 0 0 1</matrix>
                      <node id="node-Bone022" name="Bone022">
                        <matrix sid="matrix">0.9063367 7.24569e-6 0.4225566 0.03557786 -8.21054e-6 1 4.58211e-7 -1.49012e-8 -0.4225566 -3.89107e-6 0.9063366 1.19209e-7 0 0 0 1</matrix>
                        <node id="node-Bone023" name="Bone023">
                          <matrix sid="matrix">0.9613231 -6.11404e-5 0.2754228 0.04570848 6.34769e-5 1 4.24683e-7 -3.72529e-9 -0.2754228 1.7073e-5 0.961323 -1.19209e-7 0 0 0 1</matrix>
                          <node id="node-Bone024" name="Bone024">
                            <matrix sid="matrix">0.831312 1.19037e-4 0.5558071 0.05609787 -1.22095e-4 0.9999999 -3.15607e-5 1.11759e-8 -0.5558071 -4.16264e-5 0.831312 -2.14577e-6 0 0 0 1</matrix>
                            <node id="node-Bone025" name="Bone025">
                              <matrix sid="matrix">0.9055886 4.05498e-6 0.4241562 0.06339753 1.68458e-5 1 -4.55165e-5 7.45058e-9 -0.4241562 4.83617e-5 0.9055886 7.15256e-7 0 0 0 1</matrix>
                              <node id="node-Bone026" name="Bone026">
                                <matrix sid="matrix">0.9644168 -1.72127e-5 0.2643868 0.06756556 4.4167e-5 0.9999999 -9.60492e-5 0 -0.2643868 1.04309e-4 0.9644169 8.9407e-7 0 0 0 1</matrix>
                                <node id="node-Bone027" name="Bone027">
                                  <matrix sid="matrix">0.9817654 -1.03109e-4 -0.1900955 0.07909274 1.21607e-4 0.9999999 8.565e-5 3.72529e-9 0.1900954 -1.07205e-4 0.9817654 -4.91738e-7 0 0 0 1</matrix>
                                  <node id="node-Bone028" name="Bone028">
                                    <matrix sid="matrix">0.9998927 2.05822e-6 0.01466203 0.07343221 -1.90921e-6 0.9999999 -1.03684e-5 1.11759e-8 -0.01466203 1.03414e-5 0.9998926 5.96046e-8 0 0 0 1</matrix>
                                  </node>
                                </node>
                              </node>
                            </node>
                          </node>
                        </node>
                      </node>
                    </node>
                    <node id="node-Bone029" name="Bone029">
                      <matrix sid="matrix">0.195898 3.05288e-4 0.9806245 0.2309458 -0.9789504 -0.05834137 0.1955818 0.03429434 0.05727063 -0.9982967 -0.01113008 0.02691686 0 0 0 1</matrix>
                      <node id="node-Bone030" name="Bone030">
                        <matrix sid="matrix">0.9118092 0.01412669 0.4103711 0.04605374 -0.01404611 0.9998961 -0.003211334 -7.07805e-8 -0.4103738 -0.002836004 0.911913 -3.93391e-6 0 0 0 1</matrix>
                        <node id="node-Bone031" name="Bone031">
                          <matrix sid="matrix">0.9391965 -0.1158134 0.3232606 0.04755455 0.1007534 0.992915 0.06300044 1.11759e-8 -0.3282662 -0.02660013 0.9442105 1.19209e-7 0 0 0 1</matrix>
                          <node id="node-Bone032" name="Bone032">
                            <matrix sid="matrix">0.9039116 0.04099282 0.4257511 0.05169517 -0.02618995 0.9988334 -0.04056732 0 -0.4269177 0.0255188 0.9039308 2.38419e-7 0 0 0 1</matrix>
                            <node id="node-Bone033" name="Bone033">
                              <matrix sid="matrix">0.9351382 0.2103742 0.2850595 0.06606305 -0.09203215 0.9212356 -0.3779608 3.72529e-9 -0.3421201 0.3272111 0.8808439 0 0 0 0 1</matrix>
                              <node id="node-Bone034" name="Bone034">
                                <matrix sid="matrix">0.9539964 0.2211162 -0.2024815 0.06010926 -0.272636 0.3587979 -0.8927113 2.6077e-8 -0.1247427 0.9068472 0.4025761 5.96046e-8 0 0 0 1</matrix>
                                <node id="node-Bone035" name="Bone035">
                                  <matrix sid="matrix">0.9639573 0.1842935 -0.1918906 0.05975628 -0.2625161 0.7761045 -0.5733637 -1.49012e-8 0.04325968 0.6030726 0.7965122 -5.96046e-8 0 0 0 1</matrix>
                                  <node id="node-Bone036" name="Bone036">
                                    <matrix sid="matrix">0.8694144 0.0152192 -0.4938492 0.05263561 -0.0296628 0.9993309 -0.02142415 -2.98023e-8 0.493193 0.03327519 0.8692834 0 0 0 0 1</matrix>
                                  </node>
                                </node>
                              </node>
                            </node>
                          </node>
                        </node>
                      </node>
                    </node>
                    <node id="node-Bone037" name="Bone037">
                      <matrix sid="matrix">-0.03296208 1.73226e-7 0.9994568 0.2221859 -0.9989802 -0.03087518 -0.03294636 0.004512429 0.0308584 -0.9995236 0.001017882 0.05774581 0 0 0 1</matrix>
                      <node id="node-Bone038" name="Bone038">
                        <matrix sid="matrix">0.8928865 -0.1232743 0.4330797 0.04459453 0.1164936 0.9922911 0.04227531 5.21541e-8 -0.4349528 0.01270395 0.900364 0 0 0 0 1</matrix>
                        <node id="node-Bone039" name="Bone039">
                          <matrix sid="matrix">0.8104321 -0.3801895 0.445707 0.05171025 0.2161762 0.9011967 0.3756493 3.72529e-9 -0.5444876 -0.2080868 0.8125467 -1.66893e-6 0 0 0 1</matrix>
                          <node id="node-Bone040" name="Bone040">
                            <matrix sid="matrix">0.9648989 -0.1427517 0.2204354 0.06625342 0.07884436 0.9581081 0.275341 -2.98023e-8 -0.2505063 -0.2482961 0.9357328 0 0 0 0 1</matrix>
                            <node id="node-Bone041" name="Bone041">
                              <matrix sid="matrix">0.9759396 0.1837995 -0.1173054 0.07592773 -0.2161557 0.7449113 -0.6311775 1.93715e-7 -0.02862793 0.6413471 0.7667173 0 0 0 0 1</matrix>
                              <node id="node-Bone042" name="Bone042">
                                <matrix sid="matrix">0.945029 0.239923 -0.2221641 0.054241 -0.3174467 0.8360925 -0.4474097 2.23517e-8 0.07840589 0.4933409 0.866295 2.98023e-7 0 0 0 1</matrix>
                                <node id="node-Bone043" name="Bone043">
                                  <matrix sid="matrix">0.7633408 0.4381692 -0.4746785 0.1070514 -0.4467452 -0.1726973 -0.8778356 -3.35276e-8 -0.4666158 0.8821477 0.06392279 5.96046e-8 0 0 0 1</matrix>
                                </node>
                              </node>
                            </node>
                          </node>
                        </node>
                      </node>
                    </node>
                    <node id="node-Bone055" name="Bone055">
                      <matrix sid="matrix">-0.09140524 2.32831e-7 0.9958145 0.2017385 -0.9919925 -0.08752598 -0.09105448 0.01348102 0.08715953 -0.9961624 0.008000556 0.06964707 0 0 0 1</matrix>
                      <node id="node-Bone056" name="Bone056">
                        <matrix sid="matrix">0.7861555 -0.1194354 0.6063787 0.07249786 0.08782183 0.9927816 0.08168438 3.57628e-7 -0.6117573 -0.01096334 0.7909695 -1.19209e-7 0 0 0 1</matrix>
                        <node id="node-Bone057" name="Bone057">
                          <matrix sid="matrix">0.9220536 0.2822241 0.2648898 0.062585 -0.1853494 0.9227365 -0.3379387 -3.27826e-7 -0.3397977 0.2625005 0.9031228 1.78814e-7 0 0 0 1</matrix>
                          <node id="node-Bone058" name="Bone058">
                            <matrix sid="matrix">0.9331157 0.3402686 0.1162442 0.06108952 -0.172181 0.7066324 -0.6863126 2.23517e-8 -0.3156725 0.620394 0.7179571 1.19209e-7 0 0 0 1</matrix>
                            <node id="node-Bone059" name="Bone059">
                              <matrix sid="matrix">0.9436308 -0.243291 -0.224433 0.07517004 0.2277019 -0.01498177 0.9736154 5.96046e-8 -0.2402343 -0.9698377 0.04126047 0 0 0 0 1</matrix>
                              <node id="node-Bone060" name="Bone060">
                                <matrix sid="matrix">0.8586497 -0.1722087 -0.4827678 0.08048642 0.4657791 0.655285 0.5946859 7.45058e-8 0.2139405 -0.7354897 0.6428716 -8.9407e-8 0 0 0 1</matrix>
                              </node>
                            </node>
                          </node>
                        </node>
                      </node>
                    </node>
                    <node id="node-Bone061" name="Bone061">
                      <matrix sid="matrix">-0.2765531 2.74602e-4 0.9609986 0.1766738 -0.9376871 -0.2190016 -0.2697819 0.01386441 0.2103862 -0.9757248 0.060823 0.08004999 0 0 0 1</matrix>
                      <node id="node-Bone062" name="Bone062">
                        <matrix sid="matrix">0.8800434 0.03142085 0.4738521 0.06630632 -0.0233629 0.9994651 -0.02288406 5.96046e-8 -0.4743178 0.009068409 0.880307 -2.02656e-6 0 0 0 1</matrix>
                        <node id="node-Bone063" name="Bone063">
                          <matrix sid="matrix">0.8984159 0.4093229 0.1590725 0.05577612 -0.2856973 0.8198869 -0.4961472 -1.49012e-8 -0.3335057 0.4003 0.8535421 0 0 0 0 1</matrix>
                          <node id="node-Bone064" name="Bone064">
                            <matrix sid="matrix">0.8136305 0.4381706 -0.3821147 0.05538911 -0.1489145 -0.4782599 -0.8655006 -4.47035e-8 -0.5619875 0.7611004 -0.3238768 0 0 0 0 1</matrix>
                            <node id="node-Bone065" name="Bone065">
                              <matrix sid="matrix">0.8752896 0.08609423 -0.4758735 0.05682147 -0.3054108 0.8613695 -0.4059145 7.45058e-9 0.374956 0.5006298 0.780242 2.98023e-8 0 0 0 1</matrix>
                            </node>
                          </node>
                        </node>
                      </node>
                    </node>
                    <node id="node-Bone077" name="Bone077">
                      <matrix sid="matrix">-0.01072606 4.24683e-7 0.9999424 0.1375991 -0.8724524 -0.4886101 -0.009358287 0.03142531 0.488582 -0.8725027 0.005241208 0.05968321 0 0 0 1</matrix>
                      <node id="node-Bone078" name="Bone078">
                        <matrix sid="matrix">0.7041556 -0.4953962 0.5086727 0.06178029 0.3977237 0.8686488 0.2954077 4.84288e-7 -0.5882015 -0.005701704 0.8086945 4.37498e-5 0 0 0 1</matrix>
                        <node id="node-Bone079" name="Bone079">
                          <matrix sid="matrix">0.7458568 -0.6549968 0.1211483 0.1102706 0.423968 0.6070885 0.6720816 -3.72529e-9 -0.5137595 -0.4499137 0.7304987 0 0 0 0 1</matrix>
                          <node id="node-Bone080" name="Bone080">
                            <matrix sid="matrix">0.8926351 0.2531769 0.3729664 0.1663147 -0.1482865 0.9462517 -0.2874343 2.98023e-8 -0.4256918 0.2012683 0.8822005 5.96046e-8 0 0 0 1</matrix>
                            <node id="node-Bone081" name="Bone081">
                              <matrix sid="matrix">0.9320753 0.1246796 -0.340132 0.137991 -0.1721552 -0.6736668 -0.7187043 -7.45058e-9 -0.3187435 0.7284416 -0.6064442 -1.49012e-8 0 0 0 1</matrix>
                            </node>
                          </node>
                        </node>
                      </node>
                    </node>
                    <node id="node-Bone066" name="Bone066">
                      <matrix sid="matrix">-0.2908012 -3.05474e-7 0.9567835 0.1378931 -0.9335832 0.2188804 -0.2837497 0.009998918 -0.2094211 -0.9757518 -0.06365092 -0.07983375 0 0 0 1</matrix>
                      <node id="node-Bone067" name="Bone067">
                        <matrix sid="matrix">0.7966051 0.4132574 0.4411794 0.08105603 -0.3323612 0.9090348 -0.251382 -4.47035e-8 -0.5049326 0.05362123 0.8614918 -3.21865e-6 0 0 0 1</matrix>
                        <node id="node-Bone068" name="Bone068">
                          <matrix sid="matrix">0.9018345 0.4029544 0.155957 0.06413394 -0.2339299 0.7588088 -0.6078531 -2.38419e-7 -0.363279 0.5117002 0.7785832 2.38419e-7 0 0 0 1</matrix>
                          <node id="node-Bone069" name="Bone069">
                            <matrix sid="matrix">0.9998963 0.01411016 0.002803266 0.08350706 -0.01404472 0.999656 -0.02213776 -3.72529e-8 -0.00311479 0.02209601 0.999751 -5.96046e-8 0 0 0 1</matrix>
                            <node id="node-Bone070" name="Bone070">
                              <matrix sid="matrix">0.9642884 -0.1502897 0.2180841 0.08289564 0.09701604 0.9666148 0.2371592 7.45058e-9 -0.2464455 -0.2075327 0.9466755 0 0 0 0 1</matrix>
                              <node id="node-Bone071" name="Bone071">
                                <matrix sid="matrix">0.9585434 -0.1121581 0.2619457 0.0640018 0.03554712 0.9591634 0.2806102 7.45058e-9 -0.2827217 -0.2596654 0.9233866 -1.49012e-8 0 0 0 1</matrix>
                                <node id="node-Bone072" name="Bone072">
                                  <matrix sid="matrix">0.9640762 -0.03288296 -0.2635827 0.07497585 0.2330033 -0.3717678 0.8986086 0 -0.1275405 -0.927743 -0.3507507 1.49012e-8 0 0 0 1</matrix>
                                </node>
                              </node>
                            </node>
                          </node>
                        </node>
                      </node>
                    </node>
                    <node id="node-Bone073" name="Bone073">
                      <matrix sid="matrix">-0.2925557 1.49012e-7 0.9562489 0.09248948 -0.9547042 0.0568094 -0.2920834 -0.03078884 -0.05432393 -0.998385 -0.01661977 -0.07006146 0 0 0 1</matrix>
                      <node id="node-Bone074" name="Bone074">
                        <matrix sid="matrix">0.6387705 0.4660809 0.6121607 0.05861646 -0.2161334 0.8722984 -0.4386137 1.49012e-8 -0.7384158 0.1478651 0.657934 1.19209e-7 0 0 0 1</matrix>
                        <node id="node-Bone075" name="Bone075">
                          <matrix sid="matrix">0.9669521 -0.2549339 -0.003598303 0.0827077 0.2245115 0.8447027 0.4858726 -7.45058e-9 -0.1208258 -0.4706231 0.8740228 -8.9407e-8 0 0 0 1</matrix>
                          <node id="node-Bone076" name="Bone076">
                            <matrix sid="matrix">0.9027888 -0.3799327 -0.201553 0.1038883 0.1286855 -0.2085411 0.9695106 0 -0.4103808 -0.9012001 -0.1393766 -1.49012e-7 0 0 0 1</matrix>
                          </node>
                        </node>
                      </node>
                    </node>
                    <node id="node-Bone082" name="Bone082">
                      <matrix sid="matrix">-0.3110904 3.241e-7 0.9503805 0.09530389 -0.9488456 -0.0568068 -0.310588 -0.03142174 0.05398794 -0.9983854 0.01767235 0.0684761 0 0 0 1</matrix>
                      <node id="node-Bone083" name="Bone083">
                        <matrix sid="matrix">0.6710024 -0.4340993 0.6010936 0.05861518 0.1826422 0.8824846 0.433431 2.19792e-7 -0.7186081 -0.1810483 0.6714341 4.76837e-6 0 0 0 1</matrix>
                        <node id="node-Bone084" name="Bone084">
                          <matrix sid="matrix">0.979393 0.1985314 0.03708458 0.08271176 -0.1549068 0.8562391 -0.4928079 3.72529e-8 -0.129591 0.4769081 0.8693482 1.78814e-7 0 0 0 1</matrix>
                          <node id="node-Bone085" name="Bone085">
                            <matrix sid="matrix">0.9225124 0.3759385 -0.08741584 0.1038885 -0.1375015 0.1084811 -0.9845427 -1.18278e-7 -0.3606446 0.9202724 0.1517673 -1.49012e-7 0 0 0 1</matrix>
                            <node id="node-Bone086" name="Bone086">
                              <matrix sid="matrix">0.9832616 0.04322942 -0.1769953 0.1096958 -0.123718 0.8715611 -0.4744205 2.30968e-7 0.1337533 0.4883772 0.8623211 2.98023e-8 0 0 0 1</matrix>
                            </node>
                          </node>
                        </node>
                      </node>
                    </node>
                  </node>
                </node>
                <node id="node-Bip001_backpack_01" name="Bip001_backpack_01">
                  <matrix sid="matrix">-0.9792178 0.2028024 -0.001978906 0.2016007 -0.2027966 -0.9792169 -0.002801796 -0.08787817 -0.002505986 -0.002342256 0.9999942 4.32134e-7 0 0 0 1</matrix>
                  <node id="node-Bip001_rope_01" name="Bip001_rope_01">
                    <matrix sid="matrix">0.9790063 -0.1999395 0.03963324 0.4241103 -0.2035576 -0.9489918 0.2407876 0.08793491 -0.01053135 -0.2438003 -0.9697683 0.09922587 0 0 0 1</matrix>
                    <node id="node-Bip001_rope_02" name="Bip001_rope_02">
                      <matrix sid="matrix">0.9993272 0.02534124 0.02651457 0.09589583 0.03001872 -0.9804801 -0.1943132 8.17776e-5 0.02107287 0.1949784 -0.9805813 -1.62721e-5 0 0 0 1</matrix>
                      <node id="node-Bip001_rope_03" name="Bip001_rope_03">
                        <matrix sid="matrix">0.9901313 0.1399701 0.006961241 0.1048545 -0.1326922 0.9523124 -0.2747611 -9.89437e-5 -0.04508762 0.2711259 0.9614872 -0.001054168 0 0 0 1</matrix>
                      </node>
                    </node>
                  </node>
                  <node id="node-Bip001_Xtra17" name="Bip001_Xtra17">
                    <matrix>-0.04419938 -0.7063963 -0.7064354 0.1551489 0.9990227 -0.03164941 -0.03085801 0.112457 -5.60289e-4 -0.7071088 0.7071047 6.88434e-5 0 0 0 1</matrix>
                    <node id="node-Bip001_Xtra18" name="Bip001_Xtra18">
                      <matrix>1 0 1.49012e-8 0.02474689 0 0.9999999 3.29688e-7 -2.25008e-5 0 -2.77534e-7 0.9999999 -1.49012e-8 0 0 0 1</matrix>
                    </node>
                    <node id="node-Bip001_Xtra19" name="Bip001_Xtra19">
                      <matrix>0.9999993 -7.96348e-4 7.97838e-4 0.0290457 -7.96348e-4 -0.9999998 -1.53482e-6 0.02995083 7.97853e-4 8.13976e-7 -0.9999996 -7.4923e-5 0 0 0 1</matrix>
                    </node>
                    <node id="node-Bip001_Xtra20" name="Bip001_Xtra20">
                      <matrix>0.9999917 -0.003981277 7.88897e-4 0.02889764 0.003981292 0.9999921 6.30505e-6 -0.03234425 -7.88897e-4 -3.07895e-6 0.9999996 -7.5087e-5 0 0 0 1</matrix>
                    </node>
                  </node>
                  <node id="node-Bip001_Xtra01" name="Bip001_Xtra01">
                    <matrix sid="matrix">0.9986957 -0.05103433 0.001701992 0.2139936 0.05103377 0.9986969 4.15785e-4 0.05373996 -0.001720993 -3.28375e-4 0.9999985 0.1710362 0 0 0 1</matrix>
                  </node>
                  <node id="node-Bip001_Xtra01Opp" name="Bip001_Xtra01Opp">
                    <matrix sid="matrix">0.9987171 -0.05061205 0.001669652 0.2139935 0.05061141 0.9987184 4.5795e-4 0.05373973 -0.001690712 -3.72861e-4 0.9999985 -0.1722648 0 0 0 1</matrix>
                  </node>
                </node>
                <node id="node-Bip001_L_Clavicle" name="Bip001_L_Clavicle">
                  <matrix sid="matrix">-0.1281998 -7.44671e-4 0.9917482 0.1406266 -0.3513237 -0.9351177 -0.04611644 0.02467203 0.9274355 -0.3543367 0.1196203 0.05035808 0 0 0 1</matrix>
                  <node id="node-Bip001_L_UpperArm" name="Bip001_L_UpperArm">
                    <matrix sid="matrix">0.3946317 0.7578953 0.5194808 0.17644 -0.8033465 0.5590085 -0.2052893 0 -0.4459819 -0.3363096 0.8294551 0 0 0 0 1</matrix>
                    <node id="node-Bip001_L_Forearm" name="Bip001_L_Forearm">
                      <matrix sid="matrix">0.0638786 0.9979578 0 0.3022251 -0.9979576 0.06387863 0 2.98023e-8 -1.49012e-8 -1.49012e-7 1 0 0 0 0 1</matrix>
                      <node id="node-Bip001_L_Hand" name="Bip001_L_Hand">
                        <matrix sid="matrix">0.8837453 -0.04755214 -0.4655459 0.303522 0.4440226 -0.2289449 0.8662726 -2.98023e-8 -0.1477775 -0.9722774 -0.1812147 5.96046e-8 0 0 0 1</matrix>
                        <node id="node-Bip001_L_Finger0" name="Bip001_L_Finger0">
                          <matrix sid="matrix">0.7808206 0.4571764 0.4258032 0.01779103 0.4777048 0.002348639 -0.8785169 0.0136719 -0.402638 0.8893722 -0.216562 -0.02770391 0 0 0 1</matrix>
                          <node id="node-Bip001_L_Finger01" name="Bip001_L_Finger01">
                            <matrix sid="matrix">0.9399818 -0.3412243 2.98187e-4 0.05085593 0.3412245 0.9399815 -8.0052e-4 -5.96046e-8 -7.09295e-6 8.54239e-4 0.9999996 0 0 0 0 1</matrix>
                            <node id="node-Bip001_L_Finger02" name="Bip001_L_Finger02">
                              <matrix sid="matrix">0.8832187 -0.4689344 0.005052611 0.03437006 0.4689615 0.8831671 -0.009535521 2.98023e-8 9.20892e-6 0.0107915 0.9999417 2.98023e-8 0 0 0 1</matrix>
                            </node>
                          </node>
                        </node>
                        <node id="node-Bip001_L_Finger1" name="Bip001_L_Finger1">
                          <matrix sid="matrix">0.9421899 -0.2515205 0.2213941 0.08567607 0.3265597 0.8373001 -0.4385056 -0.005999774 -0.07508045 0.4854538 0.8710322 -0.02973524 0 0 0 1</matrix>
                          <node id="node-Bip001_L_Finger11" name="Bip001_L_Finger11">
                            <matrix sid="matrix">0.9561216 -0.2929704 0 0.05795401 0.2929705 0.9561214 -7.45058e-9 5.96046e-8 2.98023e-8 7.45058e-9 1 1.49012e-8 0 0 0 1</matrix>
                            <node id="node-Bip001_L_Finger12" name="Bip001_L_Finger12">
                              <matrix sid="matrix">0.9782762 -0.2073058 2.98023e-8 0.03285098 0.2073058 0.9782763 -7.45058e-9 -2.98023e-8 0 1.49012e-8 1 0 0 0 0 1</matrix>
                            </node>
                          </node>
                        </node>
                        <node id="node-Bip001_L_Finger2" name="Bip001_L_Finger2">
                          <matrix sid="matrix">0.9099867 -0.410748 0.05666199 0.09032303 0.414623 0.9026113 -0.1156754 -0.01052222 -0.003630966 0.128756 0.9916695 -0.005256623 0 0 0 1</matrix>
                          <node id="node-Bip001_L_Finger21" name="Bip001_L_Finger21">
                            <matrix sid="matrix">0.9248532 -0.3803247 5.96046e-8 0.05795401 0.3803246 0.9248531 7.45058e-9 0 2.98023e-8 0 1 0 0 0 0 1</matrix>
                            <node id="node-Bip001_L_Finger22" name="Bip001_L_Finger22">
                              <matrix sid="matrix">0.9723517 -0.2335214 0 0.04148102 0.2335214 0.9723517 -2.98023e-8 0 2.98023e-8 0 1 0 0 0 0 1</matrix>
                            </node>
                          </node>
                        </node>
                        <node id="node-Bip001_L_Finger3" name="Bip001_L_Finger3">
                          <matrix sid="matrix">0.8437889 -0.5217917 -0.1255116 0.08558705 0.5360594 0.8306484 0.1505466 -0.009840548 0.02570161 -0.1943113 0.9806033 0.02070287 0 0 0 1</matrix>
                          <node id="node-Bip001_L_Finger31" name="Bip001_L_Finger31">
                            <matrix sid="matrix">0.9207934 -0.3900506 0 0.05795407 0.3900507 0.9207934 2.98023e-8 0 7.45058e-8 -2.98023e-8 1 0 0 0 0 1</matrix>
                            <node id="node-Bip001_L_Finger32" name="Bip001_L_Finger32">
                              <matrix sid="matrix">0.8840969 -0.4673035 -4.47035e-8 0.03192699 0.4673034 0.884097 0 -2.98023e-8 -4.84288e-8 5.96046e-8 0.9999999 2.98023e-8 0 0 0 1</matrix>
                            </node>
                          </node>
                        </node>
                        <node id="node-Bip001_L_Finger4" name="Bip001_L_Finger4">
                          <matrix sid="matrix">0.8470811 -0.3881948 -0.3629862 0.08973408 0.4792495 0.8531644 0.205986 -0.004826844 0.2297241 -0.3484471 0.9087421 0.04668489 0 0 0 1</matrix>
                          <node id="node-Bip001_L_Finger41" name="Bip001_L_Finger41">
                            <matrix sid="matrix">0.8490503 -0.5283121 -7.45058e-9 0.03496802 0.5283121 0.8490502 -7.45058e-9 -2.98023e-8 5.96046e-8 -2.98023e-8 1 -2.98023e-8 0 0 0 1</matrix>
                            <node id="node-Bip001_L_Finger42" name="Bip001_L_Finger42">
                              <matrix sid="matrix">0.9036931 -0.4281809 8.19564e-8 0.02204996 0.428181 0.903693 7.45058e-9 1.49012e-8 -4.47035e-8 2.98023e-8 1 0 0 0 0 1</matrix>
                            </node>
                          </node>
                        </node>
                      </node>
                    </node>
                    <node id="node-Bip001_L_ForeTwist" name="Bip001_L_ForeTwist">
                      <matrix sid="matrix">0.0638786 0.9966319 0.0514258 0.3022251 -0.9979576 0.06379378 0.003291756 2.98023e-8 -1.49012e-8 -0.05153112 0.9986715 0 0 0 0 1</matrix>
                      <node id="node-Bip001_L_ForeTwist1" name="Bip001_L_ForeTwist1">
                        <matrix sid="matrix">0.9999999 -2.98023e-8 8.9407e-8 0.101174 -2.98023e-8 0.9986714 0.05153099 0 0 -0.051531 0.9986714 5.96046e-8 0 0 0 1</matrix>
                        <node id="node-Bip001_L_ForeTwist2" name="Bip001_L_ForeTwist2">
                          <matrix sid="matrix">1 -2.98023e-8 -5.96046e-8 0.101174 -2.98023e-8 0.9986714 0.05153105 -2.98023e-8 0 -0.05153102 0.9986714 5.96046e-8 0 0 0 1</matrix>
                        </node>
                      </node>
                    </node>
                  </node>
                  <node id="node-Bip001_LUpArmTwist" name="Bip001_LUpArmTwist">
                    <matrix sid="matrix">0.3946317 0.7578953 0.5194808 0.17644 -0.8033465 0.5590085 -0.2052893 0 -0.4459819 -0.3363096 0.8294551 0 0 0 0 1</matrix>
                    <node id="node-Bip001_LUpArmTwist1" name="Bip001_LUpArmTwist1">
                      <matrix>1 0 0 0.1007417 2.98023e-8 1 0 0 2.98023e-8 0 1 0 0 0 0 1</matrix>
                      <node id="node-Bip001_LUpArmTwist2" name="Bip001_LUpArmTwist2">
                        <matrix>1 0 0 0.1007417 2.98023e-8 1 0 2.98023e-8 2.98023e-8 0 1 0 0 0 0 1</matrix>
                      </node>
                    </node>
                  </node>
                </node>
                <node id="node-Bip001_R_Clavicle" name="Bip001_R_Clavicle">
                  <matrix sid="matrix">-0.206348 -7.85321e-4 -0.9784784 0.1406267 -0.1617314 -0.9862176 0.03489852 0.02467233 -0.96502 0.1654519 0.203377 -0.05035793 0 0 0 1</matrix>
                  <node id="node-Bip001_R_UpperArm" name="Bip001_R_UpperArm">
                    <matrix sid="matrix">0.4096639 -0.4579188 -0.7889777 0.17644 0.07054591 0.8781956 -0.4730706 0 0.9095047 0.1381409 0.3920693 0 0 0 0 1</matrix>
                    <node id="node-Bip001_R_Forearm" name="Bip001_R_Forearm">
                      <matrix sid="matrix">0.5697812 0.8217967 0 0.3022251 -0.8217963 0.5697814 -2.98023e-8 0 1.78814e-7 -3.72529e-8 1 5.96046e-8 0 0 0 1</matrix>
                      <node id="node-Bip001_R_Hand" name="Bip001_R_Hand">
