<?xml version="1.0" encoding="utf-8"?>
<COLLADA xmlns="http://www.collada.org/2005/11/COLLADASchema" version="1.4.1">
  <asset>
    <contributor>
      <author>Setsu</author>
      <authoring_tool>OpenCOLLADA for 3ds Max;  Version: 1.3.1;  Revision: 847M;  Platform: x64;  Configuration: Release_Max2012_static</authoring_tool>
      <source_data>file:///D:/_Work/webgl/models/man/animation/melee/dodge_left.max</source_data>
    </contributor>
    <created>2012-09-05T13:22:04</created>
    <modified>2012-09-05T13:22:04</modified>
    <unit name="meter" meter="1"/>
    <up_axis>Z_UP</up_axis>
  </asset>
  <library_lights>
    <light id="EnvironmentAmbientLight" name="EnvironmentAmbientLight">
      <technique_common>
        <ambient>
          <color>0.019608 0.019608 0.019608</color>
        </ambient>
      </technique_common>
    </light>
  </library_lights>
  <library_visual_scenes>
    <visual_scene id="MaxScene">
      <node name="EnvironmentAmbientLight">
        <instance_light url="#EnvironmentAmbientLight"/>
      </node>
      <node id="node-Bip001" name="Bip001">
        <matrix sid="matrix">-0.5723473 0.8200114 -5.96046e-8 3.72529e-9 -0.7654353 -0.5342546 -0.358721 0.111817 -0.2941553 -0.2053129 0.9334449 0.6560563 0 0 0 1</matrix>
        <node id="node-Bip001_Footsteps" name="Bip001_Footsteps">
          <matrix sid="matrix">-0.5723472 -0.7654354 -0.2941553 0.19268 0.8200113 -0.5342546 -0.2053129 0.1344858 -4.47035e-8 -0.358721 0.9334449 -0.6114329 0 0 0 1</matrix>
        </node>
        <node id="node-Bip001_Pelvis" name="Bip001_Pelvis">
          <matrix sid="matrix">-0.04494379 0.9659262 0.2548856 -0.02674177 -0.1344771 -0.2586709 0.9565589 7.88897e-4 0.989897 0.008715153 0.1415206 -0.00781703 0 0 0 1</matrix>
          <node id="node-Bip001_Spine" name="Bip001_Spine">
            <matrix sid="matrix">0.986502 -0.1502844 -0.06502795 0.1045088 0.1238462 0.944549 -0.304121 0.01651333 0.1071266 0.2919626 0.9504116 0.01915027 0 0 0 1</matrix>
            <node id="node-Bip001_Spine1" name="Bip001_Spine1">
              <matrix sid="matrix">0.9848251 -0.1579477 -0.07191706 0.1646546 0.140588 0.9690279 -0.2030266 -1.27017e-4 0.1017572 0.1898348 0.9765285 -2.48849e-5 0 0 0 1</matrix>
              <node id="node-Bip001_Spine2" name="Bip001_Spine2">
                <matrix sid="matrix">0.8624967 -0.5051864 -0.02976341 0.1647001 0.4911227 0.8497708 -0.191541 -1.11401e-4 0.1220561 0.150586 0.9810331 -1.97366e-5 0 0 0 1</matrix>
                <node id="node-Bip001_Neck" name="Bip001_Neck">
                  <matrix sid="matrix">0.9803019 -0.1869298 0.0637639 0.1743733 0.193147 0.9747846 -0.1117566 -0.007501781 -0.04126539 0.121871 0.9916878 -7.3947e-6 0 0 0 1</matrix>
                  <node id="node-Bip001_Head" name="Bip001_Head">
                    <matrix sid="matrix">0.4276651 0.8882355 -0.1677506 0.08447999 -0.8985627 0.4379444 0.02810007 0.03011227 0.09842487 0.138717 0.985429 8.9407e-8 0 0 0 1</matrix>
                    <node id="node-Bip001_AngryBrowR" name="Bip001_AngryBrowR">
                      <matrix>0.001812071 -0.9852682 0.1710073 0.1354002 0.9995396 -0.003395736 -0.03015608 0.1043413 0.03029251 0.1709832 0.9848081 -0.01978299 0 0 0 1</matrix>
                    </node>
                    <node id="node-Bip001_SillyBrowL" name="Bip001_SillyBrowL">
                      <matrix>-0.004057243 -0.9597189 -0.280933 0.134617 0.7867898 0.1703331 -0.5932523 0.08548479 0.6172076 -0.2234423 0.754406 0.05988091 0 0 0 1</matrix>
                    </node>
                    <node id="node-Bip001_SillyBrowR" name="Bip001_SillyBrowR">
                      <matrix>-0.004056901 -0.9597204 0.2809277 0.1346172 0.7867938 0.1703287 0.5932485 0.08548509 -0.6172028 0.2234389 0.754411 -0.05988046 0 0 0 1</matrix>
                    </node>
                    <node id="node-Bip001_jaw" name="Bip001_jaw">
                      <matrix>0.3710407 -0.9275407 -0.0446916 0.0739423 0.8026186 0.3445304 -0.4869316 0.0105374 0.4670464 0.1448011 0.872296 -1.20588e-5 0 0 0 1</matrix>
                      <node id="node-Bip001_lowerLipL" name="Bip001_lowerLipL">
                        <matrix>-0.8336914 -0.3554322 -0.4226424 0.107451 0.3746176 -0.926314 0.04004885 -0.03483582 -0.4057344 -0.124941 0.9054111 0.009654529 0 0 0 1</matrix>
                      </node>
                      <node id="node-Bip001_lowerLipR" name="Bip001_lowerLipR">
                        <matrix>0.7819585 1.79373e-6 -0.6233305 0.1074493 -0.6233306 -4.02331e-6 -0.7819586 -0.03484035 -3.86313e-6 1 -2.08244e-6 -0.009658918 0 0 0 1</matrix>
                      </node>
                    </node>
                    <node id="node-Bip001_upperLipL" name="Bip001_upperLipL">
                      <matrix>5.36442e-7 -6.57886e-6 -1 0.04530883 1 3.23448e-6 5.81145e-7 0.116103 3.26522e-6 -1 6.52298e-6 0.009555247 0 0 0 1</matrix>
                    </node>
                    <node id="node-Bip001_upperLipR" name="Bip001_upperLipR">
                      <matrix>5.21541e-7 -1.2137e-5 1 0.04530883 1 -2.31061e-6 -5.81145e-7 0.1161031 2.28314e-6 1 1.20737e-5 -0.009554617 0 0 0 1</matrix>
                    </node>
                    <node id="node-Bip001_AngryBrowL" name="Bip001_AngryBrowL">
                      <matrix>0.001812056 -0.9852672 -0.1710128 0.1354003 0.9995397 -0.003394946 0.0301506 0.1043412 -0.03028696 -0.1709887 0.9848075 0.01978357 0 0 0 1</matrix>
                    </node>
                    <node id="node-Bone050" name="Bone050">
                      <matrix sid="matrix">-0.2718078 -3.94881e-7 0.9623519 0.1766741 -0.9409113 0.2099089 -0.2657521 0.01386483 -0.2020061 -0.977721 -0.0570552 -0.08004201 0 0 0 1</matrix>
                      <node id="node-Bone051" name="Bone051">
                        <matrix sid="matrix">0.8726868 -0.06736018 0.4836114 0.06664181 0.04960696 0.9975449 0.04942704 1.49012e-8 -0.4857536 -0.01914382 0.8738859 0 0 0 0 1</matrix>
                        <node id="node-Bone052" name="Bone052">
                          <matrix sid="matrix">0.9062476 -0.3887609 0.1660739 0.05545193 0.2716253 0.836496 0.4759148 0 -0.3239371 -0.3861867 0.8636695 -1.78814e-7 0 0 0 1</matrix>
                          <node id="node-Bone053" name="Bone053">
                            <matrix sid="matrix">0.8184049 -0.4354825 -0.3749241 0.05517268 0.1432853 -0.4771914 0.8670395 -1.49012e-8 -0.5564908 -0.7633106 -0.3281379 5.96046e-8 0 0 0 1</matrix>
                            <node id="node-Bone054" name="Bone054">
                              <matrix sid="matrix">0.8138615 -0.1123603 -0.5700922 0.05649626 0.4602882 0.7234693 0.5145157 -1.49012e-8 0.354633 -0.6811512 0.6405218 2.98023e-8 0 0 0 1</matrix>
                            </node>
                          </node>
                        </node>
                      </node>
                    </node>
                    <node id="node-Bone044" name="Bone044">
                      <matrix sid="matrix">-0.09140617 -3.83705e-7 0.9958137 0.2017386 -0.9919919 0.08753207 -0.09105525 0.01348135 -0.08716558 -0.9961616 -0.00800135 -0.06964709 0 0 0 1</matrix>
                      <node id="node-Bone045" name="Bone045">
                        <matrix sid="matrix">0.7861627 0.1193007 0.6063952 0.07249831 -0.08783492 0.9928 -0.08144712 2.75671e-7 -0.6117458 0.01076801 0.7909811 -1.43051e-6 0 0 0 1</matrix>
                        <node id="node-Bone046" name="Bone046">
                          <matrix sid="matrix">0.9278777 -0.236542 0.2882556 0.06258816 0.1528874 0.9464105 0.284487 -1.11759e-7 -0.3401013 -0.2198984 0.9143176 4.11272e-6 0 0 0 1</matrix>
                          <node id="node-Bone047" name="Bone047">
                            <matrix sid="matrix">0.9307666 -0.3523222 0.09768236 0.06108749 0.1767942 0.6675776 0.7232449 3.72529e-8 -0.3200259 -0.6559027 0.6836476 -1.19209e-7 0 0 0 1</matrix>
                            <node id="node-Bone048" name="Bone048">
                              <matrix sid="matrix">0.9457324 0.2373302 -0.221957 0.07517123 -0.2279812 -0.00211633 -0.9736634 -1.49012e-8 -0.2315492 0.971427 0.05210511 2.98023e-8 0 0 0 1</matrix>
                              <node id="node-Bone049" name="Bone049">
                                <matrix sid="matrix">0.8586523 0.1722122 -0.4827632 0.08048499 -0.4657757 0.6552923 -0.5946813 -1.19209e-7 0.2139395 0.7354832 0.6428801 0 0 0 0 1</matrix>
                              </node>
                            </node>
                          </node>
                        </node>
                      </node>
                    </node>
                    <node id="node-Bone014" name="Bone014">
                      <matrix sid="matrix">-0.0284071 -2.12342e-7 0.9995961 0.2221859 -0.9993634 0.02161361 -0.02840051 0.004512727 -0.02160487 -0.9997664 -6.14189e-4 -0.05774582 0 0 0 1</matrix>
                      <node id="node-Bone015" name="Bone015">
                        <matrix sid="matrix">0.8968415 0.1569087 0.4135875 0.04459424 -0.1405894 0.9876031 -0.06982062 2.23517e-8 -0.4194157 0.004471998 0.9077836 -3.8147e-6 0 0 0 1</matrix>
                        <node id="node-Bone016" name="Bone016">
                          <matrix sid="matrix">0.8074166 0.3848189 0.4472061 0.05171198 -0.2289533 0.9029683 -0.3636323 1.49012e-7 -0.5437452 0.1912133 0.8171769 2.38419e-7 0 0 0 1</matrix>
                          <node id="node-Bone017" name="Bone017">
                            <matrix sid="matrix">0.9567366 0.1163689 0.2666712 0.06625271 -0.06017444 0.9758579 -0.2099529 -7.45058e-9 -0.2846655 0.1848229 0.9406409 0 0 0 0 1</matrix>
                            <node id="node-Bone018" name="Bone018">
                              <matrix sid="matrix">0.9760244 -0.1837435 -0.1166823 0.07592642 0.2157192 0.7451318 0.6310656 1.2666e-7 -0.0290105 -0.6411064 0.7669038 -4.50015e-6 0 0 0 1</matrix>
                              <node id="node-Bone019" name="Bone019">
                                <matrix sid="matrix">0.9469377 -0.1837667 -0.263703 0.05424261 0.2948269 0.8233623 0.4849248 -4.09782e-8 0.12801 -0.5369404 0.8338523 -5.96046e-8 0 0 0 1</matrix>
                                <node id="node-Bone020" name="Bone020">
                                  <matrix sid="matrix">0.7088869 -0.5135252 -0.4834986 0.1070501 0.4797029 -0.1515179 0.8642495 -1.49012e-8 -0.5170729 -0.8445908 0.1389304 0 0 0 0 1</matrix>
                                </node>
                              </node>
                            </node>
                          </node>
                        </node>
                      </node>
                    </node>
                    <node id="node-Bone006" name="Bone006">
                      <matrix sid="matrix">0.196101 -3.04911e-4 0.9805839 0.2309459 -0.97891 0.05834531 0.1957844 0.03429447 -0.05727214 -0.9982965 0.01114309 -0.0269171 0 0 0 1</matrix>
                      <node id="node-Bone007" name="Bone007">
                        <matrix sid="matrix">0.9117423 -0.01390299 0.4105276 0.04605404 0.01380135 0.9998997 0.003211334 7.45058e-9 -0.410531 0.002737913 0.9118424 0 0 0 0 1</matrix>
                        <node id="node-Bone008" name="Bone008">
                          <matrix sid="matrix">0.9392231 0.1156877 0.3232281 0.04755577 -0.1005677 0.9929237 -0.06315523 7.45058e-9 -0.328247 0.0268106 0.9442117 -1.19209e-7 0 0 0 1</matrix>
                          <node id="node-Bone009" name="Bone009">
                            <matrix sid="matrix">0.9081665 6.57075e-4 0.4186086 0.05169475 -4.04043e-4 0.9999998 -6.93083e-4 1.11759e-8 -0.4186089 4.60299e-4 0.9081665 -1.19209e-7 0 0 0 1</matrix>
                            <node id="node-Bone010" name="Bone010">
                              <matrix sid="matrix">0.9253002 -0.2774439 0.2585429 0.06606352 0.1212398 0.8623835 0.4915236 -7.45058e-8 -0.3593335 -0.4234613 0.8316008 1.19209e-7 0 0 0 1</matrix>
                              <node id="node-Bone011" name="Bone011">
                                <matrix sid="matrix">0.9588429 -0.215965 -0.1843332 0.06010842 0.2633796 0.4339846 0.8615616 1.04308e-7 -0.1060692 -0.8746522 0.473004 2.98023e-8 0 0 0 1</matrix>
                                <node id="node-Bone012" name="Bone012">
                                  <matrix sid="matrix">0.9669441 -0.1914231 -0.1684544 0.05975699 0.2547318 0.754858 0.6044015 8.49366e-7 0.0114627 -0.6273328 0.7786669 -1.78814e-7 0 0 0 1</matrix>
                                  <node id="node-Bone013" name="Bone013">
                                    <matrix sid="matrix">0.8543544 -0.001355872 -0.5196888 0.05263507 0.002830274 0.9999941 0.002044007 -8.19564e-8 0.5196829 -0.003217218 0.8543533 3.8743e-7 0 0 0 1</matrix>
                                  </node>
                                </node>
                              </node>
                            </node>
                          </node>
                        </node>
                      </node>
                    </node>
                    <node id="node-Bone021" name="Bone021">
                      <matrix>0.4470657 -1.45286e-7 0.8945011 0.2271243 -0.8945012 6.32415e-6 0.4470656 0.05075833 -5.72205e-6 -1 2.69525e-6 1.15484e-7 0 0 0 1</matrix>
                      <node id="node-Bone022" name="Bone022">
                        <matrix sid="matrix">0.9063959 1.49554e-4 0.4224294 0.03557789 -2.29054e-5 0.9999999 -3.04881e-4 -1.86265e-8 -0.4224295 2.66667e-4 0.9063958 0 0 0 0 1</matrix>
                        <node id="node-Bone023" name="Bone023">
                          <matrix sid="matrix">0.9613445 8.48225e-5 0.2753479 0.04570851 -6.64687e-5 1 -7.59922e-5 -7.45058e-9 -0.2753479 5.47525e-5 0.9613445 0 0 0 0 1</matrix>
                          <node id="node-Bone024" name="Bone024">
                            <matrix sid="matrix">0.8313333 -8.33543e-5 0.5557752 0.05609784 4.15333e-5 1 8.78498e-5 3.72529e-9 -0.5557753 -4.99487e-5 0.8313333 -2.14577e-6 0 0 0 1</matrix>
                            <node id="node-Bone025" name="Bone025">
                              <matrix sid="matrix">0.90559 3.59064e-4 0.4241534 0.06339759 -3.20408e-4 1 -1.62449e-4 1.49012e-8 -0.4241535 1.12113e-5 0.9055899 5.96046e-7 0 0 0 1</matrix>
                              <node id="node-Bone026" name="Bone026">
                                <matrix sid="matrix">0.9644743 4.8697e-5 0.2641777 0.06756544 -6.94506e-5 1 6.91926e-5 1.11759e-8 -0.2641777 -8.50791e-5 0.9644743 9.53674e-7 0 0 0 1</matrix>
                                <node id="node-Bone027" name="Bone027">
                                  <matrix sid="matrix">0.9817943 6.65709e-5 -0.1899466 0.07909274 -3.18307e-5 1 1.85925e-4 3.72529e-9 0.1899466 -1.76494e-4 0.9817943 -5.06639e-7 0 0 0 1</matrix>
                                  <node id="node-Bone028" name="Bone028">
                                    <matrix sid="matrix">0.9998926 2.0545e-6 0.01466203 0.07343221 -1.90549e-6 1 -1.03712e-5 7.45058e-9 -0.01466203 1.03423e-5 0.9998926 5.96046e-8 0 0 0 1</matrix>
                                  </node>
                                </node>
                              </node>
                            </node>
                          </node>
                        </node>
                      </node>
                    </node>
                    <node id="node-Bone029" name="Bone029">
                      <matrix sid="matrix">0.1961011 -9.49949e-8 0.9805839 0.2309459 -0.97891 -0.05839982 0.1957663 0.03429426 0.05726586 -0.9982934 -0.01145236 0.02691686 0 0 0 1</matrix>
                      <node id="node-Bone030" name="Bone030">
                        <matrix sid="matrix">0.9117724 0.01410466 0.4104535 0.0460538 -0.01401945 0.9998965 -0.003217548 -7.45058e-8 -0.4104565 -0.002820658 0.9118758 -3.8147e-6 0 0 0 1</matrix>
                        <node id="node-Bone031" name="Bone031">
                          <matrix sid="matrix">0.9392709 -0.1158065 0.3230473 0.04755458 0.1007595 0.9929158 0.06298025 1.30385e-8 -0.3280519 -0.02660539 0.944285 1.19209e-7 0 0 0 1</matrix>
                          <node id="node-Bone032" name="Bone032">
                            <matrix sid="matrix">0.9037384 0.04100853 0.4261172 0.05169511 -0.02613102 0.9988294 -0.04070455 -3.72529e-9 -0.4272878 0.02565131 0.9037523 2.38419e-7 0 0 0 1</matrix>
                            <node id="node-Bone033" name="Bone033">
                              <matrix sid="matrix">0.9352014 0.2103815 0.2848466 0.06606317 -0.0920618 0.921174 -0.3781039 3.72529e-9 -0.3419393 0.3273798 0.8808514 0 0 0 0 1</matrix>
                              <node id="node-Bone034" name="Bone034">
                                <matrix sid="matrix">0.9540371 0.2208911 -0.2025352 0.06010938 -0.2726162 0.3589682 -0.8926489 1.49012e-8 -0.1244743 0.9068346 0.4026874 -5.96046e-8 0 0 0 1</matrix>
                                <node id="node-Bone035" name="Bone035">
                                  <matrix sid="matrix">0.9640255 0.184163 -0.1916738 0.05975628 -0.2622839 0.7761135 -0.573458 -1.49012e-8 0.04315066 0.603101 0.796497 -5.96046e-8 0 0 0 1</matrix>
                                  <node id="node-Bone036" name="Bone036">
                                    <matrix sid="matrix">0.8694143 0.0152192 -0.4938492 0.05263555 -0.02966286 0.9993308 -0.02142425 -4.47035e-8 0.4931928 0.03327523 0.8692834 0 0 0 0 1</matrix>
                                  </node>
                                </node>
                              </node>
                            </node>
                          </node>
                        </node>
                      </node>
                    </node>
                    <node id="node-Bone037" name="Bone037">
                      <matrix sid="matrix">-0.03293929 2.07685e-6 0.9994574 0.2221859 -0.9989829 -0.03080988 -0.03292356 0.004512385 0.03079309 -0.9995255 0.001016928 0.05774581 0 0 0 1</matrix>
                      <node id="node-Bone038" name="Bone038">
                        <matrix sid="matrix">0.8929741 -0.1232076 0.4329179 0.04459453 0.1164423 0.9922993 0.04222291 4.84288e-8 -0.4347864 0.01270596 0.9004444 1.19209e-7 0 0 0 1</matrix>
                        <node id="node-Bone039" name="Bone039">
                          <matrix sid="matrix">0.8104644 -0.3801516 0.4456805 0.05171025 0.2161753 0.9012178 0.3755989 7.45058e-9 -0.54444 -0.2080642 0.8125844 -1.78814e-6 0 0 0 1</matrix>
                          <node id="node-Bone040" name="Bone040">
                            <matrix sid="matrix">0.9647679 -0.1430959 0.2207857 0.06625342 0.07907125 0.9580651 0.2754254 0 -0.2509394 -0.2482639 0.9356253 5.96046e-8 0 0 0 1</matrix>
                            <node id="node-Bone041" name="Bone041">
                              <matrix sid="matrix">0.9759108 0.1838656 -0.1174412 0.07592785 -0.2162997 0.7450259 -0.6309929 2.23517e-7 -0.02852112 0.6411949 0.7668485 -2.98023e-8 0 0 0 1</matrix>
                              <node id="node-Bone042" name="Bone042">
                                <matrix sid="matrix">0.9450079 0.2398637 -0.2223173 0.05424106 -0.3174823 0.8360146 -0.4475302 2.23517e-8 0.07851437 0.4935019 0.8661935 3.27826e-7 0 0 0 1</matrix>
                                <node id="node-Bone043" name="Bone043">
                                  <matrix sid="matrix">0.7633407 0.4381691 -0.4746785 0.1070513 -0.4467451 -0.1726974 -0.8778356 -2.98023e-8 -0.4666157 0.8821476 0.06392273 -5.96046e-8 0 0 0 1</matrix>
                                </node>
                              </node>
                            </node>
                          </node>
                        </node>
                      </node>
                    </node>
                    <node id="node-Bone055" name="Bone055">
                      <matrix sid="matrix">-0.09140572 -2.84985e-7 0.9958143 0.2017385 -0.9919923 -0.08752592 -0.09105497 0.01348104 0.08715954 -0.9961623 0.008000085 0.06964707 0 0 0 1</matrix>
                      <node id="node-Bone056" name="Bone056">
                        <matrix sid="matrix">0.7861556 -0.1194351 0.6063781 0.07249787 0.08782187 0.9927816 0.08168386 3.57628e-7 -0.6117567 -0.01096297 0.7909697 0 0 0 0 1</matrix>
                        <node id="node-Bone057" name="Bone057">
                          <matrix sid="matrix">0.9220538 0.2821705 0.2649468 0.06258506 -0.1853489 0.9228046 -0.3377533 -3.27826e-7 -0.3397981 0.2623191 0.9031755 0 0 0 0 1</matrix>
                          <node id="node-Bone058" name="Bone058">
                            <matrix sid="matrix">0.9331158 0.3403429 0.1160251 0.06108952 -0.1723352 0.706494 -0.6864163 2.23517e-8 -0.3155879 0.6205107 0.7178935 1.19209e-7 0 0 0 1</matrix>
                            <node id="node-Bone059" name="Bone059">
                              <matrix sid="matrix">0.9434942 -0.243537 -0.2247414 0.07517016 0.2280251 -0.01500531 0.9735394 7.45058e-8 -0.2404653 -0.9697757 0.04137504 0 0 0 0 1</matrix>
                              <node id="node-Bone060" name="Bone060">
                                <matrix sid="matrix">0.8586497 -0.1722088 -0.4827677 0.08048642 0.465779 0.6552851 0.5946858 5.96046e-8 0.2139404 -0.7354899 0.6428717 -1.19209e-7 0 0 0 1</matrix>
                              </node>
                            </node>
                          </node>
                        </node>
                      </node>
                    </node>
                    <node id="node-Bone061" name="Bone061">
                      <matrix sid="matrix">-0.2765531 5.68107e-7 0.9609985 0.1766738 -0.937687 -0.2189246 -0.2698442 0.01386441 0.2103861 -0.975742 0.06054477 0.08004999 0 0 0 1</matrix>
                      <node id="node-Bone062" name="Bone062">
                        <matrix sid="matrix">0.8800129 0.03151478 0.4739025 0.06630629 -0.02345409 0.9994624 -0.02291184 5.21541e-8 -0.4743698 0.00904775 0.8802792 -1.78814e-6 0 0 0 1</matrix>
                        <node id="node-Bone063" name="Bone063">
                          <matrix sid="matrix">0.8984565 0.4092404 0.1590565 0.05577612 -0.2856404 0.8199245 -0.4961179 -3.72529e-8 -0.3334458 0.4003074 0.8535621 -1.78814e-7 0 0 0 1</matrix>
                          <node id="node-Bone064" name="Bone064">
                            <matrix sid="matrix">0.8136279 0.4382422 -0.382038 0.05538917 -0.1488507 -0.4781919 -0.8655492 -2.98023e-8 -0.562008 0.7611019 -0.3238376 0 0 0 0 1</matrix>
                            <node id="node-Bone065" name="Bone065">
                              <matrix sid="matrix">0.8752896 0.08609423 -0.4758735 0.05682158 -0.3054109 0.8613696 -0.4059146 1.49012e-8 0.3749561 0.5006299 0.7802421 2.98023e-8 0 0 0 1</matrix>
                            </node>
                          </node>
                        </node>
                      </node>
                    </node>
                    <node id="node-Bone077" name="Bone077">
                      <matrix sid="matrix">-0.01145157 2.90573e-7 0.9999344 0.1375992 -0.8724411 -0.4886178 -0.009991303 0.03142533 0.4885857 -0.8724982 0.005595664 0.0596832 0 0 0 1</matrix>
                      <node id="node-Bone078" name="Bone078">
                        <matrix sid="matrix">0.7042201 -0.4953946 0.5085852 0.06178035 0.3977783 0.86865 0.2953308 4.99189e-7 -0.5880874 -0.005673757 0.8087776 4.37498e-5 0 0 0 1</matrix>
                        <node id="node-Bone079" name="Bone079">
                          <matrix sid="matrix">0.7459912 -0.6548425 0.1211549 0.1102705 0.4237674 0.6071157 0.6721838 -7.45058e-9 -0.5137297 -0.4501017 0.7304038 1.78814e-7 0 0 0 1</matrix>
                          <node id="node-Bone080" name="Bone080">
                            <matrix sid="matrix">0.8926533 0.2532574 0.3728681 0.1663148 -0.1483831 0.9462287 -0.2874603 2.98023e-8 -0.4256199 0.2012752 0.8822338 1.19209e-7 0 0 0 1</matrix>
                            <node id="node-Bone081" name="Bone081">
                              <matrix sid="matrix">0.9320754 0.1246797 -0.340132 0.1379909 -0.1721554 -0.673667 -0.7187043 -1.49012e-8 -0.3187435 0.7284417 -0.6064444 -2.98023e-8 0 0 0 1</matrix>
                            </node>
                          </node>
                        </node>
                      </node>
                    </node>
                    <node id="node-Bone066" name="Bone066">
                      <matrix sid="matrix">-0.2908011 -2.98023e-7 0.9567835 0.1378932 -0.9335831 0.2188804 -0.2837497 0.009998873 -0.2094211 -0.9757517 -0.06365094 -0.07983375 0 0 0 1</matrix>
                      <node id="node-Bone067" name="Bone067">
                        <matrix sid="matrix">0.7964697 0.4133294 0.4413565 0.08105597 -0.3323716 0.909003 -0.2514832 -4.47035e-8 -0.5051396 0.05360432 0.8613718 -3.09944e-6 0 0 0 1</matrix>
                        <node id="node-Bone068" name="Bone068">
                          <matrix sid="matrix">0.9018611 0.4028808 0.1559919 0.06413394 -0.2337523 0.7586977 -0.6080599 -2.16067e-7 -0.3633267 0.5119225 0.7784146 2.98023e-7 0 0 0 1</matrix>
                          <node id="node-Bone069" name="Bone069">
                            <matrix sid="matrix">0.9998958 0.01419967 0.002512306 0.08350694 -0.01414043 0.9996539 -0.02217287 -7.45058e-9 -0.002826303 0.02213489 0.999751 0 0 0 0 1</matrix>
                            <node id="node-Bone070" name="Bone070">
                              <matrix sid="matrix">0.9643558 -0.150401 0.2177086 0.08289558 0.09719738 0.9665844 0.2372083 1.49012e-8 -0.2461097 -0.2075929 0.9467498 8.9407e-8 0 0 0 1</matrix>
                              <node id="node-Bone071" name="Bone071">
                                <matrix sid="matrix">0.9585462 -0.1121064 0.2619576 0.06400168 0.03546785 0.9591433 0.2806891 1.49012e-8 -0.2827222 -0.2597623 0.9233592 0 0 0 0 1</matrix>
                                <node id="node-Bone072" name="Bone072">
                                  <matrix sid="matrix">0.9640761 -0.03288302 -0.2635827 0.07497591 0.2330033 -0.3717677 0.8986086 1.49012e-8 -0.1275404 -0.927743 -0.3507507 7.45058e-9 0 0 0 1</matrix>
                                </node>
                              </node>
                            </node>
                          </node>
                        </node>
                      </node>
                    </node>
                    <node id="node-Bone073" name="Bone073">
                      <matrix sid="matrix">-0.2925557 1.49012e-7 0.9562488 0.0924896 -0.954704 0.0568094 -0.2920833 -0.03078891 -0.05432393 -0.998385 -0.01661978 -0.07006145 0 0 0 1</matrix>
                      <node id="node-Bone074" name="Bone074">
                        <matrix sid="matrix">0.6387706 0.4659682 0.6122466 0.05861649 -0.2161334 0.8723792 -0.4384532 2.98023e-8 -0.7384159 0.1477439 0.6579612 0 0 0 0 1</matrix>
                        <node id="node-Bone075" name="Bone075">
                          <matrix sid="matrix">0.966939 -0.2549824 -0.003659725 0.08270764 0.2246071 0.8447785 0.4856965 -7.45058e-9 -0.1207524 -0.4704605 0.8741204 -5.96046e-8 0 0 0 1</matrix>
                          <node id="node-Bone076" name="Bone076">
                            <matrix sid="matrix">0.9027886 -0.3799327 -0.201553 0.1038885 0.1286856 -0.2085411 0.9695106 0 -0.4103808 -0.9012001 -0.1393765 -1.49012e-7 0 0 0 1</matrix>
                          </node>
                        </node>
                      </node>
                    </node>
                    <node id="node-Bone082" name="Bone082">
                      <matrix sid="matrix">-0.3110248 1.21631e-6 0.9504019 0.09530389 -0.9488671 -0.05680379 -0.3105226 -0.03142178 0.05398603 -0.9983856 0.01766854 0.06847608 0 0 0 1</matrix>
                      <node id="node-Bone083" name="Bone083">
                        <matrix sid="matrix">0.6712084 -0.4340464 0.6009018 0.05861521 0.1827067 0.8825015 0.4333691 2.12342e-7 -0.7183993 -0.1810922 0.6716456 4.76837e-6 0 0 0 1</matrix>
                        <node id="node-Bone084" name="Bone084">
                          <matrix sid="matrix">0.9794394 0.1983233 0.03696817 0.08271182 -0.1548045 0.8563495 -0.4926483 1.49012e-8 -0.1293611 0.4767965 0.8694435 1.78814e-7 0 0 0 1</matrix>
                          <node id="node-Bone085" name="Bone085">
                            <matrix sid="matrix">0.9224295 0.3760592 -0.08777181 0.1038883 -0.1378058 0.1082339 -0.9845275 -1.19209e-7 -0.3607408 0.9202526 0.1516613 -1.19209e-7 0 0 0 1</matrix>
                            <node id="node-Bone086" name="Bone086">
                              <matrix sid="matrix">0.9832616 0.0432294 -0.1769952 0.1096958 -0.123718 0.8715612 -0.4744205 2.16067e-7 0.1337533 0.4883772 0.8623211 4.47035e-8 0 0 0 1</matrix>
                            </node>
                          </node>
                        </node>
                      </node>
                    </node>
                  </node>
                </node>
                <node id="node-Bip001_backpack_01" name="Bip001_backpack_01">
                  <matrix sid="matrix">-0.9792179 0.202802 -0.0019788 0.2016007 -0.2027961 -0.9792171 -0.002801903 -0.08787805 -0.002505907 -0.002342392 0.9999942 4.32134e-7 0 0 0 1</matrix>
                  <node id="node-Bip001_rope_01" name="Bip001_rope_01">
                    <matrix sid="matrix">0.9283746 -0.371276 -0.01656863 0.4241233 -0.3631282 -0.9156861 0.1722106 0.08793235 -0.07910938 -0.1538594 -0.9849209 0.09921899 0 0 0 1</matrix>
                    <node id="node-Bip001_rope_02" name="Bip001_rope_02">
                      <matrix sid="matrix">0.9993811 -0.02325746 0.02639189 0.09589994 -0.02437368 -0.9987869 0.04279105 8.35657e-5 0.0253647 -0.04340783 -0.9987355 3.62098e-6 0 0 0 1</matrix>
                      <node id="node-Bip001_rope_03" name="Bip001_rope_03">
                        <matrix sid="matrix">0.9984596 -0.04565963 -0.03152195 0.1048737 0.03999326 0.9860584 -0.1615223 -1.02282e-4 0.03845753 0.1600128 0.9863654 -0.001042575 0 0 0 1</matrix>
                      </node>
                    </node>
                  </node>
                  <node id="node-Bip001_Xtra17" name="Bip001_Xtra17">
                    <matrix>-0.04419939 -0.7063963 -0.7064353 0.1551489 0.9990225 -0.03164941 -0.030858 0.112457 -5.60293e-4 -0.7071087 0.7071047 6.88322e-5 0 0 0 1</matrix>
                    <node id="node-Bip001_Xtra18" name="Bip001_Xtra18">
                      <matrix>1 -1.49012e-8 -7.45058e-9 0.02474689 0 1 3.27826e-7 -2.24859e-5 7.45058e-9 -2.90573e-7 1 -1.49012e-8 0 0 0 1</matrix>
                    </node>
                    <node id="node-Bip001_Xtra19" name="Bip001_Xtra19">
                      <matrix>0.9999994 -7.96348e-4 7.98345e-4 0.02904582 -7.96363e-4 -0.9999999 -1.48639e-6 0.02995084 7.9836e-4 8.27014e-7 -0.9999998 -7.49081e-5 0 0 0 1</matrix>
                    </node>
                    <node id="node-Bip001_Xtra20" name="Bip001_Xtra20">
                      <matrix>0.9999918 -0.003981292 7.88853e-4 0.02889764 0.003981292 0.9999921 6.36093e-6 -0.03234424 -7.8886e-4 -3.06405e-6 0.9999998 -7.50721e-5 0 0 0 1</matrix>
                    </node>
                  </node>
                  <node id="node-Bip001_Xtra01" name="Bip001_Xtra01">
                    <matrix sid="matrix">0.9980924 -0.06089208 0.01018672 0.2139947 0.06087956 0.9981439 0.001538796 0.05373991 -0.01026152 -9.15697e-4 0.9999469 0.1710362 0 0 0 1</matrix>
                  </node>
                  <node id="node-Bip001_Xtra01Opp" name="Bip001_Xtra01Opp">
                    <matrix sid="matrix">0.9982424 -0.05840914 0.01002972 0.2139944 0.05839637 0.9982924 0.00156183 0.05373979 -0.01010381 -9.73387e-4 0.9999484 -0.1722647 0 0 0 1</matrix>
                  </node>
                </node>
                <node id="node-Bip001_L_Clavicle" name="Bip001_L_Clavicle">
                  <matrix sid="matrix">-0.1281998 -7.447e-4 0.9917483 0.1406267 -0.3513237 -0.9351177 -0.04611647 0.02467191 0.9274355 -0.3543367 0.1196203 0.05035807 0 0 0 1</matrix>
                  <node id="node-Bip001_L_UpperArm" name="Bip001_L_UpperArm">
                    <matrix sid="matrix">0.394632 0.7578956 0.5194808 0.17644 -0.8033468 0.5590086 -0.2052892 5.96046e-8 -0.4459818 -0.3363096 0.8294554 0 0 0 0 1</matrix>
                    <node id="node-Bip001_L_Forearm" name="Bip001_L_Forearm">
                      <matrix sid="matrix">0.06387863 0.9979578 0 0.302225 -0.9979575 0.0638786 1.49012e-8 0 -5.96046e-8 -8.9407e-8 1 0 0 0 0 1</matrix>
                      <node id="node-Bip001_L_Hand" name="Bip001_L_Hand">
                        <matrix sid="matrix">0.8837453 -0.04755212 -0.465546 0.3035221 0.4440226 -0.2289449 0.8662727 5.96046e-8 -0.1477775 -0.9722773 -0.1812147 0 0 0 0 1</matrix>
                        <node id="node-Bip001_L_Finger0" name="Bip001_L_Finger0">
                          <matrix sid="matrix">0.7808205 0.4571763 0.4258031 0.01779103 0.4777048 0.002348632 -0.878517 0.01367193 -0.402638 0.8893721 -0.216562 -0.02770394 0 0 0 1</matrix>
                          <node id="node-Bip001_L_Finger01" name="Bip001_L_Finger01">
                            <matrix sid="matrix">0.9399819 -0.3412245 2.9818e-4 0.05085599 0.3412246 0.9399816 -8.00565e-4 0 -7.10785e-6 8.54261e-4 0.9999996 -2.98023e-8 0 0 0 1</matrix>
                            <node id="node-Bip001_L_Finger02" name="Bip001_L_Finger02">
                              <matrix sid="matrix">0.8832186 -0.4689343 0.005052596 0.03436995 0.4689615 0.8831671 -0.009535462 0 9.17912e-6 0.0107915 0.9999418 2.98023e-8 0 0 0 1</matrix>
                            </node>
                          </node>
                        </node>
                        <node id="node-Bip001_L_Finger1" name="Bip001_L_Finger1">
                          <matrix sid="matrix">0.9421896 -0.2515203 0.2213941 0.08567607 0.3265596 0.8372999 -0.4385056 -0.005999655 -0.07508054 0.4854538 0.8710322 -0.02973527 0 0 0 1</matrix>
                          <node id="node-Bip001_L_Finger11" name="Bip001_L_Finger11">
                            <matrix sid="matrix">0.9561216 -0.2929704 2.98023e-8 0.05795389 0.2929704 0.9561216 -7.45058e-9 0 5.96046e-8 -7.45058e-9 1 -5.96046e-8 0 0 0 1</matrix>
                            <node id="node-Bip001_L_Finger12" name="Bip001_L_Finger12">
                              <matrix sid="matrix">0.9782763 -0.2073058 2.98023e-8 0.03285098 0.2073058 0.9782763 0 0 2.98023e-8 -1.49012e-8 1 0 0 0 0 1</matrix>
                            </node>
                          </node>
                        </node>
                        <node id="node-Bip001_L_Finger2" name="Bip001_L_Finger2">
                          <matrix sid="matrix">0.9099867 -0.410748 0.05666199 0.09032306 0.414623 0.9026113 -0.1156754 -0.01052216 -0.003631026 0.128756 0.9916695 -0.005256623 0 0 0 1</matrix>
                          <node id="node-Bip001_L_Finger21" name="Bip001_L_Finger21">
                            <matrix sid="matrix">0.9248531 -0.3803246 2.98023e-8 0.05795401 0.3803246 0.924853 -7.45058e-9 2.98023e-8 5.96046e-8 -1.49012e-8 0.9999999 0 0 0 0 1</matrix>
                            <node id="node-Bip001_L_Finger22" name="Bip001_L_Finger22">
                              <matrix sid="matrix">0.9723517 -0.2335215 0 0.04148102 0.2335215 0.9723518 1.49012e-8 0 -8.9407e-8 0 1 -2.98023e-8 0 0 0 1</matrix>
                            </node>
                          </node>
                        </node>
                        <node id="node-Bip001_L_Finger3" name="Bip001_L_Finger3">
                          <matrix sid="matrix">0.8437886 -0.5217916 -0.1255116 0.08558705 0.5360593 0.8306484 0.1505466 -0.009840488 0.02570161 -0.1943114 0.9806033 0.02070281 0 0 0 1</matrix>
                          <node id="node-Bip001_L_Finger31" name="Bip001_L_Finger31">
                            <matrix sid="matrix">0.9207935 -0.3900505 0 0.05795395 0.3900507 0.9207934 -4.47035e-8 0 8.9407e-8 0 1 -5.96046e-8 0 0 0 1</matrix>
                            <node id="node-Bip001_L_Finger32" name="Bip001_L_Finger32">
                              <matrix sid="matrix">0.8840969 -0.4673035 -2.98023e-8 0.03192693 0.4673035 0.8840972 2.98023e-8 5.96046e-8 -5.58794e-8 5.96046e-8 1 0 0 0 0 1</matrix>
                            </node>
                          </node>
                        </node>
                        <node id="node-Bip001_L_Finger4" name="Bip001_L_Finger4">
                          <matrix sid="matrix">0.847081 -0.3881948 -0.3629861 0.08973414 0.4792494 0.8531643 0.2059859 -0.004826754 0.2297241 -0.3484471 0.9087421 0.04668489 0 0 0 1</matrix>
                          <node id="node-Bip001_L_Finger41" name="Bip001_L_Finger41">
                            <matrix sid="matrix">0.8490502 -0.528312 -1.49012e-8 0.0349679 0.528312 0.8490502 -1.49012e-8 1.49012e-8 7.45058e-9 0 0.9999999 -2.98023e-8 0 0 0 1</matrix>
                            <node id="node-Bip001_L_Finger42" name="Bip001_L_Finger42">
                              <matrix sid="matrix">0.903693 -0.4281809 -7.45058e-9 0.02205002 0.4281809 0.903693 2.98023e-8 1.49012e-8 -5.40167e-8 1.49012e-8 0.9999999 0 0 0 0 1</matrix>
                            </node>
                          </node>
                        </node>
                      </node>
                    </node>
                    <node id="node-Bip001_L_ForeTwist" name="Bip001_L_ForeTwist">
                      <matrix sid="matrix">0.06387863 0.996632 0.05142578 0.302225 -0.9979575 0.06379381 0.003291741 0 -5.96046e-8 -0.05153114 0.9986715 0 0 0 0 1</matrix>
                      <node id="node-Bip001_L_ForeTwist1" name="Bip001_L_ForeTwist1">
                        <matrix sid="matrix">1 0 1.04308e-7 0.101174 -5.96046e-8 0.9986714 0.05153103 2.98023e-8 -2.98023e-8 -0.05153097 0.9986713 0 0 0 0 1</matrix>
                        <node id="node-Bip001_L_ForeTwist2" name="Bip001_L_ForeTwist2">
                          <matrix sid="matrix">1 2.98023e-8 -5.21541e-8 0.1011741 -2.98023e-8 0.9986714 0.05153112 -5.96046e-8 -1.49012e-8 -0.051531 0.9986714 -5.96046e-8 0 0 0 1</matrix>
                        </node>
                      </node>
                    </node>
                  </node>
                  <node id="node-Bip001_LUpArmTwist" name="Bip001_LUpArmTwist">
                    <matrix sid="matrix">0.394632 0.7578956 0.5194808 0.17644 -0.8033468 0.5590086 -0.2052892 5.96046e-8 -0.4459818 -0.3363096 0.8294554 0 0 0 0 1</matrix>
                    <node id="node-Bip001_LUpArmTwist1" name="Bip001_LUpArmTwist1">
                      <matrix>1 0 0 0.1007417 2.98023e-8 1 1.49012e-8 -5.96046e-8 0 1.49012e-8 1 5.96046e-8 0 0 0 1</matrix>
                      <node id="node-Bip001_LUpArmTwist2" name="Bip001_LUpArmTwist2">
                        <matrix>1 0 0 0.1007416 2.98023e-8 1 1.49012e-8 0 0 1.49012e-8 1 -5.96046e-8 0 0 0 1</matrix>
                      </node>
                    </node>
                  </node>
                </node>
                <node id="node-Bip001_R_Clavicle" name="Bip001_R_Clavicle">
                  <matrix sid="matrix">-0.2063481 -7.85351e-4 -0.9784786 0.1406267 -0.1617314 -0.9862177 0.03489852 0.02467215 -0.9650199 0.1654519 0.203377 -0.05035793 0 0 0 1</matrix>
                  <node id="node-Bip001_R_UpperArm" name="Bip001_R_UpperArm">
                    <matrix sid="matrix">0.4096637 -0.457919 -0.7889779 0.17644 0.07054594 0.8781956 -0.4730707 0 0.9095047 0.1381408 0.3920692 0 0 0 0 1</matrix>
                    <node id="node-Bip001_R_Forearm" name="Bip001_R_Forearm">
                      <matrix sid="matrix">0.5697813 0.8217967 -1.49012e-8 0.302225 -0.8217963 0.5697813 -5.96046e-8 0 5.96046e-8 -1.49012e-8 1 0 0 0 0 1</matrix>
                      <node id="node-Bip001_R_Hand" name="Bip001_R_Hand">
