<?xml version="1.0" encoding="utf-8"?>
<COLLADA xmlns="http://www.collada.org/2005/11/COLLADASchema" version="1.4.1">
  <asset>
    <contributor>
      <author>Setsu</author>
      <authoring_tool>OpenCOLLADA for 3ds Max;  Version: 1.3.1;  Revision: 847M;  Platform: x64;  Configuration: Release_Max2012_static</authoring_tool>
      <source_data>file:///D:/_Work/webgl/models/man/animation/melee/dodge_right.max</source_data>
    </contributor>
    <created>2012-09-05T13:21:27</created>
    <modified>2012-09-05T13:21:27</modified>
    <unit name="meter" meter="1"/>
    <up_axis>Z_UP</up_axis>
  </asset>
  <library_lights>
    <light id="EnvironmentAmbientLight" name="EnvironmentAmbientLight">
      <technique_common>
        <ambient>
          <color>0.019608 0.019608 0.019608</color>
        </ambient>
      </technique_common>
    </light>
  </library_lights>
  <library_visual_scenes>
    <visual_scene id="MaxScene">
      <node name="EnvironmentAmbientLight">
        <instance_light url="#EnvironmentAmbientLight"/>
      </node>
      <node id="node-Bip001" name="Bip001">
        <matrix sid="matrix">-0.5723472 0.8200113 -4.47035e-8 -1.86265e-9 -0.7654354 -0.5342546 -0.3587209 0.1117169 -0.2941552 -0.2053129 0.9334449 0.6576241 0 0 0 1</matrix>
        <node id="node-Bip001_Footsteps" name="Bip001_Footsteps">
          <matrix sid="matrix">-0.5723472 -0.7654355 -0.2941553 0.1931411 0.8200115 -0.5342546 -0.2053129 0.1348076 -4.47035e-8 -0.3587209 0.9334449 -0.6128961 0 0 0 1</matrix>
        </node>
        <node id="node-Bip001_Pelvis" name="Bip001_Pelvis">
          <matrix sid="matrix">-0.04494381 0.9659263 0.2548857 -0.02625316 -0.1344772 -0.258671 0.9565591 9.08405e-4 0.9898969 0.008715123 0.1415206 -0.009316325 0 0 0 1</matrix>
          <node id="node-Bip001_Spine" name="Bip001_Spine">
            <matrix sid="matrix">0.9865019 -0.1502842 -0.06502791 0.1045087 0.1238461 0.9445489 -0.3041211 0.01651335 0.1071266 0.2919625 0.9504114 0.01915026 0 0 0 1</matrix>
            <node id="node-Bip001_Spine1" name="Bip001_Spine1">
              <matrix sid="matrix">0.9848251 -0.1579477 -0.07191707 0.1646547 0.1405881 0.9690281 -0.2030265 -1.27077e-4 0.1017572 0.1898348 0.9765288 -2.48849e-5 0 0 0 1</matrix>
              <node id="node-Bip001_Spine2" name="Bip001_Spine2">
                <matrix sid="matrix">0.8624967 -0.5051868 -0.02976336 0.1647002 0.4911231 0.8497708 -0.1915409 -1.11461e-4 0.122056 0.150586 0.9810331 -1.9744e-5 0 0 0 1</matrix>
                <node id="node-Bip001_Neck" name="Bip001_Neck">
                  <matrix sid="matrix">0.9803019 -0.1869298 0.06376392 0.1743734 0.193147 0.9747846 -0.1117566 -0.007501662 -0.0412654 0.121871 0.9916878 -7.3947e-6 0 0 0 1</matrix>
                  <node id="node-Bip001_Head" name="Bip001_Head">
                    <matrix sid="matrix">0.4276648 0.8882356 -0.1677508 0.08448005 -0.8985628 0.4379441 0.02810002 0.03011227 0.09842492 0.1387173 0.9854289 6.70552e-8 0 0 0 1</matrix>
                    <node id="node-Bip001_AngryBrowR" name="Bip001_AngryBrowR">
                      <matrix>0.001812086 -0.9852682 0.1710074 0.1354002 0.9995396 -0.003395692 -0.03015608 0.1043413 0.03029251 0.1709832 0.9848081 -0.019783 0 0 0 1</matrix>
                    </node>
                    <node id="node-Bip001_SillyBrowL" name="Bip001_SillyBrowL">
                      <matrix>-0.004057229 -0.9597189 -0.280933 0.134617 0.7867898 0.1703332 -0.5932524 0.08548482 0.6172076 -0.2234423 0.754406 0.05988091 0 0 0 1</matrix>
                    </node>
                    <node id="node-Bip001_SillyBrowR" name="Bip001_SillyBrowR">
                      <matrix>-0.004056871 -0.9597204 0.2809277 0.1346171 0.7867938 0.1703287 0.5932485 0.08548512 -0.6172028 0.2234389 0.754411 -0.05988045 0 0 0 1</matrix>
                    </node>
                    <node id="node-Bip001_jaw" name="Bip001_jaw">
                      <matrix sid="matrix">0.3710408 -0.9275407 -0.0446916 0.07394218 0.8026187 0.3445304 -0.4869316 0.0105374 0.4670464 0.1448011 0.872296 -1.20439e-5 0 0 0 1</matrix>
                      <node id="node-Bip001_lowerLipL" name="Bip001_lowerLipL">
                        <matrix sid="matrix">-0.8336917 -0.3554322 -0.4226424 0.107451 0.3746175 -0.9263141 0.04004892 -0.03483593 -0.4057342 -0.1249408 0.9054112 0.009654522 0 0 0 1</matrix>
                      </node>
                      <node id="node-Bip001_lowerLipR" name="Bip001_lowerLipR">
                        <matrix sid="matrix">0.7819586 1.73785e-6 -0.6233306 0.1074492 -0.6233306 -4.03076e-6 -0.7819586 -0.03484035 -3.88548e-6 1 -2.00421e-6 -0.009658918 0 0 0 1</matrix>
                      </node>
                    </node>
                    <node id="node-Bip001_upperLipL" name="Bip001_upperLipL">
                      <matrix>6.4075e-7 -6.58259e-6 -1 0.04530883 1 3.23309e-6 7.15256e-7 0.1161031 3.26522e-6 -1 6.52298e-6 0.00955525 0 0 0 1</matrix>
                    </node>
                    <node id="node-Bip001_upperLipR" name="Bip001_upperLipR">
                      <matrix>6.25849e-7 -1.21407e-5 1 0.04530883 1 -2.31154e-6 -7.15256e-7 0.1161031 2.28267e-6 1 1.20774e-5 -0.00955461 0 0 0 1</matrix>
                    </node>
                    <node id="node-Bip001_AngryBrowL" name="Bip001_AngryBrowL">
                      <matrix>0.001812056 -0.9852673 -0.1710128 0.1354003 0.9995397 -0.003394932 0.0301506 0.1043412 -0.03028696 -0.1709887 0.9848075 0.01978358 0 0 0 1</matrix>
                    </node>
                    <node id="node-Bone050" name="Bone050">
                      <matrix sid="matrix">-0.2718078 -3.7998e-7 0.9623519 0.1766741 -0.9409114 0.2099089 -0.2657522 0.01386485 -0.202006 -0.9777212 -0.05705524 -0.080042 0 0 0 1</matrix>
                      <node id="node-Bone051" name="Bone051">
                        <matrix sid="matrix">0.8727059 -0.0677076 0.4835283 0.06664178 0.05004079 0.9975262 0.0493647 0 -0.4856747 -0.01888476 0.8739355 1.19209e-7 0 0 0 1</matrix>
                        <node id="node-Bone052" name="Bone052">
                          <matrix sid="matrix">0.9061884 -0.3888506 0.1661881 0.05545193 0.2717476 0.8365877 0.4756838 1.49012e-8 -0.3240006 -0.3858978 0.863775 -2.38419e-7 0 0 0 1</matrix>
                          <node id="node-Bone053" name="Bone053">
                            <matrix sid="matrix">0.8183297 -0.4357747 -0.3747484 0.05517268 0.1430469 -0.4770804 0.8671401 1.49012e-8 -0.5566627 -0.763213 -0.328073 5.96046e-8 0 0 0 1</matrix>
                            <node id="node-Bone054" name="Bone054">
                              <matrix>0.8138614 -0.1123603 -0.570092 0.05649626 0.4602883 0.7234694 0.5145157 0 0.3546332 -0.681151 0.6405218 4.47035e-8 0 0 0 1</matrix>
                            </node>
                          </node>
                        </node>
                      </node>
                    </node>
                    <node id="node-Bone044" name="Bone044">
                      <matrix sid="matrix">-0.09140616 -3.83705e-7 0.9958137 0.2017386 -0.9919919 0.08753207 -0.09105526 0.01348139 -0.08716562 -0.9961618 -0.00800135 -0.06964706 0 0 0 1</matrix>
                      <node id="node-Bone045" name="Bone045">
                        <matrix sid="matrix">0.7861627 0.1194514 0.6063657 0.07249826 -0.08783494 0.9927796 -0.08169392 2.75671e-7 -0.6117456 0.01096463 0.7909785 -1.3113e-6 0 0 0 1</matrix>
                        <node id="node-Bone046" name="Bone046">
                          <matrix sid="matrix">0.9279255 -0.2364479 0.2881795 0.0625881 0.1528025 0.9464181 0.2845077 -1.19209e-7 -0.3400096 -0.2199672 0.9143353 4.05312e-6 0 0 0 1</matrix>
                          <node id="node-Bone047" name="Bone047">
                            <matrix sid="matrix">0.9307765 -0.3522971 0.09767815 0.06108773 0.1767201 0.6674609 0.723371 5.96046e-8 -0.3200378 -0.6560354 0.6835151 -1.19209e-7 0 0 0 1</matrix>
                            <node id="node-Bone048" name="Bone048">
                              <matrix sid="matrix">0.9457238 0.2372795 -0.2220472 0.07517123 -0.2280358 -0.002264633 -0.9736503 0 -0.23153 0.9714391 0.05196663 2.98023e-8 0 0 0 1</matrix>
                              <node id="node-Bone049" name="Bone049">
                                <matrix>0.8586525 0.1722121 -0.4827629 0.08048511 -0.4657757 0.6552923 -0.5946811 -1.19209e-7 0.2139394 0.7354833 0.6428801 0 0 0 0 1</matrix>
                              </node>
                            </node>
                          </node>
                        </node>
                      </node>
                    </node>
                    <node id="node-Bone014" name="Bone014">
                      <matrix sid="matrix">-0.0285563 -8.3372e-6 0.9995919 0.2221859 -0.9993598 0.02158327 -0.02854945 0.004512712 -0.02157423 -0.9997672 -6.24675e-4 -0.05774581 0 0 0 1</matrix>
                      <node id="node-Bone015" name="Bone015">
                        <matrix sid="matrix">0.896807 0.1569051 0.4136643 0.04459426 -0.1405726 0.9876037 -0.06984761 0 -0.4194955 0.004489934 0.9077467 -3.8147e-6 0 0 0 1</matrix>
                        <node id="node-Bone016" name="Bone016">
                          <matrix sid="matrix">0.807358 0.3848766 0.4472619 0.0517121 -0.228968 0.902943 -0.3636854 1.3411e-7 -0.5438265 0.1912157 0.8171225 2.38419e-7 0 0 0 1</matrix>
                          <node id="node-Bone017" name="Bone017">
                            <matrix sid="matrix">0.9567479 0.116491 0.2665769 0.06625271 -0.06032813 0.9758556 -0.209919 -7.45058e-9 -0.2845943 0.1847574 0.9406754 5.96046e-8 0 0 0 1</matrix>
                            <node id="node-Bone018" name="Bone018">
                              <matrix sid="matrix">0.9759772 -0.1837028 -0.1171409 0.07592642 0.2159834 0.7451128 0.6309981 1.04308e-7 -0.02863291 -0.6411404 0.7668894 -4.55976e-6 0 0 0 1</matrix>
                              <node id="node-Bone019" name="Bone019">
                                <matrix sid="matrix">0.9469504 -0.183834 -0.2636104 0.05424261 0.2948295 0.8233771 0.4848989 -4.47035e-8 0.1279097 -0.5368952 0.8338965 2.98023e-8 0 0 0 1</matrix>
                                <node id="node-Bone020" name="Bone020">
                                  <matrix>0.7088868 -0.5135251 -0.4834985 0.1070501 0.4797029 -0.1515179 0.8642494 -2.98023e-8 -0.5170727 -0.8445907 0.1389304 -5.96046e-8 0 0 0 1</matrix>
                                </node>
                              </node>
                            </node>
                          </node>
                        </node>
                      </node>
                    </node>
                    <node id="node-Bone006" name="Bone006">
                      <matrix sid="matrix">0.196101 3.03887e-4 0.9805839 0.2309457 -0.97891 0.05846678 0.1957482 0.03429446 -0.05727208 -0.9982895 0.01176287 -0.0269171 0 0 0 1</matrix>
                      <node id="node-Bone007" name="Bone007">
                        <matrix sid="matrix">0.911742 -0.01389654 0.4105283 0.04605401 0.01378811 0.9998999 0.003225002 1.11759e-8 -0.410532 0.002720043 0.9118421 0 0 0 0 1</matrix>
                        <node id="node-Bone008" name="Bone008">
                          <matrix sid="matrix">0.9392205 0.1157618 0.323209 0.04755574 -0.1007169 0.9929213 -0.06295338 3.72529e-9 -0.3282086 0.02657449 0.9442317 -1.19209e-7 0 0 0 1</matrix>
                          <node id="node-Bone009" name="Bone009">
                            <matrix sid="matrix">0.9081764 5.37127e-4 0.4185878 0.05169487 -4.13131e-4 1 -3.86829e-4 1.11759e-8 -0.4185878 1.78374e-4 0.9081764 -2.38419e-7 0 0 0 1</matrix>
                            <node id="node-Bone010" name="Bone010">
                              <matrix sid="matrix">0.925293 -0.2774268 0.2585874 0.0660634 0.1212494 0.8624434 0.4914156 -7.45058e-8 -0.3593489 -0.4233498 0.8316507 1.19209e-7 0 0 0 1</matrix>
                              <node id="node-Bone011" name="Bone011">
                                <matrix sid="matrix">0.958926 -0.2158876 -0.1839909 0.06010842 0.2630452 0.4340729 0.8616194 1.04308e-7 -0.1061473 -0.8746275 0.4730322 0 0 0 0 1</matrix>
                                <node id="node-Bone012" name="Bone012">
                                  <matrix sid="matrix">0.9670135 -0.1913369 -0.1681522 0.05975711 0.2544752 0.7549052 0.6044502 8.34465e-7 0.01128542 -0.6273021 0.7786941 -1.49012e-7 0 0 0 1</matrix>
                                  <node id="node-Bone013" name="Bone013">
                                    <matrix>0.8543545 -0.001355834 -0.5196888 0.05263495 0.002830297 0.9999942 0.002044015 -6.70552e-8 0.5196829 -0.003217135 0.8543533 4.17233e-7 0 0 0 1</matrix>
                                  </node>
                                </node>
                              </node>
                            </node>
                          </node>
                        </node>
                      </node>
                    </node>
                    <node id="node-Bone021" name="Bone021">
                      <matrix>0.4470656 -1.45286e-7 0.8945011 0.2271243 -0.8945013 6.32461e-6 0.4470657 0.05075832 -5.72391e-6 -1 2.70084e-6 1.22935e-7 0 0 0 1</matrix>
                      <node id="node-Bone022" name="Bone022">
                        <matrix sid="matrix">0.9063691 2.54674e-4 0.422487 0.03557789 -1.39162e-4 1 -3.04241e-4 -1.11759e-8 -0.422487 2.16959e-4 0.906369 0 0 0 0 1</matrix>
                        <node id="node-Bone023" name="Bone023">
                          <matrix sid="matrix">0.9613395 -1.2462e-4 0.2753658 0.04570848 1.11093e-4 1 6.47195e-5 -7.45058e-9 -0.2753658 -3.16296e-5 0.9613394 -1.19209e-7 0 0 0 1</matrix>
                          <node id="node-Bone024" name="Bone024">
                            <matrix sid="matrix">0.8313944 2.05361e-5 0.5556839 0.05609787 -8.60225e-5 1 9.17502e-5 1.49012e-8 -0.5556839 -1.24082e-4 0.8313944 -2.14577e-6 0 0 0 1</matrix>
                            <node id="node-Bone025" name="Bone025">
                              <matrix sid="matrix">0.9057193 1.06182e-4 0.4238773 0.06339753 -1.33881e-4 1 3.55719e-5 1.11759e-8 -0.4238773 -8.89692e-5 0.9057194 7.15256e-7 0 0 0 1</matrix>
                              <node id="node-Bone026" name="Bone026">
                                <matrix sid="matrix">0.9644347 7.17118e-7 0.2643222 0.06756556 3.58522e-5 1 -1.33525e-4 3.72529e-9 -0.2643222 1.38254e-4 0.9644349 9.53674e-7 0 0 0 1</matrix>
                                <node id="node-Bone027" name="Bone027">
                                  <matrix sid="matrix">0.9818035 -9.33446e-5 -0.1898993 0.07909286 1.03028e-4 1 4.11067e-5 3.72529e-9 0.1898993 -5.9925e-5 0.9818035 -5.06639e-7 0 0 0 1</matrix>
                                  <node id="node-Bone028" name="Bone028">
                                    <matrix>0.9998927 2.05263e-6 0.01466203 0.07343221 -1.90735e-6 1 -1.03721e-5 0 -0.01466206 1.03414e-5 0.9998927 5.96046e-8 0 0 0 1</matrix>
                                  </node>
                                </node>
                              </node>
                            </node>
                          </node>
                        </node>
                      </node>
                    </node>
                    <node id="node-Bone029" name="Bone029">
                      <matrix sid="matrix">0.196101 3.04768e-4 0.9805838 0.2309458 -0.97891 -0.05833896 0.1957846 0.03429434 0.05726587 -0.9982969 -0.01114199 0.02691687 0 0 0 1</matrix>
                      <node id="node-Bone030" name="Bone030">
                        <matrix sid="matrix">0.9117735 0.01406085 0.4104527 0.04605368 -0.01397468 0.999897 -0.003210252 -6.70552e-8 -0.4104556 -0.002808923 0.9118761 -3.93391e-6 0 0 0 1</matrix>
                        <node id="node-Bone031" name="Bone031">
                          <matrix sid="matrix">0.9391778 -0.1158389 0.3233056 0.04755455 0.10079 0.9929134 0.06296878 1.11759e-8 -0.3283086 -0.02655292 0.9441972 1.19209e-7 0 0 0 1</matrix>
                          <node id="node-Bone032" name="Bone032">
                            <matrix sid="matrix">0.9038388 0.04114107 0.4258916 0.05169511 -0.02628708 0.9988254 -0.04069936 -3.72529e-9 -0.427066 0.02559018 0.9038587 2.38419e-7 0 0 0 1</matrix>
                            <node id="node-Bone033" name="Bone033">
                              <matrix sid="matrix">0.93522 0.2103773 0.2847888 0.06606328 -0.09204926 0.9211439 -0.37818 3.72529e-9 -0.3418922 0.327467 0.8808373 0 0 0 0 1</matrix>
                              <node id="node-Bone034" name="Bone034">
                                <matrix sid="matrix">0.9540019 0.2208818 -0.2027108 0.06010926 -0.2727419 0.3587165 -0.8927118 2.23517e-8 -0.124468 0.9069368 0.4024598 0 0 0 0 1</matrix>
                                <node id="node-Bone035" name="Bone035">
                                  <matrix sid="matrix">0.964022 0.1841904 -0.191664 0.05975616 -0.2622885 0.7762701 -0.5732438 -1.49012e-8 0.04319701 0.6028905 0.7966533 -5.96046e-8 0 0 0 1</matrix>
                                  <node id="node-Bone036" name="Bone036">
                                    <matrix>0.8694144 0.01521918 -0.4938493 0.05263555 -0.02966283 0.9993309 -0.02142408 -1.49012e-8 0.4931927 0.03327531 0.8692833 0 0 0 0 1</matrix>
                                  </node>
                                </node>
                              </node>
                            </node>
                          </node>
                        </node>
                      </node>
                    </node>
                    <node id="node-Bone037" name="Bone037">
                      <matrix sid="matrix">-0.03298484 -3.3807e-6 0.9994559 0.2221859 -0.9989762 -0.0309757 -0.03296913 0.004512429 0.03095895 -0.9995204 0.001018349 0.05774581 0 0 0 1</matrix>
                      <node id="node-Bone038" name="Bone038">
                        <matrix sid="matrix">0.8929604 -0.1233641 0.4329016 0.04459453 0.1167081 0.9922763 0.042032 5.21541e-8 -0.4347434 0.01299021 0.9004611 -1.19209e-7 0 0 0 1</matrix>
                        <node id="node-Bone039" name="Bone039">
                          <matrix sid="matrix">0.8104689 -0.3801898 0.4456402 0.05171013 0.2161354 0.9011694 0.3757381 7.45058e-9 -0.5444493 -0.2082056 0.812542 -1.66893e-6 0 0 0 1</matrix>
                          <node id="node-Bone040" name="Bone040">
                            <matrix sid="matrix">0.9647971 -0.1429965 0.2207223 0.06625342 0.07898542 0.9580687 0.2754384 -1.49012e-8 -0.2508537 -0.2483084 0.9356364 0 0 0 0 1</matrix>
                            <node id="node-Bone041" name="Bone041">
                              <matrix sid="matrix">0.9759366 0.1838078 -0.1173172 0.07592797 -0.2161769 0.7450743 -0.6309773 2.08616e-7 -0.02856857 0.6411551 0.7668797 -2.98023e-8 0 0 0 1</matrix>
                              <node id="node-Bone042" name="Bone042">
                                <matrix sid="matrix">0.944967 0.2402152 -0.2221106 0.05424118 -0.3176823 0.8359798 -0.4474537 1.86265e-8 0.07819483 0.4933896 0.8662862 2.08616e-7 0 0 0 1</matrix>
                                <node id="node-Bone043" name="Bone043">
                                  <matrix>0.7633408 0.438169 -0.4746784 0.1070513 -0.446745 -0.1726973 -0.8778356 -3.91155e-8 -0.4666158 0.8821476 0.06392293 5.96046e-8 0 0 0 1</matrix>
                                </node>
                              </node>
                            </node>
                          </node>
                        </node>
                      </node>
                    </node>
                    <node id="node-Bone055" name="Bone055">
                      <matrix sid="matrix">-0.09140572 -2.93367e-7 0.9958143 0.2017386 -0.9919922 -0.0875259 -0.091055 0.01348099 0.08715954 -0.9961622 0.00800008 0.06964707 0 0 0 1</matrix>
                      <node id="node-Bone056" name="Bone056">
                        <matrix sid="matrix">0.7861681 -0.119335 0.6063815 0.07249783 0.0876961 0.9927928 0.08168282 3.57628e-7 -0.6117589 -0.01103913 0.790967 0 0 0 0 1</matrix>
                        <node id="node-Bone057" name="Bone057">
                          <matrix sid="matrix">0.9220456 0.2822251 0.2649163 0.062585 -0.1853569 0.9227489 -0.337901 -3.27826e-7 -0.3398153 0.2624561 0.9031292 1.78814e-7 0 0 0 1</matrix>
                          <node id="node-Bone058" name="Bone058">
                            <matrix sid="matrix">0.9331084 0.3402646 0.1163142 0.06108952 -0.1721921 0.7067619 -0.6861762 3.35276e-8 -0.3156878 0.6202486 0.7180761 1.19209e-7 0 0 0 1</matrix>
                            <node id="node-Bone059" name="Bone059">
                              <matrix sid="matrix">0.9435157 -0.243268 -0.2249421 0.07517004 0.2282362 -0.0149413 0.9734909 8.9407e-8 -0.2401801 -0.9698442 0.0414252 0 0 0 0 1</matrix>
                              <node id="node-Bone060" name="Bone060">
                                <matrix>0.8586498 -0.1722088 -0.4827678 0.08048642 0.465779 0.655285 0.5946858 7.45058e-8 0.2139405 -0.7354899 0.6428716 -5.96046e-8 0 0 0 1</matrix>
                              </node>
                            </node>
                          </node>
                        </node>
                      </node>
                    </node>
                    <node id="node-Bone061" name="Bone061">
                      <matrix sid="matrix">-0.2765531 5.59725e-7 0.9609986 0.1766738 -0.937687 -0.2189246 -0.2698442 0.01386437 0.2103861 -0.9757421 0.06054477 0.08004999 0 0 0 1</matrix>
                      <node id="node-Bone062" name="Bone062">
                        <matrix sid="matrix">0.8800435 0.0314892 0.4738475 0.06630635 -0.02342632 0.999463 -0.02291054 5.96046e-8 -0.4743145 0.009061769 0.8803089 -1.90735e-6 0 0 0 1</matrix>
                        <node id="node-Bone063" name="Bone063">
                          <matrix sid="matrix">0.8984077 0.409334 0.1590899 0.05577606 -0.2857609 0.8199585 -0.4959926 -1.49012e-8 -0.333474 0.4001417 0.8536288 5.96046e-8 0 0 0 1</matrix>
                          <node id="node-Bone064" name="Bone064">
                            <matrix sid="matrix">0.8135849 0.4383326 -0.3820261 0.05538905 -0.1488167 -0.4781654 -0.8655696 -2.98023e-8 -0.5620794 0.7610665 -0.3237967 0 0 0 0 1</matrix>
                            <node id="node-Bone065" name="Bone065">
                              <matrix>0.8752897 0.08609424 -0.4758735 0.05682147 -0.3054108 0.8613696 -0.4059147 7.45058e-9 0.374956 0.5006298 0.7802421 2.98023e-8 0 0 0 1</matrix>
                            </node>
                          </node>
                        </node>
                      </node>
                    </node>
                    <node id="node-Bone077" name="Bone077">
                      <matrix sid="matrix">-0.01110668 8.19564e-7 0.9999384 0.1375991 -0.8724464 -0.4886142 -0.00969018 0.03142531 0.488584 -0.8725001 0.005427593 0.05968321 0 0 0 1</matrix>
                      <node id="node-Bone078" name="Bone078">
                        <matrix sid="matrix">0.7042179 -0.4952816 0.5086977 0.06178033 0.3975204 0.8687128 0.2954926 4.91738e-7 -0.5882642 -0.005873384 0.8086476 4.37498e-5 0 0 0 1</matrix>
                        <node id="node-Bone079" name="Bone079">
                          <matrix sid="matrix">0.7459109 -0.654939 0.1211267 0.1102705 0.423897 0.607083 0.6721318 -7.45058e-9 -0.5137396 -0.4500052 0.7304561 5.96046e-8 0 0 0 1</matrix>
                          <node id="node-Bone080" name="Bone080">
                            <matrix sid="matrix">0.8926578 0.2531849 0.3729069 0.1663147 -0.1483178 0.9462521 -0.2874171 4.47035e-8 -0.4256336 0.2012563 0.8822315 5.96046e-8 0 0 0 1</matrix>
                            <node id="node-Bone081" name="Bone081">
                              <matrix>0.9320754 0.1246797 -0.3401322 0.1379909 -0.1721552 -0.6736668 -0.7187041 -1.49012e-8 -0.3187434 0.728442 -0.6064445 -2.98023e-8 0 0 0 1</matrix>
                            </node>
                          </node>
                        </node>
                      </node>
                    </node>
                    <node id="node-Bone066" name="Bone066">
                      <matrix sid="matrix">-0.2908011 -2.75671e-7 0.9567834 0.1378932 -0.9335833 0.2188804 -0.2837496 0.009998903 -0.2094211 -0.9757517 -0.06365092 -0.07983376 0 0 0 1</matrix>
                      <node id="node-Bone067" name="Bone067">
                        <matrix sid="matrix">0.7965986 0.4133027 0.4411483 0.081056 -0.3324227 0.9090159 -0.2513689 -5.96046e-8 -0.5049021 0.05359238 0.8615115 -3.09944e-6 0 0 0 1</matrix>
                        <node id="node-Bone068" name="Bone068">
                          <matrix sid="matrix">0.9018517 0.4028896 0.1560251 0.064134 -0.2337514 0.7587151 -0.608039 -2.30968e-7 -0.3633516 0.5118901 0.7784239 1.78814e-7 0 0 0 1</matrix>
                          <node id="node-Bone069" name="Bone069">
                            <matrix sid="matrix">0.999895 0.01424557 0.002567977 0.08350706 -0.01418541 0.999655 -0.02209 -4.47035e-8 -0.002881736 0.02205128 0.9997526 -5.96046e-8 0 0 0 1</matrix>
                            <node id="node-Bone070" name="Bone070">
                              <matrix sid="matrix">0.9642992 -0.1501718 0.218116 0.08289558 0.09693487 0.9666644 0.2369899 1.49012e-8 -0.2464339 -0.2073865 0.9467105 2.98023e-8 0 0 0 1</matrix>
                              <node id="node-Bone071" name="Bone071">
                                <matrix sid="matrix">0.9585591 -0.1122217 0.2618614 0.06400186 0.03558931 0.9591187 0.2807575 0 -0.2826634 -0.259803 0.9233657 -2.98023e-8 0 0 0 1</matrix>
                                <node id="node-Bone072" name="Bone072">
                                  <matrix>0.9640759 -0.03288296 -0.2635826 0.07497585 0.2330034 -0.3717678 0.8986084 1.49012e-8 -0.1275405 -0.927743 -0.3507505 1.49012e-8 0 0 0 1</matrix>
                                </node>
                              </node>
                            </node>
                          </node>
                        </node>
                      </node>
                    </node>
                    <node id="node-Bone073" name="Bone073">
                      <matrix sid="matrix">-0.2925557 1.41561e-7 0.9562488 0.0924896 -0.954704 0.0568094 -0.2920834 -0.03078888 -0.05432393 -0.998385 -0.01661977 -0.07006145 0 0 0 1</matrix>
                      <node id="node-Bone074" name="Bone074">
                        <matrix sid="matrix">0.6386525 0.465979 0.6123614 0.05861652 -0.2161148 0.8723846 -0.4384513 7.45058e-9 -0.7385232 0.1476777 0.6578559 0 0 0 0 1</matrix>
                        <node id="node-Bone075" name="Bone075">
                          <matrix sid="matrix">0.9669535 -0.2549274 -0.003664136 0.08270776 0.224548 0.8447397 0.4857914 -7.45058e-9 -0.1207463 -0.4705601 0.8740677 -5.96046e-8 0 0 0 1</matrix>
                          <node id="node-Bone076" name="Bone076">
                            <matrix>0.9027887 -0.3799328 -0.2015529 0.1038883 0.1286857 -0.2085411 0.9695107 7.45058e-9 -0.4103808 -0.9011999 -0.1393767 -1.78814e-7 0 0 0 1</matrix>
                          </node>
                        </node>
                      </node>
                    </node>
                    <node id="node-Bone082" name="Bone082">
                      <matrix sid="matrix">-0.3109646 1.6354e-6 0.9504218 0.09530377 -0.9488871 -0.05680126 -0.3104625 -0.03142175 0.05398461 -0.9983857 0.01766473 0.06847608 0 0 0 1</matrix>
                      <node id="node-Bone083" name="Bone083">
                        <matrix sid="matrix">0.6710376 -0.4340983 0.6010546 0.05861518 0.1826907 0.8824912 0.4333972 2.19792e-7 -0.7185626 -0.1810188 0.6714906 4.76837e-6 0 0 0 1</matrix>
                        <node id="node-Bone084" name="Bone084">
                          <matrix sid="matrix">0.9794438 0.1983241 0.0368461 0.08271182 -0.1548622 0.8563327 -0.492659 4.47035e-8 -0.1292585 0.4768257 0.8694425 1.19209e-7 0 0 0 1</matrix>
                          <node id="node-Bone085" name="Bone085">
                            <matrix sid="matrix">0.9224755 0.3759279 -0.08784841 0.1038883 -0.1378159 0.1081096 -0.9845397 -1.19209e-7 -0.3606189 0.9203205 0.1515372 -1.49012e-7 0 0 0 1</matrix>
                            <node id="node-Bone086" name="Bone086">
                              <matrix>0.9832616 0.04322934 -0.1769953 0.1096957 -0.123718 0.8715612 -0.4744205 1.93715e-7 0.1337534 0.4883772 0.8623211 2.98023e-8 0 0 0 1</matrix>
                            </node>
                          </node>
                        </node>
                      </node>
                    </node>
                  </node>
                </node>
                <node id="node-Bip001_backpack_01" name="Bip001_backpack_01">
                  <matrix sid="matrix">-0.977298 0.211777 -0.006306215 0.2015981 -0.2117816 -0.9773172 5.4948e-5 -0.08787864 -0.006151557 0.001389235 0.9999801 -6.37025e-7 0 0 0 1</matrix>
                  <node id="node-Bip001_rope_01" name="Bip001_rope_01">
                    <matrix sid="matrix">0.9298024 -0.3673947 -0.02209401 0.424123 -0.3582955 -0.9172415 0.1740452 0.08793247 -0.08420889 -0.1539114 -0.9844896 0.09921899 0 0 0 1</matrix>
                    <node id="node-Bip001_rope_02" name="Bip001_rope_02">
                      <matrix sid="matrix">0.9993048 -0.02538544 0.02730374 0.09590003 -0.02653819 -0.9987342 0.0427279 8.33273e-5 0.02618451 -0.0434228 -0.9987136 3.62098e-6 0 0 0 1</matrix>
                      <node id="node-Bip001_rope_03" name="Bip001_rope_03">
                        <matrix sid="matrix">0.9983659 -0.04391941 -0.03656307 0.1048735 0.03746808 0.9861613 -0.1615002 -1.02401e-4 0.04315004 0.1598663 0.9861951 -0.00104259 0 0 0 1</matrix>
                      </node>
                    </node>
                  </node>
                  <node id="node-Bip001_Xtra17" name="Bip001_Xtra17">
                    <matrix>-0.04419938 -0.7063962 -0.7064353 0.155149 0.9990226 -0.03164941 -0.03085799 0.1124569 -5.60291e-4 -0.7071087 0.7071047 6.88359e-5 0 0 0 1</matrix>
                    <node id="node-Bip001_Xtra18" name="Bip001_Xtra18">
                      <matrix>0.9999999 1.49012e-8 0 0.02474701 0 1 2.96161e-7 -2.24859e-5 -1.49012e-8 -3.14787e-7 1 0 0 0 0 1</matrix>
                    </node>
                    <node id="node-Bip001_Xtra19" name="Bip001_Xtra19">
                      <matrix>0.9999994 -7.96378e-4 7.98255e-4 0.02904594 -7.96363e-4 -0.9999998 -1.56835e-6 0.02995086 7.9824e-4 8.27014e-7 -0.9999998 -7.49081e-5 0 0 0 1</matrix>
                    </node>
                    <node id="node-Bip001_Xtra20" name="Bip001_Xtra20">
                      <matrix>0.9999917 -0.003981292 7.88867e-4 0.02889752 0.003981292 0.9999921 6.2827e-6 -0.03234427 -7.8889e-4 -3.15718e-6 0.9999998 -7.5087e-5 0 0 0 1</matrix>
                    </node>
                  </node>
                  <node id="node-Bip001_Xtra01" name="Bip001_Xtra01">
                    <matrix sid="matrix">0.9986433 -0.05201098 0.002539317 0.2139936 0.05200966 0.9986463 6.05619e-4 0.05374002 -0.002567359 -4.72721e-4 0.9999967 0.1710362 0 0 0 1</matrix>
                  </node>
                  <node id="node-Bip001_Xtra01Opp" name="Bip001_Xtra01Opp">
                    <matrix sid="matrix">0.998015 -0.0620053 0.01101912 0.2139948 0.06199569 0.9980756 0.001209635 0.05373991 -0.01107294 -5.24096e-4 0.9999385 -0.1722648 0 0 0 1</matrix>
                  </node>
                </node>
                <node id="node-Bip001_L_Clavicle" name="Bip001_L_Clavicle">
                  <matrix sid="matrix">-0.1281998 -7.44641e-4 0.9917482 0.1406267 -0.3513237 -0.9351178 -0.04611647 0.02467203 0.9274355 -0.3543367 0.1196202 0.05035807 0 0 0 1</matrix>
                  <node id="node-Bip001_L_UpperArm" name="Bip001_L_UpperArm">
                    <matrix sid="matrix">0.3946318 0.7578953 0.5194808 0.17644 -0.8033467 0.5590085 -0.2052888 0 -0.4459817 -0.3363098 0.8294553 0 0 0 0 1</matrix>
                    <node id="node-Bip001_L_Forearm" name="Bip001_L_Forearm">
                      <matrix sid="matrix">0.06387869 0.9979578 -2.98023e-8 0.302225 -0.9979575 0.06387866 -2.98023e-8 0 -4.47035e-8 2.98023e-8 1 0 0 0 0 1</matrix>
                      <node id="node-Bip001_L_Hand" name="Bip001_L_Hand">
                        <matrix sid="matrix">0.8837453 -0.0475521 -0.465546 0.3035221 0.4440226 -0.2289448 0.8662726 2.98023e-8 -0.1477774 -0.9722774 -0.1812146 5.96046e-8 0 0 0 1</matrix>
                        <node id="node-Bip001_L_Finger0" name="Bip001_L_Finger0">
                          <matrix sid="matrix">0.7808206 0.4571763 0.4258032 0.01779103 0.4777049 0.002348587 -0.878517 0.01367193 -0.402638 0.8893722 -0.216562 -0.02770391 0 0 0 1</matrix>
                          <node id="node-Bip001_L_Finger01" name="Bip001_L_Finger01">
                            <matrix sid="matrix">0.9399819 -0.3412245 2.9818e-4 0.05085596 0.3412245 0.9399816 -8.00505e-4 -5.96046e-8 -7.15256e-6 8.54239e-4 0.9999996 0 0 0 0 1</matrix>
                            <node id="node-Bip001_L_Finger02" name="Bip001_L_Finger02">
                              <matrix sid="matrix">0.8832185 -0.4689343 0.005052611 0.03437001 0.4689616 0.883167 -0.009535499 2.98023e-8 9.19402e-6 0.01079146 0.9999418 2.98023e-8 0 0 0 1</matrix>
                            </node>
                          </node>
                        </node>
                        <node id="node-Bip001_L_Finger1" name="Bip001_L_Finger1">
                          <matrix sid="matrix">0.9421898 -0.2515205 0.2213941 0.08567595 0.3265597 0.8373 -0.4385056 -0.005999714 -0.07508048 0.4854538 0.8710322 -0.02973527 0 0 0 1</matrix>
                          <node id="node-Bip001_L_Finger11" name="Bip001_L_Finger11">
                            <matrix sid="matrix">0.9561216 -0.2929704 -5.96046e-8 0.05795401 0.2929704 0.9561215 -3.72529e-9 0 0 7.45058e-9 1 0 0 0 0 1</matrix>
                            <node id="node-Bip001_L_Finger12" name="Bip001_L_Finger12">
                              <matrix sid="matrix">0.9782761 -0.2073058 2.98023e-8 0.03285098 0.2073058 0.9782764 7.45058e-9 0 0 -1.49012e-8 1 2.98023e-8 0 0 0 1</matrix>
                            </node>
                          </node>
                        </node>
                        <node id="node-Bip001_L_Finger2" name="Bip001_L_Finger2">
                          <matrix sid="matrix">0.9099867 -0.4107481 0.05666199 0.09032297 0.414623 0.9026114 -0.1156754 -0.01052225 -0.003631026 0.1287561 0.9916695 -0.005256593 0 0 0 1</matrix>
                          <node id="node-Bip001_L_Finger21" name="Bip001_L_Finger21">
                            <matrix sid="matrix">0.9248531 -0.3803246 0 0.05795395 0.3803247 0.924853 1.49012e-8 0 -2.98023e-8 -1.49012e-8 1 0 0 0 0 1</matrix>
                            <node id="node-Bip001_L_Finger22" name="Bip001_L_Finger22">
                              <matrix sid="matrix">0.9723516 -0.2335214 -2.98023e-8 0.04148108 0.2335214 0.9723517 0 -5.96046e-8 5.96046e-8 0 1 -2.98023e-8 0 0 0 1</matrix>
                            </node>
                          </node>
                        </node>
                        <node id="node-Bip001_L_Finger3" name="Bip001_L_Finger3">
                          <matrix sid="matrix">0.8437887 -0.5217917 -0.1255117 0.08558699 0.5360594 0.8306484 0.1505466 -0.009840518 0.02570161 -0.1943114 0.9806035 0.02070284 0 0 0 1</matrix>
                          <node id="node-Bip001_L_Finger31" name="Bip001_L_Finger31">
                            <matrix sid="matrix">0.9207934 -0.3900506 0 0.05795401 0.3900506 0.9207934 -1.49012e-8 0 4.47035e-8 -2.98023e-8 0.9999999 5.96046e-8 0 0 0 1</matrix>
                            <node id="node-Bip001_L_Finger32" name="Bip001_L_Finger32">
                              <matrix sid="matrix">0.884097 -0.4673034 2.98023e-8 0.03192699 0.4673036 0.8840971 2.98023e-8 2.98023e-8 -4.84288e-8 2.98023e-8 1 -2.98023e-8 0 0 0 1</matrix>
                            </node>
                          </node>
                        </node>
                        <node id="node-Bip001_L_Finger4" name="Bip001_L_Finger4">
                          <matrix sid="matrix">0.8470811 -0.3881949 -0.3629862 0.08973402 0.4792495 0.8531644 0.2059859 -0.004826844 0.2297241 -0.3484471 0.9087421 0.04668486 0 0 0 1</matrix>
                          <node id="node-Bip001_L_Finger41" name="Bip001_L_Finger41">
                            <matrix sid="matrix">0.8490503 -0.5283121 7.45058e-9 0.0349679 0.5283121 0.8490502 1.86265e-8 2.98023e-8 1.04308e-7 -2.23517e-8 1 0 0 0 0 1</matrix>
                            <node id="node-Bip001_L_Finger42" name="Bip001_L_Finger42">
                              <matrix sid="matrix">0.903693 -0.4281809 -3.72529e-8 0.02205002 0.428181 0.9036931 2.23517e-8 -2.98023e-8 -8.75443e-8 5.96046e-8 1 2.98023e-8 0 0 0 1</matrix>
                            </node>
                          </node>
                        </node>
                      </node>
                    </node>
                    <node id="node-Bip001_L_ForeTwist" name="Bip001_L_ForeTwist">
                      <matrix sid="matrix">0.06387869 0.9966319 0.05142577 0.302225 -0.9979575 0.06379381 0.003291726 0 -4.47035e-8 -0.05153099 0.9986715 0 0 0 0 1</matrix>
                      <node id="node-Bip001_L_ForeTwist1" name="Bip001_L_ForeTwist1">
                        <matrix sid="matrix">1 0 4.47035e-8 0.101174 2.98023e-8 0.9986715 0.05153097 0 0 -0.05153105 0.9986713 0 0 0 0 1</matrix>
                        <node id="node-Bip001_L_ForeTwist2" name="Bip001_L_ForeTwist2">
                          <matrix sid="matrix">1 -2.98023e-8 -5.96046e-8 0.1011739 0 0.9986713 0.05153106 -5.96046e-8 -2.98023e-8 -0.051531 0.9986713 0 0 0 0 1</matrix>
                        </node>
                      </node>
                    </node>
                  </node>
                  <node id="node-Bip001_LUpArmTwist" name="Bip001_LUpArmTwist">
                    <matrix sid="matrix">0.3946318 0.7578953 0.5194808 0.17644 -0.8033467 0.5590085 -0.2052888 0 -0.4459817 -0.3363098 0.8294553 0 0 0 0 1</matrix>
                    <node id="node-Bip001_LUpArmTwist1" name="Bip001_LUpArmTwist1">
                      <matrix>1 -2.98023e-8 -2.98023e-8 0.1007417 0 1 -2.98023e-8 0 2.98023e-8 -2.98023e-8 1 5.96046e-8 0 0 0 1</matrix>
                      <node id="node-Bip001_LUpArmTwist2" name="Bip001_LUpArmTwist2">
                        <matrix>1 -2.98023e-8 -2.98023e-8 0.1007417 0 1 -2.98023e-8 0 2.98023e-8 -2.98023e-8 1 -5.96046e-8 0 0 0 1</matrix>
                      </node>
                    </node>
                  </node>
                </node>
                <node id="node-Bip001_R_Clavicle" name="Bip001_R_Clavicle">
                  <matrix sid="matrix">-0.2063481 -7.85291e-4 -0.9784786 0.1406267 -0.1617314 -0.9862177 0.03489852 0.02467227 -0.96502 0.1654519 0.203377 -0.05035793 0 0 0 1</matrix>
                  <node id="node-Bip001_R_UpperArm" name="Bip001_R_UpperArm">
                    <matrix sid="matrix">0.4096637 -0.4579187 -0.7889778 0.17644 0.07054564 0.8781955 -0.4730706 0 0.9095048 0.1381409 0.3920692 0 0 0 0 1</matrix>
                    <node id="node-Bip001_R_Forearm" name="Bip001_R_Forearm">
                      <matrix sid="matrix">0.5697812 0.8217965 -2.98023e-8 0.302225 -0.8217964 0.5697814 0 0 0 -6.70552e-8 1 0 0 0 0 1</matrix>
                      <node id="node-Bip001_R_Hand" name="Bip001_R_Hand">
                        <matrix sid="matrix">0.9709753 -0.1839385 0.1528847 0.3035221 0.1540016 -0.008284919 -0.9880359 1.49012e-8 0.1830044 0.9829029 0.02028237 5.96046e-8 0 0 0 1</matrix>
                        <node id="node-Bip001_R_Finger0" name="Bip001_R_Finger0">
