<?xml version="1.0" encoding="utf-8"?>
<COLLADA xmlns="http://www.collada.org/2005/11/COLLADASchema" version="1.4.1">
  <asset>
    <contributor>
      <author>Setsu</author>
      <authoring_tool>OpenCOLLADA for 3ds Max;  Version: 1.3.1;  Revision: 847M;  Platform: x64;  Configuration: Release_Max2012_static</authoring_tool>
      <source_data>file:///D:/_Work/webgl/models/man/animation/melee/dodge_frw.max</source_data>
    </contributor>
    <created>2012-09-05T13:22:55</created>
    <modified>2012-09-05T13:22:55</modified>
    <unit name="meter" meter="1"/>
    <up_axis>Z_UP</up_axis>
  </asset>
  <library_lights>
    <light id="EnvironmentAmbientLight" name="EnvironmentAmbientLight">
      <technique_common>
        <ambient>
          <color>0.019608 0.019608 0.019608</color>
        </ambient>
      </technique_common>
    </light>
  </library_lights>
  <library_visual_scenes>
    <visual_scene id="MaxScene">
      <node name="EnvironmentAmbientLight">
        <instance_light url="#EnvironmentAmbientLight"/>
      </node>
      <node id="node-Bip001" name="Bip001">
        <matrix sid="matrix">-0.5723473 0.8200114 -5.96046e-8 0 -0.7654353 -0.5342546 -0.358721 0.1118567 -0.2941553 -0.2053129 0.9334449 0.6535046 0 0 0 1</matrix>
        <node id="node-Bip001_Footsteps" name="Bip001_Footsteps">
          <matrix sid="matrix">-0.5723472 -0.7654354 -0.2941553 0.1913346 0.8200113 -0.5342546 -0.2053129 0.1335467 -4.47035e-8 -0.358721 0.9334449 -0.6071631 0 0 0 1</matrix>
        </node>
        <node id="node-Bip001_Pelvis" name="Bip001_Pelvis">
          <matrix sid="matrix">-0.04494379 0.9659262 0.2548857 -0.02733955 -0.1344771 -0.2586709 0.956559 1.10909e-4 0.989897 0.008715123 0.1415206 -0.005420804 0 0 0 1</matrix>
          <node id="node-Bip001_Spine" name="Bip001_Spine">
            <matrix sid="matrix">0.9865019 -0.1502842 -0.0650279 0.1045088 0.1238462 0.9445488 -0.3041211 0.01651335 0.1071265 0.2919624 0.9504113 0.01915026 0 0 0 1</matrix>
            <node id="node-Bip001_Spine1" name="Bip001_Spine1">
              <matrix sid="matrix">0.9848251 -0.1579477 -0.07191704 0.1646547 0.140588 0.9690279 -0.2030265 -1.27047e-4 0.1017572 0.1898348 0.9765286 -2.48998e-5 0 0 0 1</matrix>
              <node id="node-Bip001_Spine2" name="Bip001_Spine2">
                <matrix sid="matrix">0.8624967 -0.5051867 -0.02976335 0.1647002 0.491123 0.8497707 -0.191541 -1.11461e-4 0.122056 0.150586 0.9810331 -1.97589e-5 0 0 0 1</matrix>
                <node id="node-Bip001_Neck" name="Bip001_Neck">
                  <matrix sid="matrix">0.9803017 -0.1869298 0.06376392 0.1743733 0.193147 0.9747844 -0.1117566 -0.007501662 -0.04126539 0.121871 0.9916877 -7.38725e-6 0 0 0 1</matrix>
                  <node id="node-Bip001_Head" name="Bip001_Head">
                    <matrix sid="matrix">0.4276648 0.8882354 -0.1677509 0.08447999 -0.8985628 0.4379441 0.02810003 0.03011215 0.09842497 0.1387172 0.9854289 8.9407e-8 0 0 0 1</matrix>
                    <node id="node-Bip001_AngryBrowR" name="Bip001_AngryBrowR">
                      <matrix>0.001812086 -0.9852682 0.1710074 0.1354002 0.9995396 -0.003395721 -0.03015608 0.1043413 0.03029251 0.1709832 0.9848082 -0.01978299 0 0 0 1</matrix>
                    </node>
                    <node id="node-Bip001_SillyBrowL" name="Bip001_SillyBrowL">
                      <matrix>-0.004057229 -0.959719 -0.2809331 0.134617 0.7867899 0.1703331 -0.5932523 0.08548476 0.6172076 -0.2234423 0.754406 0.05988091 0 0 0 1</matrix>
                    </node>
                    <node id="node-Bip001_SillyBrowR" name="Bip001_SillyBrowR">
                      <matrix>-0.004056871 -0.9597204 0.2809277 0.1346172 0.7867938 0.1703287 0.5932485 0.08548506 -0.6172028 0.2234389 0.754411 -0.05988045 0 0 0 1</matrix>
                    </node>
                    <node id="node-Bip001_jaw" name="Bip001_jaw">
                      <matrix>0.3710407 -0.9275407 -0.04469161 0.0739423 0.8026186 0.3445303 -0.4869317 0.01053736 0.4670464 0.1448012 0.8722961 -1.20513e-5 0 0 0 1</matrix>
                      <node id="node-Bip001_lowerLipL" name="Bip001_lowerLipL">
                        <matrix>-0.8336915 -0.3554323 -0.4226423 0.1074511 0.3746176 -0.9263141 0.04004886 -0.03483582 -0.4057342 -0.1249408 0.9054112 0.009654507 0 0 0 1</matrix>
                      </node>
                      <node id="node-Bip001_lowerLipR" name="Bip001_lowerLipR">
                        <matrix>0.7819586 1.7453e-6 -0.6233306 0.1074493 -0.6233305 -4.02331e-6 -0.7819585 -0.03484035 -3.88175e-6 1 -2.04891e-6 -0.009658962 0 0 0 1</matrix>
                      </node>
                    </node>
                    <node id="node-Bip001_upperLipL" name="Bip001_upperLipL">
                      <matrix>1.13249e-6 -6.7018e-6 -1 0.04530871 1 3.35416e-6 1.17719e-6 0.116103 3.38396e-6 -1 6.64219e-6 0.00955525 0 0 0 1</matrix>
                    </node>
                    <node id="node-Bip001_upperLipR" name="Bip001_upperLipR">
                      <matrix>1.11759e-6 -1.22637e-5 1 0.04530883 1 -2.19187e-6 -1.19209e-6 0.1161031 2.16253e-6 1 1.21929e-5 -0.009554606 0 0 0 1</matrix>
                    </node>
                    <node id="node-Bip001_AngryBrowL" name="Bip001_AngryBrowL">
                      <matrix>0.001812071 -0.9852673 -0.1710128 0.1354003 0.9995397 -0.003394946 0.0301506 0.1043412 -0.03028697 -0.1709887 0.9848076 0.01978357 0 0 0 1</matrix>
                    </node>
                    <node id="node-Bone050" name="Bone050">
                      <matrix sid="matrix">-0.2718078 2.73548e-4 0.9623519 0.1766741 -0.9409115 0.2098332 -0.2658119 0.0138648 -0.202006 -0.9777373 -0.05677688 -0.08004201 0 0 0 1</matrix>
                      <node id="node-Bone051" name="Bone051">
                        <matrix sid="matrix">0.8727056 -0.06791883 0.4834995 0.06664184 0.05014542 0.9975088 0.04961218 1.49012e-8 -0.4856647 -0.01905157 0.8739374 0 0 0 0 1</matrix>
                        <node id="node-Bone052" name="Bone052">
                          <matrix sid="matrix">0.9062991 -0.3885389 0.1663121 0.05545187 0.2713675 0.8366484 0.475794 0 -0.3240089 -0.38608 0.8636904 0 0 0 0 1</matrix>
                          <node id="node-Bone053" name="Bone053">
                            <matrix sid="matrix">0.818311 -0.4358566 -0.3746943 0.05517268 0.1428949 -0.4771592 0.8671216 1.49012e-8 -0.5567293 -0.7631173 -0.3281834 -5.96046e-8 0 0 0 1</matrix>
                            <node id="node-Bone054" name="Bone054">
                              <matrix sid="matrix">0.8138614 -0.1123602 -0.5700921 0.05649626 0.4602882 0.7234693 0.5145156 0 0.354633 -0.681151 0.6405218 1.49012e-8 0 0 0 1</matrix>
                            </node>
                          </node>
                        </node>
                      </node>
                    </node>
                    <node id="node-Bone044" name="Bone044">
                      <matrix sid="matrix">-0.09140617 -3.72529e-7 0.9958138 0.2017387 -0.9919919 0.0875321 -0.09105526 0.01348138 -0.08716561 -0.9961617 -0.00800135 -0.06964709 0 0 0 1</matrix>
                      <node id="node-Bone045" name="Bone045">
                        <matrix sid="matrix">0.7861627 0.1194515 0.6063656 0.07249831 -0.08783492 0.9927796 -0.08169393 2.75671e-7 -0.6117458 0.01096465 0.7909785 -1.43051e-6 0 0 0 1</matrix>
                        <node id="node-Bone046" name="Bone046">
                          <matrix sid="matrix">0.927833 -0.2365055 0.2884297 0.06258816 0.1527857 0.9464094 0.2845455 -1.04308e-7 -0.3402691 -0.2199426 0.9142444 4.05312e-6 0 0 0 1</matrix>
                          <node id="node-Bone047" name="Bone047">
                            <matrix sid="matrix">0.9308143 -0.3522177 0.0976059 0.06108761 0.1767088 0.6674544 0.7233799 4.47035e-8 -0.3199346 -0.6560845 0.6835161 -1.78814e-7 0 0 0 1</matrix>
                            <node id="node-Bone048" name="Bone048">
                              <matrix sid="matrix">0.9457323 0.23733 -0.2219571 0.07517111 -0.2279812 -0.002116802 -0.9736634 0 -0.2315492 0.9714269 0.0521047 0 0 0 0 1</matrix>
                              <node id="node-Bone049" name="Bone049">
                                <matrix sid="matrix">0.8586522 0.1722122 -0.4827631 0.08048499 -0.4657756 0.6552923 -0.5946812 -1.19209e-7 0.2139394 0.7354832 0.6428801 0 0 0 0 1</matrix>
                              </node>
                            </node>
                          </node>
                        </node>
                      </node>
                    </node>
                    <node id="node-Bone014" name="Bone014">
                      <matrix sid="matrix">-0.02850772 -8.61287e-6 0.9995933 0.222186 -0.9993614 0.02157709 -0.02850087 0.004512757 -0.02156806 -0.9997673 -6.23722e-4 -0.05774582 0 0 0 1</matrix>
                      <node id="node-Bone015" name="Bone015">
                        <matrix sid="matrix">0.8968303 0.156911 0.413611 0.04459427 -0.1405877 0.9876027 -0.06982981 1.49012e-8 -0.4194404 0.004476869 0.9077722 -3.69549e-6 0 0 0 1</matrix>
                        <node id="node-Bone016" name="Bone016">
                          <matrix sid="matrix">0.8073016 0.3848857 0.4473561 0.05171204 -0.2289573 0.9029482 -0.3636796 1.41561e-7 -0.5439144 0.1911736 0.8170737 0 0 0 0 1</matrix>
                          <node id="node-Bone017" name="Bone017">
                            <matrix sid="matrix">0.9567111 0.1163528 0.2667691 0.06625271 -0.06014492 0.9758644 -0.2099312 -7.45058e-9 -0.2847568 0.1847989 0.9406179 5.96046e-8 0 0 0 1</matrix>
                            <node id="node-Bone018" name="Bone018">
                              <matrix sid="matrix">0.975967 -0.1837499 -0.1171524 0.07592642 0.2160257 0.7450761 0.6310263 1.19209e-7 -0.02866349 -0.6411692 0.7668644 -4.55976e-6 0 0 0 1</matrix>
                              <node id="node-Bone019" name="Bone019">
                                <matrix sid="matrix">0.9469804 -0.1835697 -0.2636866 0.05424261 0.2946459 0.8234293 0.4849212 -3.72529e-8 0.1281102 -0.5369051 0.8338595 -2.98023e-8 0 0 0 1</matrix>
                                <node id="node-Bone020" name="Bone020">
                                  <matrix sid="matrix">0.7088867 -0.5135252 -0.4834986 0.1070501 0.4797029 -0.151518 0.8642494 0 -0.5170728 -0.8445906 0.1389304 0 0 0 0 1</matrix>
                                </node>
                              </node>
                            </node>
                          </node>
                        </node>
                      </node>
                    </node>
                    <node id="node-Bone006" name="Bone006">
                      <matrix sid="matrix">0.196101 3.04352e-4 0.9805841 0.2309458 -0.97891 0.05846691 0.1957481 0.03429444 -0.05727211 -0.9982894 0.01176335 -0.02691711 0 0 0 1</matrix>
                      <node id="node-Bone007" name="Bone007">
                        <matrix sid="matrix">0.9117424 -0.0141796 0.4105178 0.04605404 0.01409841 0.9998958 0.003225267 -3.72529e-9 -0.4105206 0.002847034 0.9118466 1.19209e-7 0 0 0 1</matrix>
                        <node id="node-Bone008" name="Bone008">
                          <matrix sid="matrix">0.9391783 0.1160574 0.3232256 0.04755574 -0.1010775 0.9928935 -0.06281354 1.11759e-8 -0.3282186 0.02632232 0.9442353 0 0 0 0 1</matrix>
                          <node id="node-Bone009" name="Bone009">
                            <matrix sid="matrix">0.9080993 6.65672e-4 0.4187548 0.05169487 -4.66814e-4 0.9999997 -5.77297e-4 0 -0.418755 3.28766e-4 0.9080993 0 0 0 0 1</matrix>
                            <node id="node-Bone010" name="Bone010">
                              <matrix sid="matrix">0.9253785 -0.2772855 0.2584325 0.06606328 0.121295 0.8625743 0.4911748 -8.19564e-8 -0.3591131 -0.423176 0.8318409 1.19209e-7 0 0 0 1</matrix>
                              <node id="node-Bone011" name="Bone011">
                                <matrix sid="matrix">0.9589269 -0.2157841 -0.1841073 0.06010842 0.2630792 0.4339058 0.861693 1.04308e-7 -0.1060542 -0.8747358 0.4728525 0 0 0 0 1</matrix>
                                <node id="node-Bone012" name="Bone012">
                                  <matrix sid="matrix">0.966865 -0.1918156 -0.1684611 0.05975711 0.2550428 0.7547321 0.6044274 8.64267e-7 0.0112043 -0.6273642 0.7786452 -1.49012e-7 0 0 0 1</matrix>
                                  <node id="node-Bone013" name="Bone013">
                                    <matrix sid="matrix">0.8543546 -0.001355834 -0.519689 0.05263507 0.002830379 0.9999942 0.002044037 -1.04308e-7 0.5196829 -0.003217155 0.8543533 4.47035e-7 0 0 0 1</matrix>
                                  </node>
                                </node>
                              </node>
                            </node>
                          </node>
                        </node>
                      </node>
                    </node>
                    <node id="node-Bone021" name="Bone021">
                      <matrix sid="matrix">0.4470656 -1.45286e-7 0.8945012 0.2271243 -0.8945013 6.32461e-6 0.4470657 0.05075829 -5.72391e-6 -1 2.69525e-6 1.19209e-7 0 0 0 1</matrix>
                      <node id="node-Bone022" name="Bone022">
                        <matrix sid="matrix">0.9064241 1.33887e-4 0.4223689 0.03557792 -5.61913e-6 1 -3.04934e-4 -7.45058e-9 -0.4223689 2.74027e-4 0.9064241 1.19209e-7 0 0 0 1</matrix>
                        <node id="node-Bone023" name="Bone023">
                          <matrix sid="matrix">0.9613262 7.17295e-5 0.2754121 0.04570848 -8.29692e-5 1 2.91578e-5 -1.11759e-8 -0.2754121 -5.08837e-5 0.9613262 -1.19209e-7 0 0 0 1</matrix>
                          <node id="node-Bone024" name="Bone024">
                            <matrix sid="matrix">0.8314031 1.78336e-4 0.5556707 0.05609792 -1.50252e-4 0.9999999 -9.61293e-5 7.45058e-9 -0.5556709 -3.56883e-6 0.8314031 -2.26498e-6 0 0 0 1</matrix>
                            <node id="node-Bone025" name="Bone025">
                              <matrix sid="matrix">0.9055368 1.05971e-4 0.4242669 0.06339741 -1.30396e-4 0.9999999 2.85488e-5 7.45058e-9 -0.4242669 -8.11759e-5 0.9055367 6.55651e-7 0 0 0 1</matrix>
                              <node id="node-Bone026" name="Bone026">
                                <matrix sid="matrix">0.9644743 4.91738e-5 0.2641779 0.06756556 -6.99088e-5 1 6.90687e-5 3.72529e-9 -0.2641778 -8.50819e-5 0.9644743 8.9407e-7 0 0 0 1</matrix>
                                <node id="node-Bone027" name="Bone027">
                                  <matrix sid="matrix">0.9817942 -1.06916e-6 -0.1899466 0.07909286 3.70629e-5 1 1.85948e-4 3.72529e-9 0.1899466 -1.89602e-4 0.9817942 -4.91738e-7 0 0 0 1</matrix>
                                  <node id="node-Bone028" name="Bone028">
                                    <matrix sid="matrix">0.9998927 2.05636e-6 0.01466203 0.07343209 -1.90549e-6 0.9999999 -1.03721e-5 3.72529e-9 -0.01466206 1.03414e-5 0.9998926 8.9407e-8 0 0 0 1</matrix>
                                  </node>
                                </node>
                              </node>
                            </node>
                          </node>
                        </node>
                      </node>
                    </node>
                    <node id="node-Bone029" name="Bone029">
                      <matrix sid="matrix">0.1961011 3.04766e-4 0.9805838 0.2309458 -0.97891 -0.05833896 0.1957845 0.03429426 0.05726587 -0.9982969 -0.01114199 0.02691686 0 0 0 1</matrix>
                      <node id="node-Bone030" name="Bone030">
                        <matrix sid="matrix">0.9117733 0.01402915 0.4104542 0.04605374 -0.01393989 0.9998976 -0.003210356 -6.70552e-8 -0.4104572 -0.002794571 0.9118755 -3.93391e-6 0 0 0 1</matrix>
                        <node id="node-Bone031" name="Bone031">
                          <matrix sid="matrix">0.9391943 -0.1156666 0.3233199 0.04755452 0.100611 0.9929322 0.06295881 1.49012e-8 -0.3283165 -0.026601 0.9441931 2.38419e-7 0 0 0 1</matrix>
                          <node id="node-Bone032" name="Bone032">
                            <matrix sid="matrix">0.9038417 0.04115555 0.4258837 0.05169511 -0.0263734 0.9988291 -0.04055089 -7.45058e-9 -0.4270542 0.02541952 0.903869 2.38419e-7 0 0 0 1</matrix>
                            <node id="node-Bone033" name="Bone033">
                              <matrix sid="matrix">0.9352007 0.2105496 0.2847252 0.06606317 -0.09227651 0.9211574 -0.3780918 3.72529e-9 -0.3418837 0.3273183 0.880896 0 0 0 0 1</matrix>
                              <node id="node-Bone034" name="Bone034">
                                <matrix sid="matrix">0.9540699 0.2209168 -0.2023532 0.06010938 -0.272445 0.3588847 -0.8927348 1.86265e-8 -0.1245983 0.9068615 0.4025885 -5.96046e-8 0 0 0 1</matrix>
                                <node id="node-Bone035" name="Bone035">
                                  <matrix sid="matrix">0.9640254 0.1841633 -0.1916733 0.05975628 -0.262278 0.7761967 -0.573348 -2.98023e-8 0.04318637 0.6029938 0.7965761 -5.96046e-8 0 0 0 1</matrix>
                                  <node id="node-Bone036" name="Bone036">
                                    <matrix sid="matrix">0.8694144 0.01521918 -0.4938493 0.05263543 -0.02966284 0.9993309 -0.02142417 -4.47035e-8 0.4931929 0.03327528 0.8692836 0 0 0 0 1</matrix>
                                  </node>
                                </node>
                              </node>
                            </node>
                          </node>
                        </node>
                      </node>
                    </node>
                    <node id="node-Bone037" name="Bone037">
                      <matrix sid="matrix">-0.03293079 4.61191e-6 0.9994577 0.2221859 -0.9989854 -0.03074081 -0.03291506 0.004512414 0.03072398 -0.9995278 0.001016928 0.05774581 0 0 0 1</matrix>
                      <node id="node-Bone038" name="Bone038">
                        <matrix sid="matrix">0.89297 -0.1232719 0.432908 0.04459451 0.1165292 0.9922906 0.04219046 4.84288e-8 -0.4347714 0.0127716 0.9004505 -1.19209e-7 0 0 0 1</matrix>
                        <node id="node-Bone039" name="Bone039">
                          <matrix sid="matrix">0.8104842 -0.3800223 0.4457552 0.05171013 0.2160545 0.9012745 0.3755329 0 -0.5444586 -0.2080558 0.8125741 -1.66893e-6 0 0 0 1</matrix>
                          <node id="node-Bone040" name="Bone040">
                            <matrix sid="matrix">0.9648466 -0.1426914 0.2207035 0.06625342 0.07874238 0.9581469 0.2752349 -1.49012e-8 -0.2507401 -0.2481807 0.9357006 5.96046e-8 0 0 0 1</matrix>
                            <node id="node-Bone041" name="Bone041">
                              <matrix sid="matrix">0.976 0.1836073 -0.1171047 0.07592797 -0.2158829 0.7450385 -0.6311204 2.08616e-7 -0.02863091 0.6412541 0.7667947 -2.98023e-8 0 0 0 1</matrix>
                              <node id="node-Bone042" name="Bone042">
                                <matrix sid="matrix">0.9450259 0.2399528 -0.222145 0.05424094 -0.3174586 0.8361161 -0.447357 1.86265e-8 0.07839435 0.4932863 0.8663272 2.68221e-7 0 0 0 1</matrix>
                                <node id="node-Bone043" name="Bone043">
                                  <matrix sid="matrix">0.7633407 0.4381691 -0.4746784 0.1070514 -0.4467451 -0.1726972 -0.8778356 -2.98023e-8 -0.4666158 0.8821476 0.06392279 0 0 0 0 1</matrix>
                                </node>
                              </node>
                            </node>
                          </node>
                        </node>
                      </node>
                    </node>
                    <node id="node-Bone055" name="Bone055">
                      <matrix sid="matrix">-0.09140572 -2.85916e-7 0.9958143 0.2017386 -0.9919922 -0.08752592 -0.09105498 0.01348099 0.08715954 -0.9961624 0.00800008 0.06964707 0 0 0 1</matrix>
                      <node id="node-Bone056" name="Bone056">
                        <matrix sid="matrix">0.7861558 -0.1194351 0.6063781 0.07249786 0.08782189 0.9927817 0.08168384 3.53903e-7 -0.6117568 -0.01096297 0.7909699 0 0 0 0 1</matrix>
                        <node id="node-Bone057" name="Bone057">
                          <matrix sid="matrix">0.9220536 0.2822235 0.2648903 0.06258494 -0.1853489 0.9227369 -0.3379382 -3.27826e-7 -0.3397979 0.2625 0.9031227 1.19209e-7 0 0 0 1</matrix>
                          <node id="node-Bone058" name="Bone058">
                            <matrix sid="matrix">0.9331158 0.3402508 0.1162957 0.06108952 -0.172181 0.7067364 -0.6862052 1.86265e-8 -0.3156722 0.6202852 0.7180513 1.19209e-7 0 0 0 1</matrix>
                            <node id="node-Bone059" name="Bone059">
                              <matrix sid="matrix">0.9435687 -0.2435318 -0.2244342 0.07517016 0.2277359 -0.01489181 0.9736089 5.96046e-8 -0.240447 -0.9697787 0.04140939 2.98023e-8 0 0 0 1</matrix>
                              <node id="node-Bone060" name="Bone060">
                                <matrix sid="matrix">0.8586498 -0.1722088 -0.4827679 0.08048642 0.4657791 0.6552851 0.5946858 6.70552e-8 0.2139404 -0.7354898 0.6428716 -8.9407e-8 0 0 0 1</matrix>
                              </node>
                            </node>
                          </node>
                        </node>
                      </node>
                    </node>
                    <node id="node-Bone061" name="Bone061">
                      <matrix sid="matrix">-0.2765531 5.65313e-7 0.9609986 0.1766737 -0.937687 -0.2189246 -0.2698442 0.01386441 0.2103862 -0.975742 0.06054477 0.08005 0 0 0 1</matrix>
                      <node id="node-Bone062" name="Bone062">
                        <matrix sid="matrix">0.8800435 0.0314892 0.4738474 0.06630632 -0.02342634 0.999463 -0.02291052 5.96046e-8 -0.4743146 0.009061761 0.8803089 -1.78814e-6 0 0 0 1</matrix>
                        <node id="node-Bone063" name="Bone063">
                          <matrix sid="matrix">0.898398 0.4093669 0.1590601 0.05577618 -0.2858068 0.819948 -0.4959831 -2.23517e-8 -0.3334598 0.40013 0.8536397 5.96046e-8 0 0 0 1</matrix>
                          <node id="node-Bone064" name="Bone064">
                            <matrix sid="matrix">0.8135878 0.4383716 -0.3819751 0.05538905 -0.148685 -0.4782464 -0.8655477 -2.98023e-8 -0.5621099 0.7609933 -0.3239161 0 0 0 0 1</matrix>
                            <node id="node-Bone065" name="Bone065">
                              <matrix sid="matrix">0.8752896 0.08609423 -0.4758734 0.05682147 -0.3054108 0.8613694 -0.4059146 7.45058e-9 0.374956 0.5006298 0.780242 2.98023e-8 0 0 0 1</matrix>
                            </node>
                          </node>
                        </node>
                      </node>
                    </node>
                    <node id="node-Bone077" name="Bone077">
                      <matrix sid="matrix">-0.01131387 6.48201e-7 0.9999361 0.1375992 -0.8724433 -0.4886163 -0.009870991 0.0314253 0.488585 -0.8724992 0.005528685 0.05968321 0 0 0 1</matrix>
                      <node id="node-Bone078" name="Bone078">
                        <matrix sid="matrix">0.704276 -0.4953498 0.5085511 0.06178032 0.3977838 0.8686757 0.2952478 4.76837e-7 -0.5880166 -0.0056425 0.8088292 4.37498e-5 0 0 0 1</matrix>
                        <node id="node-Bone079" name="Bone079">
                          <matrix sid="matrix">0.7457925 -0.655033 0.1213487 0.1102706 0.4237862 0.6070412 0.6722391 -7.45058e-9 -0.5140026 -0.449925 0.7303206 5.96046e-8 0 0 0 1</matrix>
                          <node id="node-Bone080" name="Bone080">
                            <matrix sid="matrix">0.8926895 0.25331 0.3727455 0.1663147 -0.1484543 0.9462085 -0.2874898 1.49012e-8 -0.4255192 0.2013037 0.8822758 5.96046e-8 0 0 0 1</matrix>
                            <node id="node-Bone081" name="Bone081">
                              <matrix sid="matrix">0.9320754 0.1246798 -0.340132 0.137991 -0.1721554 -0.6736671 -0.7187042 0 -0.3187435 0.7284418 -0.6064444 -2.98023e-8 0 0 0 1</matrix>
                            </node>
                          </node>
                        </node>
                      </node>
                    </node>
                    <node id="node-Bone066" name="Bone066">
                      <matrix sid="matrix">-0.2909333 -1.3262e-6 0.9567434 0.1378932 -0.9335448 0.2188774 -0.2838786 0.009998888 -0.2094091 -0.9757524 -0.06367995 -0.07983377 0 0 0 1</matrix>
                      <node id="node-Bone067" name="Bone067">
                        <matrix sid="matrix">0.7965844 0.4132207 0.4412511 0.081056 -0.3324364 0.9090649 -0.2511736 -4.47035e-8 -0.5049158 0.053393 0.8615161 -3.09944e-6 0 0 0 1</matrix>
                        <node id="node-Bone068" name="Bone068">
                          <matrix sid="matrix">0.9019157 0.4027401 0.1560411 0.064134 -0.2336039 0.7587388 -0.6080657 -2.38419e-7 -0.3632873 0.5119724 0.7784003 1.78814e-7 0 0 0 1</matrix>
                          <node id="node-Bone069" name="Bone069">
                            <matrix sid="matrix">0.9998949 0.01430842 0.002227485 0.08350706 -0.01425499 0.9996473 -0.02238929 -3.72529e-8 -0.002547204 0.02235514 0.9997468 0 0 0 0 1</matrix>
                            <node id="node-Bone070" name="Bone070">
                              <matrix sid="matrix">0.9642653 -0.1503641 0.2181347 0.08289558 0.09707132 0.9666013 0.2371907 -7.45058e-9 -0.2465138 -0.2075407 0.946656 0 0 0 0 1</matrix>
                              <node id="node-Bone071" name="Bone071">
                                <matrix sid="matrix">0.9584656 -0.1123092 0.2621659 0.06400186 0.03560345 0.9591298 0.2807178 0 -0.2829786 -0.2597241 0.9232913 -2.98023e-8 0 0 0 1</matrix>
                                <node id="node-Bone072" name="Bone072">
                                  <matrix sid="matrix">0.9640762 -0.03288294 -0.2635827 0.07497591 0.2330033 -0.3717678 0.8986088 0 -0.1275405 -0.9277431 -0.3507508 -7.45058e-9 0 0 0 1</matrix>
                                </node>
                              </node>
                            </node>
                          </node>
                        </node>
                      </node>
                    </node>
                    <node id="node-Bone073" name="Bone073">
                      <matrix sid="matrix">-0.2925557 1.45286e-7 0.9562489 0.09248972 -0.9547041 0.0568094 -0.2920834 -0.03078888 -0.05432393 -0.998385 -0.01661978 -0.07006144 0 0 0 1</matrix>
                      <node id="node-Bone074" name="Bone074">
                        <matrix sid="matrix">0.6389183 0.466079 0.612008 0.05861652 -0.2161457 0.8722808 -0.4386422 0 -0.7382842 0.1479736 0.6580572 0 0 0 0 1</matrix>
                        <node id="node-Bone075" name="Bone075">
                          <matrix sid="matrix">0.9669398 -0.2549793 -0.003675848 0.08270764 0.2246001 0.844731 0.4857826 -7.45058e-9 -0.1207594 -0.4705477 0.8740724 0 0 0 0 1</matrix>
                          <node id="node-Bone076" name="Bone076">
                            <matrix sid="matrix">0.9027887 -0.3799327 -0.201553 0.1038885 0.1286856 -0.2085411 0.9695107 -7.45058e-9 -0.410381 -0.9012001 -0.1393766 -1.49012e-7 0 0 0 1</matrix>
                          </node>
                        </node>
                      </node>
                    </node>
                    <node id="node-Bone082" name="Bone082">
                      <matrix sid="matrix">-0.3109593 2.10851e-6 0.9504235 0.09530377 -0.9488888 -0.05680081 -0.3104571 -0.03142177 0.05398414 -0.9983858 0.01766473 0.06847608 0 0 0 1</matrix>
                      <node id="node-Bone083" name="Bone083">
                        <matrix sid="matrix">0.6709588 -0.434133 0.601118 0.05861518 0.1826969 0.8824821 0.433413 2.16067e-7 -0.7186348 -0.1809798 0.6714239 4.76837e-6 0 0 0 1</matrix>
                        <node id="node-Bone084" name="Bone084">
                          <matrix sid="matrix">0.9794106 0.1984214 0.03720608 0.08271182 -0.1547421 0.8562287 -0.4928776 1.49012e-8 -0.1296543 0.4769723 0.8693035 2.38419e-7 0 0 0 1</matrix>
                          <node id="node-Bone085" name="Bone085">
                            <matrix sid="matrix">0.9225614 0.3757336 -0.08777878 0.1038884 -0.1377796 0.1082943 -0.9845244 -1.17347e-7 -0.3604131 0.9203782 0.1516766 -1.19209e-7 0 0 0 1</matrix>
                            <node id="node-Bone086" name="Bone086">
                              <matrix sid="matrix">0.9832616 0.04322937 -0.1769952 0.1096957 -0.123718 0.8715611 -0.4744204 2.23517e-7 0.1337533 0.4883771 0.8623211 5.96046e-8 0 0 0 1</matrix>
                            </node>
                          </node>
                        </node>
                      </node>
                    </node>
                  </node>
                </node>
                <node id="node-Bip001_backpack_01" name="Bip001_backpack_01">
                  <matrix sid="matrix">-0.9792076 0.2028512 -0.001969979 0.2016007 -0.2028456 -0.979207 -0.002723897 -0.08787811 -0.002481598 -0.002267662 0.9999943 4.13507e-7 0 0 0 1</matrix>
                  <node id="node-Bip001_rope_01" name="Bip001_rope_01">
                    <matrix sid="matrix">0.9283746 -0.3712759 -0.01656797 0.4241234 -0.3631284 -0.9156862 0.1722104 0.08793247 -0.07910867 -0.1538594 -0.9849208 0.09921898 0 0 0 1</matrix>
                    <node id="node-Bip001_rope_02" name="Bip001_rope_02">
                      <matrix sid="matrix">0.9993812 -0.02310619 0.02652609 0.09589982 -0.02423441 -0.99878 0.04302897 8.33273e-5 0.02549948 -0.04364517 -0.9987218 3.65078e-6 0 0 0 1</matrix>
                      <node id="node-Bip001_rope_03" name="Bip001_rope_03">
                        <matrix sid="matrix">0.9984532 -0.04586306 -0.03143367 0.1048738 0.04021743 0.9860878 -0.1612867 -1.02401e-4 0.03839345 0.1597731 0.9864069 -0.001042575 0 0 0 1</matrix>
                      </node>
                    </node>
                  </node>
                  <node id="node-Bip001_Xtra17" name="Bip001_Xtra17">
                    <matrix>-0.04419939 -0.7063962 -0.7064354 0.155149 0.9990227 -0.03164937 -0.030858 0.112457 -5.60293e-4 -0.7071086 0.7071046 6.88359e-5 0 0 0 1</matrix>
                    <node id="node-Bip001_Xtra18" name="Bip001_Xtra18">
                      <matrix>0.9999999 1.49012e-8 2.23517e-8 0.02474701 -1.49012e-8 0.9999999 3.18512e-7 -2.2471e-5 7.45058e-9 -3.1665e-7 0.9999998 0 0 0 0 1</matrix>
                    </node>
                    <node id="node-Bip001_Xtra19" name="Bip001_Xtra19">
                      <matrix>0.9999993 -7.96348e-4 7.97823e-4 0.02904582 -7.96378e-4 -0.9999997 -1.54227e-6 0.02995086 7.97853e-4 8.27014e-7 -0.9999996 -7.48932e-5 0 0 0 1</matrix>
                    </node>
                    <node id="node-Bip001_Xtra20" name="Bip001_Xtra20">
                      <matrix>0.9999917 -0.003981292 7.88897e-4 0.02889752 0.003981277 0.999992 6.30505e-6 -0.03234424 -7.88897e-4 -3.10317e-6 0.9999995 -7.50721e-5 0 0 0 1</matrix>
                    </node>
                  </node>
                  <node id="node-Bip001_Xtra01" name="Bip001_Xtra01">
                    <matrix sid="matrix">0.9987001 -0.05094428 0.001639292 0.2139936 0.0509441 0.9987015 1.26295e-4 0.05373991 -0.001643608 -4.26248e-5 0.9999985 0.1710362 0 0 0 1</matrix>
                  </node>
                  <node id="node-Bip001_Xtra01Opp" name="Bip001_Xtra01Opp">
                    <matrix sid="matrix">0.9979883 -0.06241152 0.0111486 0.2139949 0.06240587 0.9980506 8.55995e-4 0.05373991 -0.01118031 -1.58539e-4 0.9999375 -0.1722648 0 0 0 1</matrix>
                  </node>
                </node>
                <node id="node-Bip001_L_Clavicle" name="Bip001_L_Clavicle">
                  <matrix sid="matrix">-0.1281997 -7.44641e-4 0.991748 0.1406267 -0.3513236 -0.9351175 -0.04611647 0.02467197 0.9274355 -0.3543366 0.1196203 0.05035807 0 0 0 1</matrix>
                  <node id="node-Bip001_L_UpperArm" name="Bip001_L_UpperArm">
                    <matrix sid="matrix">0.546373 0.7938194 -0.2670714 0.17644 -0.757896 0.6043233 0.2457374 0 0.3564685 0.06814814 0.9318184 -5.96046e-8 0 0 0 1</matrix>
                    <node id="node-Bip001_L_Forearm" name="Bip001_L_Forearm">
                      <matrix sid="matrix">-0.09956491 0.9950312 2.98023e-8 0.302225 -0.995031 -0.09956497 0 -1.19209e-7 2.98023e-8 -4.47035e-8 1 -5.96046e-8 0 0 0 1</matrix>
                      <node id="node-Bip001_L_Hand" name="Bip001_L_Hand">
                        <matrix sid="matrix">0.8837454 -0.04755214 -0.465546 0.303522 0.4440226 -0.2289448 0.8662727 -2.98023e-8 -0.1477774 -0.9722774 -0.1812147 5.96046e-8 0 0 0 1</matrix>
                        <node id="node-Bip001_L_Finger0" name="Bip001_L_Finger0">
                          <matrix sid="matrix">0.7808207 0.4571764 0.4258032 0.01779097 0.4777049 0.002348602 -0.8785171 0.01367187 -0.402638 0.8893722 -0.2165619 -0.02770385 0 0 0 1</matrix>
                          <node id="node-Bip001_L_Finger01" name="Bip001_L_Finger01">
                            <matrix sid="matrix">0.9399818 -0.3412243 2.98208e-4 0.05085593 0.3412245 0.9399815 -8.0057e-4 -5.96046e-8 -7.08923e-6 8.54239e-4 0.9999996 -2.98023e-8 0 0 0 1</matrix>
                            <node id="node-Bip001_L_Finger02" name="Bip001_L_Finger02">
                              <matrix sid="matrix">0.8832188 -0.4689343 0.005052613 0.03436995 0.4689615 0.8831672 -0.009535523 5.96046e-8 9.20147e-6 0.01079139 0.9999418 2.98023e-8 0 0 0 1</matrix>
                            </node>
                          </node>
                        </node>
                        <node id="node-Bip001_L_Finger1" name="Bip001_L_Finger1">
                          <matrix sid="matrix">0.9421899 -0.2515204 0.2213941 0.0856759 0.3265597 0.8373001 -0.4385056 -0.005999684 -0.07508053 0.4854538 0.8710323 -0.02973524 0 0 0 1</matrix>
                          <node id="node-Bip001_L_Finger11" name="Bip001_L_Finger11">
                            <matrix sid="matrix">0.9561216 -0.2929705 0 0.05795407 0.2929704 0.9561216 -3.1665e-8 0 0 4.84288e-8 1 -2.98023e-8 0 0 0 1</matrix>
                            <node id="node-Bip001_L_Finger12" name="Bip001_L_Finger12">
                              <matrix sid="matrix">0.9782761 -0.2073058 1.49012e-8 0.03285104 0.2073057 0.9782762 -9.31323e-9 0 1.49012e-8 -2.6077e-8 0.9999999 -2.98023e-8 0 0 0 1</matrix>
                            </node>
                          </node>
                        </node>
                        <node id="node-Bip001_L_Finger2" name="Bip001_L_Finger2">
                          <matrix sid="matrix">0.9099869 -0.4107481 0.05666204 0.090323 0.414623 0.9026114 -0.1156754 -0.01052213 -0.003631011 0.128756 0.9916696 -0.005256623 0 0 0 1</matrix>
                          <node id="node-Bip001_L_Finger21" name="Bip001_L_Finger21">
                            <matrix sid="matrix">0.924853 -0.3803247 0 0.05795401 0.3803246 0.924853 -1.76951e-8 -2.98023e-8 -1.49012e-8 1.86265e-8 1 0 0 0 0 1</matrix>
                            <node id="node-Bip001_L_Finger22" name="Bip001_L_Finger22">
                              <matrix sid="matrix">0.9723517 -0.2335214 1.49012e-8 0.04148102 0.2335215 0.9723516 1.11759e-8 2.98023e-8 0 0 1 -2.98023e-8 0 0 0 1</matrix>
                            </node>
                          </node>
                        </node>
                        <node id="node-Bip001_L_Finger3" name="Bip001_L_Finger3">
                          <matrix sid="matrix">0.8437889 -0.5217918 -0.1255117 0.08558691 0.5360594 0.8306485 0.1505466 -0.009840488 0.02570164 -0.1943114 0.9806035 0.02070287 0 0 0 1</matrix>
                          <node id="node-Bip001_L_Finger31" name="Bip001_L_Finger31">
                            <matrix sid="matrix">0.9207934 -0.3900506 -7.45058e-9 0.05795413 0.3900506 0.9207934 -4.65661e-9 2.98023e-8 7.45058e-9 7.45058e-9 1 1.49012e-8 0 0 0 1</matrix>
                            <node id="node-Bip001_L_Finger32" name="Bip001_L_Finger32">
                              <matrix sid="matrix">0.884097 -0.4673034 7.45058e-9 0.03192693 0.4673034 0.8840969 0 -5.96046e-8 -7.45058e-9 1.49012e-8 0.9999999 2.98023e-8 0 0 0 1</matrix>
                            </node>
                          </node>
                        </node>
                        <node id="node-Bip001_L_Finger4" name="Bip001_L_Finger4">
                          <matrix sid="matrix">0.8470812 -0.3881949 -0.3629863 0.08973396 0.4792495 0.8531644 0.205986 -0.004826844 0.2297241 -0.3484472 0.9087422 0.04668489 0 0 0 1</matrix>
                          <node id="node-Bip001_L_Finger41" name="Bip001_L_Finger41">
                            <matrix sid="matrix">0.8490503 -0.5283121 0 0.03496808 0.5283122 0.8490503 1.39698e-9 2.98023e-8 0 1.49012e-8 0.9999999 -1.49012e-8 0 0 0 1</matrix>
                            <node id="node-Bip001_L_Finger42" name="Bip001_L_Finger42">
                              <matrix sid="matrix">0.9036931 -0.4281809 0 0.0220499 0.4281809 0.9036932 7.45058e-9 2.98023e-8 -2.23517e-8 1.49012e-8 1 4.47035e-8 0 0 0 1</matrix>
                            </node>
                          </node>
                        </node>
                      </node>
                    </node>
                    <node id="node-Bip001_L_ForeTwist" name="Bip001_L_ForeTwist">
                      <matrix sid="matrix">-0.09956491 0.9937093 0.05127496 0.302225 -0.995031 -0.09943272 -0.005130649 -1.19209e-7 2.98023e-8 -0.051531 0.9986714 -5.96046e-8 0 0 0 1</matrix>
                      <node id="node-Bip001_L_ForeTwist1" name="Bip001_L_ForeTwist1">
                        <matrix sid="matrix">1 -2.98023e-8 0 0.101174 0 0.9986714 0.051531 0 0 -0.05153105 0.9986714 0 0 0 0 1</matrix>
                        <node id="node-Bip001_L_ForeTwist2" name="Bip001_L_ForeTwist2">
                          <matrix sid="matrix">1 0 -2.98023e-8 0.1011741 0 0.9986715 0.05153091 -2.98023e-8 2.98023e-8 -0.05153094 0.9986713 0 0 0 0 1</matrix>
                        </node>
                      </node>
                    </node>
                  </node>
                  <node id="node-Bip001_LUpArmTwist" name="Bip001_LUpArmTwist">
                    <matrix sid="matrix">0.546373 0.7938194 -0.2670714 0.17644 -0.757896 0.6043233 0.2457374 0 0.3564685 0.06814814 0.9318184 -5.96046e-8 0 0 0 1</matrix>
                    <node id="node-Bip001_LUpArmTwist1" name="Bip001_LUpArmTwist1">
                      <matrix>1 0 2.98023e-8 0.1007417 0 1 0 0 -2.98023e-8 0 1 0 0 0 0 1</matrix>
                      <node id="node-Bip001_LUpArmTwist2" name="Bip001_LUpArmTwist2">
                        <matrix>1 0 2.98023e-8 0.1007417 0 1 0 -1.19209e-7 -2.98023e-8 0 1 0 0 0 0 1</matrix>
                      </node>
                    </node>
                  </node>
                </node>
                <node id="node-Bip001_R_Clavicle" name="Bip001_R_Clavicle">
                  <matrix sid="matrix">-0.2063481 -7.85291e-4 -0.9784783 0.1406266 -0.1617314 -0.9862175 0.03489852 0.02467221 -0.9650199 0.1654519 0.203377 -0.05035793 0 0 0 1</matrix>
                  <node id="node-Bip001_R_UpperArm" name="Bip001_R_UpperArm">
                    <matrix sid="matrix">0.4096637 -0.4579187 -0.7889777 0.17644 0.07054567 0.8781956 -0.4730706 5.96046e-8 0.9095047 0.1381409 0.3920692 0 0 0 0 1</matrix>
                    <node id="node-Bip001_R_Forearm" name="Bip001_R_Forearm">
                      <matrix sid="matrix">0.5697812 0.8217964 1.49012e-8 0.302225 -0.8217964 0.5697813 2.98023e-8 0 -2.98023e-8 -4.47035e-8 1 0 0 0 0 1</matrix>
                      <node id="node-Bip001_R_Hand" name="Bip001_R_Hand">
