<?xml version="1.0" encoding="utf-8"?>
<COLLADA xmlns="http://www.collada.org/2005/11/COLLADASchema" version="1.4.1">
  <asset>
    <contributor>
      <author>Setsu</author>
      <authoring_tool>OpenCOLLADA for 3ds Max;  Version: 1.3.1;  Revision: 847M;  Platform: x64;  Configuration: Release_Max2012_static</authoring_tool>
      <source_data>file:///D:/_Work/webgl/models/man/animation/melee/run.max</source_data>
    </contributor>
    <created>2012-09-04T15:57:46</created>
    <modified>2012-09-04T15:57:46</modified>
    <unit name="meter" meter="1"/>
    <up_axis>Z_UP</up_axis>
  </asset>
  <library_lights>
    <light id="EnvironmentAmbientLight" name="EnvironmentAmbientLight">
      <technique_common>
        <ambient>
          <color>0.019608 0.019608 0.019608</color>
        </ambient>
      </technique_common>
    </light>
  </library_lights>
  <library_visual_scenes>
    <visual_scene id="MaxScene">
      <node name="EnvironmentAmbientLight">
        <instance_light url="#EnvironmentAmbientLight"/>
      </node>
      <node id="node-Bip001" name="Bip001">
        <matrix sid="matrix">0.01380128 0.999176 0.03817119 6.15385e-4 -0.8985803 0.02913845 -0.4378408 -0.007894032 -0.4385922 -0.02825712 0.8982419 0.9704645 0 0 0 1</matrix>
        <node id="node-Bip001_Pelvis" name="Bip001_Pelvis">
          <matrix sid="matrix">-2.98023e-8 1 -1.38767e-6 -0.027872 -1.37836e-6 1.38581e-6 1 0 1 0 1.37836e-6 -5.96046e-8 0 0 0 1</matrix>
          <node id="node-Bip001_Spine" name="Bip001_Spine">
            <matrix sid="matrix">0.9968749 0.07490459 0.02509601 0.1062841 -0.07427269 0.9969188 -0.02523077 0.01613435 -0.02690859 0.02328797 0.9993666 -2.92994e-6 0 0 0 1</matrix>
            <node id="node-Bip001_Spine1" name="Bip001_Spine1">
              <matrix sid="matrix">0.9970065 -0.03326607 0.06979547 0.1646383 0.03515139 0.9990447 -0.02595992 -1.30981e-4 -0.06886522 0.0283356 0.9972235 -3.71411e-6 0 0 0 1</matrix>
              <node id="node-Bip001_Spine2" name="Bip001_Spine2">
                <matrix sid="matrix">0.9897503 -0.1416662 0.01802535 0.1646525 0.1421776 0.9893481 -0.03124234 -1.297e-4 -0.01340738 0.03348497 0.9993494 -4.39584e-6 0 0 0 1</matrix>
                <node id="node-Bip001_Neck" name="Bip001_Neck">
                  <matrix sid="matrix">0.9819833 0.1423384 -0.1242926 0.1743535 -0.1435159 0.9896478 -5.25537e-4 -0.007502496 0.1229312 0.01835406 0.9922455 -1.13249e-6 0 0 0 1</matrix>
                  <node id="node-Bip001_Head" name="Bip001_Head">
                    <matrix sid="matrix">0.9976985 0.06634608 0.01398646 0.08447993 -0.06746072 0.9920331 0.106392 0.03011221 -0.006816361 -0.1070908 0.9942258 8.56817e-8 0 0 0 1</matrix>
                    <node id="node-Bip001_AngryBrowR" name="Bip001_AngryBrowR">
                      <matrix sid="matrix">0.001812011 -0.9852682 0.1710073 0.1354003 0.9995395 -0.003395706 -0.03015608 0.1043412 0.03029251 0.1709832 0.9848081 -0.019783 0 0 0 1</matrix>
                    </node>
                    <node id="node-Bip001_SillyBrowL" name="Bip001_SillyBrowL">
                      <matrix sid="matrix">-0.004057258 -0.9597189 -0.280933 0.1346171 0.7867901 0.170333 -0.5932522 0.08548477 0.6172074 -0.2234423 0.7544061 0.05988091 0 0 0 1</matrix>
                    </node>
                    <node id="node-Bip001_SillyBrowR" name="Bip001_SillyBrowR">
                      <matrix sid="matrix">-0.004056931 -0.9597204 0.2809277 0.1346172 0.7867937 0.1703287 0.5932484 0.08548504 -0.6172028 0.2234389 0.754411 -0.05988046 0 0 0 1</matrix>
                    </node>
                    <node id="node-Bip001_jaw" name="Bip001_jaw">
                      <matrix>-0.6233311 -0.781958 -2.17184e-6 0.07393026 0.7819581 -0.6233311 -4.50574e-6 0.01061791 2.16998e-6 -4.50015e-6 0.9999999 2.6077e-8 0 0 0 1</matrix>
                      <node id="node-Bip001_lowerLipL" name="Bip001_lowerLipL">
                        <matrix sid="matrix">-0.8336915 -0.3554323 -0.4226422 0.107451 0.3746178 -0.9263141 0.04004882 -0.03483582 -0.405734 -0.1249409 0.9054114 0.009654511 0 0 0 1</matrix>
                      </node>
                      <node id="node-Bip001_lowerLipR" name="Bip001_lowerLipR">
                        <matrix>0.7819585 1.78255e-6 -0.6233305 0.1074492 -0.6233305 -4.03821e-6 -0.7819585 -0.03484011 -3.9218e-6 1 -2.01724e-6 -0.009658966 0 0 0 1</matrix>
                      </node>
                    </node>
                    <node id="node-Bip001_upperLipL" name="Bip001_upperLipL">
                      <matrix>2.02656e-6 -6.94208e-6 -1 0.04530883 0.9999999 3.59304e-6 2.14577e-6 0.116103 3.62191e-6 -1 6.88806e-6 0.009555254 0 0 0 1</matrix>
                    </node>
                    <node id="node-Bip001_upperLipR" name="Bip001_upperLipR">
                      <matrix>2.02656e-6 -1.24928e-5 1 0.04530883 1 -1.95485e-6 -2.17557e-6 0.1161031 1.92504e-6 1 1.24238e-5 -0.009554617 0 0 0 1</matrix>
                    </node>
                    <node id="node-Bip001_AngryBrowL" name="Bip001_AngryBrowL">
                      <matrix sid="matrix">0.001812041 -0.9852673 -0.1710128 0.1354002 0.9995396 -0.003394932 0.0301506 0.1043411 -0.03028696 -0.1709887 0.9848075 0.01978357 0 0 0 1</matrix>
                    </node>
                    <node id="node-Bone050" name="Bone050">
                      <matrix sid="matrix">-0.2542379 0.003621917 0.9671353 0.1766742 -0.9418318 0.2263481 -0.2484339 0.01386476 -0.219809 -0.9740398 -0.05413499 -0.08004201 0 0 0 1</matrix>
                      <node id="node-Bone051" name="Bone051">
                        <matrix sid="matrix">0.8470555 -0.2028347 0.4912787 0.06664182 0.2018815 0.9778282 0.05563576 2.23517e-8 -0.4916711 0.05205351 0.8692236 1.19209e-7 0 0 0 1</matrix>
                        <node id="node-Bone052" name="Bone052">
                          <matrix sid="matrix">0.7786903 -0.5963342 0.1950068 0.05545187 0.4472744 0.7455925 0.4940021 1.49012e-8 -0.4399858 -0.2974531 0.8473102 -1.19209e-7 0 0 0 1</matrix>
                          <node id="node-Bone053" name="Bone053">
                            <matrix sid="matrix">0.6847215 -0.4731559 -0.5543283 0.05517268 0.3539051 -0.4490372 0.8204367 -2.98023e-8 -0.6371083 -0.7579504 -0.1400134 -1.19209e-7 0 0 0 1</matrix>
                            <node id="node-Bone054" name="Bone054">
                              <matrix>0.8138614 -0.1123602 -0.5700921 0.05649626 0.4602882 0.7234694 0.5145157 -2.98023e-8 0.354633 -0.681151 0.6405218 5.96046e-8 0 0 0 1</matrix>
                            </node>
                          </node>
                        </node>
                      </node>
                    </node>
                    <node id="node-Bone044" name="Bone044">
                      <matrix sid="matrix">-0.06895947 4.30448e-4 0.9976194 0.2017386 -0.9925447 0.100711 -0.06865215 0.01348132 -0.1005008 -0.9949156 -0.00651774 -0.06964708 0 0 0 1</matrix>
                      <node id="node-Bone045" name="Bone045">
                        <matrix sid="matrix">0.7951225 0.1011432 0.5979548 0.07249832 -0.06866266 0.9946685 -0.07694348 2.68221e-7 -0.6025493 0.02012233 0.7978282 -1.3113e-6 0 0 0 1</matrix>
                        <node id="node-Bone046" name="Bone046">
                          <matrix sid="matrix">0.8633287 -0.355383 0.3582833 0.0625881 0.2514368 0.918497 0.3051934 -1.19209e-7 -0.4375427 -0.1733967 0.8823214 4.05312e-6 0 0 0 1</matrix>
                          <node id="node-Bone047" name="Bone047">
                            <matrix sid="matrix">0.8308544 -0.5365546 0.1476115 0.06108761 0.270731 0.6214783 0.7351658 4.47035e-8 -0.486194 -0.5708531 0.6616202 -1.19209e-7 0 0 0 1</matrix>
                            <node id="node-Bone048" name="Bone048">
                              <matrix sid="matrix">0.9282058 0.3691183 -0.04675493 0.07517123 -0.03959772 -0.02694702 -0.9988525 0 -0.3699544 0.928992 -0.01039631 0 0 0 0 1</matrix>
                              <node id="node-Bone049" name="Bone049">
                                <matrix>0.8586523 0.1722122 -0.4827632 0.08048487 -0.4657755 0.6552924 -0.5946813 -1.15484e-7 0.2139394 0.7354832 0.6428801 0 0 0 0 1</matrix>
                              </node>
                            </node>
                          </node>
                        </node>
                      </node>
                    </node>
                    <node id="node-Bone014" name="Bone014">
                      <matrix sid="matrix">0.0150871 -3.2786e-4 0.9998859 0.222186 -0.9990067 0.04194005 0.01508754 0.004512727 -0.04194022 -0.9991202 3.05219e-4 -0.05774581 0 0 0 1</matrix>
                      <node id="node-Bone015" name="Bone015">
                        <matrix sid="matrix">0.9174425 0.1339608 0.3746377 0.04459426 -0.1193101 0.9909102 -0.06214759 0 -0.3795575 0.01231879 0.9250865 -3.93391e-6 0 0 0 1</matrix>
                        <node id="node-Bone016" name="Bone016">
                          <matrix sid="matrix">0.8170719 0.3727837 0.4398027 0.05171201 -0.2214335 0.9072395 -0.3576083 1.49012e-7 -0.5323166 0.1948044 0.8238263 1.19209e-7 0 0 0 1</matrix>
                          <node id="node-Bone017" name="Bone017">
                            <matrix sid="matrix">0.9171618 0.2094064 0.3390622 0.06625271 -0.1408686 0.9662434 -0.2157075 -2.98023e-8 -0.3727875 0.1500755 0.9156999 1.19209e-7 0 0 0 1</matrix>
                            <node id="node-Bone018" name="Bone018">
                              <matrix sid="matrix">0.9715087 -0.1105595 0.2096363 0.07592642 -0.05548501 0.7538483 0.6547016 8.9407e-8 -0.2304173 -0.6476803 0.7262359 -4.47035e-6 0 0 0 1</matrix>
                              <node id="node-Bone019" name="Bone019">
                                <matrix sid="matrix">0.9658437 -0.2444369 -0.08600688 0.05424273 0.2525612 0.8137665 0.5234476 -3.72529e-8 -0.05796045 -0.5272907 0.8477065 -5.96046e-8 0 0 0 1</matrix>
                                <node id="node-Bone020" name="Bone020">
                                  <matrix>0.7088869 -0.5135251 -0.4834985 0.1070501 0.4797028 -0.151518 0.8642493 -1.49012e-8 -0.5170728 -0.8445907 0.1389304 -2.98023e-8 0 0 0 1</matrix>
                                </node>
                              </node>
                            </node>
                          </node>
                        </node>
                      </node>
                    </node>
                    <node id="node-Bone006" name="Bone006">
                      <matrix sid="matrix">0.2444711 -0.004605473 0.969646 0.2309459 -0.9666611 0.07738664 0.244086 0.0342944 -0.07616176 -0.9969906 0.01446687 -0.0269171 0 0 0 1</matrix>
                      <node id="node-Bone007" name="Bone007">
                        <matrix sid="matrix">0.9352972 -0.04613842 0.350842 0.04605401 0.04779943 0.9988492 0.003929559 0 -0.3506196 0.01309473 0.9364261 -1.19209e-7 0 0 0 1</matrix>
                        <node id="node-Bone008" name="Bone008">
                          <matrix sid="matrix">0.96198 0.0752767 0.2625413 0.04755571 -0.06370053 0.9965954 -0.05234143 1.11759e-8 -0.2655877 0.03362742 0.9635004 0 0 0 0 1</matrix>
                          <node id="node-Bone009" name="Bone009">
                            <matrix sid="matrix">0.9196805 -0.03446143 0.3911529 0.05169478 0.03384645 0.9993913 0.008468663 7.45058e-9 -0.3912066 0.005450666 0.9202868 -1.19209e-7 0 0 0 1</matrix>
                            <node id="node-Bone010" name="Bone010">
                              <matrix sid="matrix">0.835866 -0.4192457 0.3543459 0.0660634 0.2022341 0.8353035 0.5112429 -7.45058e-8 -0.510323 -0.3556697 0.7829874 0 0 0 0 1</matrix>
                              <node id="node-Bone011" name="Bone011">
                                <matrix sid="matrix">0.8219952 -0.5335333 -0.1991625 0.06010842 0.4242521 0.3403905 0.839133 1.04308e-7 -0.379912 -0.7742589 0.506152 -5.96046e-8 0 0 0 1</matrix>
                                <node id="node-Bone012" name="Bone012">
                                  <matrix sid="matrix">0.8229377 -0.4762092 -0.3098359 0.05975711 0.5681315 0.6892932 0.4495564 8.34465e-7 -5.15103e-4 -0.5459843 0.837795 -1.78814e-7 0 0 0 1</matrix>
                                  <node id="node-Bone013" name="Bone013">
                                    <matrix>0.8543545 -0.001355842 -0.5196889 0.05263495 0.002830356 0.9999942 0.002043948 -8.9407e-8 0.5196829 -0.003217176 0.8543534 4.76837e-7 0 0 0 1</matrix>
                                  </node>
                                </node>
                              </node>
                            </node>
                          </node>
                        </node>
                      </node>
                    </node>
                    <node id="node-Bone021" name="Bone021">
                      <matrix sid="matrix">0.4786776 -0.00477707 0.877978 0.2271243 -0.8779342 0.008757219 0.4787013 0.05075827 -0.009975432 -0.9999502 -2.07499e-6 1.19209e-7 0 0 0 1</matrix>
                      <node id="node-Bone022" name="Bone022">
                        <matrix sid="matrix">0.9220457 -0.01275573 0.3868711 0.03557789 0.01316828 0.9999121 0.001584107 -1.49012e-8 -0.3868573 0.003633811 0.9221326 -1.19209e-7 0 0 0 1</matrix>
                        <node id="node-Bone023" name="Bone023">
                          <matrix sid="matrix">0.9718506 -0.0166576 0.2350079 0.04570845 0.01605322 0.9998611 0.004484709 -7.45058e-9 -0.2350499 -5.85836e-4 0.971983 1.19209e-7 0 0 0 1</matrix>
                          <node id="node-Bone024" name="Bone024">
                            <matrix sid="matrix">0.8480837 -0.02017105 0.5294796 0.05609787 0.01765963 0.999796 0.009802266 7.45058e-9 -0.5295693 0.001037274 0.8482668 -2.26498e-6 0 0 0 1</matrix>
                            <node id="node-Bone025" name="Bone025">
                              <matrix sid="matrix">0.9109795 -0.0191161 0.4120067 0.06339747 0.01618158 0.9998127 0.01061003 1.11759e-8 -0.4121325 -0.002998625 0.9111184 7.15256e-7 0 0 0 1</matrix>
                              <node id="node-Bone026" name="Bone026">
                                <matrix sid="matrix">0.9632132 -0.0116398 0.2684874 0.06756556 0.01049092 0.9999287 0.005713435 3.72529e-9 -0.2685347 -0.00268657 0.9632666 8.34465e-7 0 0 0 1</matrix>
                                <node id="node-Bone027" name="Bone027">
                                  <matrix sid="matrix">0.9831187 -0.005665704 -0.1828804 0.07909274 0.007208346 0.9999438 0.007771565 3.72529e-9 0.182826 -0.008958651 0.9831043 -4.76837e-7 0 0 0 1</matrix>
                                  <node id="node-Bone028" name="Bone028">
                                    <matrix>0.9998927 2.05357e-6 0.01466209 0.07343221 -1.90362e-6 1 -1.03749e-5 7.45058e-9 -0.01466197 1.03442e-5 0.9998926 0 0 0 0 1</matrix>
                                  </node>
                                </node>
                              </node>
                            </node>
                          </node>
                        </node>
                      </node>
                    </node>
                    <node id="node-Bone029" name="Bone029">
                      <matrix sid="matrix">0.2468719 -0.003509063 0.9690419 0.2309459 -0.9681306 -0.04439593 0.2464789 0.03429428 0.04215658 -0.9990079 -0.01435734 0.02691686 0 0 0 1</matrix>
                      <node id="node-Bone030" name="Bone030">
                        <matrix sid="matrix">0.9382119 -0.008607941 0.3459541 0.04605383 0.00955295 0.9999537 -0.001026582 -7.45058e-8 -0.3459292 0.004268032 0.9382508 -3.93391e-6 0 0 0 1</matrix>
                        <node id="node-Bone031" name="Bone031">
                          <matrix sid="matrix">0.9561342 -0.1490376 0.2521812 0.04755458 0.1378818 0.9885411 0.06144868 1.11759e-8 -0.2584493 -0.02398196 0.9657272 1.19209e-7 0 0 0 1</matrix>
                          <node id="node-Bone032" name="Bone032">
                            <matrix sid="matrix">0.9186164 -0.0314551 0.3938974 0.05169505 0.0498569 0.9980865 -0.03656892 -3.72529e-9 -0.3919936 0.05323124 0.9184271 1.19209e-7 0 0 0 1</matrix>
                            <node id="node-Bone033" name="Bone033">
                              <matrix sid="matrix">0.8111652 0.3096425 0.4961174 0.06606317 -0.1042661 0.9113098 -0.3982994 0 -0.575447 0.2713584 0.771508 1.19209e-7 0 0 0 1</matrix>
                              <node id="node-Bone034" name="Bone034">
                                <matrix sid="matrix">0.7747904 0.5620064 -0.289567 0.0601095 -0.4723535 0.2101552 -0.855989 1.49012e-8 -0.4202169 0.7999899 0.4282917 0 0 0 0 1</matrix>
                                <node id="node-Bone035" name="Bone035">
                                  <matrix sid="matrix">0.8170457 0.3689321 -0.4430858 0.05975628 -0.5629946 0.6762862 -0.475051 -2.98023e-8 0.1243911 0.6375932 0.760264 -5.96046e-8 0 0 0 1</matrix>
                                  <node id="node-Bone036" name="Bone036">
                                    <matrix>0.8694143 0.01521923 -0.4938492 0.05263561 -0.02966294 0.9993309 -0.02142414 0 0.4931929 0.03327526 0.8692835 0 0 0 0 1</matrix>
                                  </node>
                                </node>
                              </node>
                            </node>
                          </node>
                        </node>
                      </node>
                    </node>
                    <node id="node-Bone037" name="Bone037">
                      <matrix sid="matrix">0.01606011 -3.03814e-4 0.9998711 0.2221859 -0.9997805 -0.01345683 0.0160546 0.004512429 0.01345022 -0.9999096 -5.19872e-4 0.05774582 0 0 0 1</matrix>
                      <node id="node-Bone038" name="Bone038">
                        <matrix sid="matrix">0.9103365 -0.1525447 0.3847314 0.0445945 0.1487596 0.9880728 0.0397787 5.21541e-8 -0.3862107 0.02102045 0.9221714 1.19209e-7 0 0 0 1</matrix>
                        <node id="node-Bone039" name="Bone039">
                          <matrix sid="matrix">0.8153234 -0.4097921 0.4090441 0.05171019 0.2567328 0.8890811 0.3789766 5.12227e-9 -0.5189752 -0.2039735 0.8300958 -1.66893e-6 0 0 0 1</matrix>
                          <node id="node-Bone040" name="Bone040">
                            <matrix sid="matrix">0.9392492 -0.2728726 0.2082093 0.06625342 0.2098239 0.9365323 0.2808582 -1.49012e-8 -0.2716334 -0.2201086 0.9368925 0 0 0 0 1</matrix>
                            <node id="node-Bone041" name="Bone041">
                              <matrix sid="matrix">0.976055 0.1434253 0.1635433 0.07592785 -0.002354011 0.7587569 -0.6513703 2.08616e-7 -0.2175125 0.6353881 0.7409257 0 0 0 0 1</matrix>
                              <node id="node-Bone042" name="Bone042">
                                <matrix sid="matrix">0.9012278 0.4231413 -0.09348366 0.05424118 -0.4134516 0.7749979 -0.4779485 0 -0.1297902 0.4693919 0.8733988 2.38419e-7 0 0 0 1</matrix>
                                <node id="node-Bone043" name="Bone043">
                                  <matrix>0.7633407 0.4381691 -0.4746784 0.1070514 -0.4467451 -0.1726973 -0.8778356 -4.47035e-8 -0.4666158 0.8821476 0.06392279 0 0 0 0 1</matrix>
                                </node>
                              </node>
                            </node>
                          </node>
                        </node>
                      </node>
                    </node>
                    <node id="node-Bone055" name="Bone055">
                      <matrix sid="matrix">-0.06418139 8.41171e-6 0.997939 0.2017386 -0.9948035 -0.07920291 -0.06397921 0.01348099 0.07903907 -0.9968585 0.005091706 0.06964707 0 0 0 1</matrix>
                      <node id="node-Bone056" name="Bone056">
                        <matrix sid="matrix">0.7980168 -0.1358892 0.5871145 0.07249787 0.1072195 0.9907172 0.08356932 3.50177e-7 -0.5930203 -0.003739596 0.8051786 0 0 0 0 1</matrix>
                        <node id="node-Bone057" name="Bone057">
                          <matrix sid="matrix">0.9079205 0.2877964 0.3047182 0.062585 -0.1776834 0.9227233 -0.3420672 -3.29688e-7 -0.3796162 0.2564265 0.8888962 1.19209e-7 0 0 0 1</matrix>
                          <node id="node-Bone058" name="Bone058">
                            <matrix sid="matrix">0.8436661 0.5177533 0.1419842 0.06108952 -0.2898074 0.6618297 -0.6913706 2.98023e-8 -0.4519286 0.5421381 0.7084117 1.19209e-7 0 0 0 1</matrix>
                            <node id="node-Bone059" name="Bone059">
                              <matrix sid="matrix">0.9600433 -0.2798446 0.001991659 0.07517004 -0.004460171 -0.008184178 0.9999563 5.96046e-8 -0.2798162 -0.9600105 -0.009105362 0 0 0 0 1</matrix>
                              <node id="node-Bone060" name="Bone060">
                                <matrix>0.8586497 -0.1722088 -0.4827678 0.08048642 0.465779 0.6552849 0.5946857 6.70552e-8 0.2139404 -0.7354898 0.6428716 -7.45058e-8 0 0 0 1</matrix>
                              </node>
                            </node>
                          </node>
                        </node>
                      </node>
                    </node>
                    <node id="node-Bone061" name="Bone061">
                      <matrix sid="matrix">-0.2523782 1.06424e-4 0.9676287 0.1766739 -0.9450017 -0.2150194 -0.2464528 0.01386437 0.2080328 -0.97661 0.05436675 0.08004998 0 0 0 1</matrix>
                      <node id="node-Bone062" name="Bone062">
                        <matrix sid="matrix">0.9145069 0.03489684 0.4030621 0.06630632 -0.03020233 0.9993818 -0.01799965 7.45058e-8 -0.4034411 0.004287384 0.9149957 -1.90735e-6 0 0 0 1</matrix>
                        <node id="node-Bone063" name="Bone063">
                          <matrix sid="matrix">0.8134568 0.568153 0.124461 0.05577612 -0.4520564 0.752242 -0.4793499 -1.49012e-8 -0.3659689 0.3336672 0.8687537 -1.19209e-7 0 0 0 1</matrix>
                          <node id="node-Bone064" name="Bone064">
                            <matrix sid="matrix">0.662527 0.3996958 -0.6334831 0.05538917 -0.4307443 -0.4885951 -0.7587713 -5.96046e-8 -0.6127947 0.7755761 -0.1515407 0 0 0 0 1</matrix>
                            <node id="node-Bone065" name="Bone065">
                              <matrix>0.8752897 0.08609417 -0.4758735 0.05682147 -0.3054109 0.8613694 -0.4059147 0 0.374956 0.5006298 0.780242 0 0 0 0 1</matrix>
                            </node>
                          </node>
                        </node>
                      </node>
                    </node>
                    <node id="node-Bone077" name="Bone077">
                      <matrix sid="matrix">0.0241653 -6.88642e-4 0.9997079 0.1375992 -0.8690476 -0.494297 0.02066636 0.0314253 0.4941383 -0.869293 -0.0125433 0.0596832 0 0 0 1</matrix>
                      <node id="node-Bone078" name="Bone078">
                        <matrix sid="matrix">0.7322391 -0.501463 0.4608264 0.06178033 0.4202661 0.8651533 0.273654 4.61936e-7 -0.5359128 -0.006710442 0.8442469 4.37498e-5 0 0 0 1</matrix>
                        <node id="node-Bone079" name="Bone079">
                          <matrix sid="matrix">0.7217534 -0.6827778 0.1135184 0.1102704 0.4472322 0.5852181 0.6763892 0 -0.5282569 -0.4374172 0.7277433 2.38419e-7 0 0 0 1</matrix>
                          <node id="node-Bone080" name="Bone080">
                            <matrix sid="matrix">0.8627448 0.2077764 0.4609779 0.1663148 -0.08117065 0.9567593 -0.2793248 0 -0.499082 0.2035684 0.8423049 0 0 0 0 1</matrix>
                            <node id="node-Bone081" name="Bone081">
                              <matrix>0.9320754 0.1246796 -0.340132 0.137991 -0.1721553 -0.673667 -0.7187042 0 -0.3187434 0.7284418 -0.6064443 0 0 0 0 1</matrix>
                            </node>
                          </node>
                        </node>
                      </node>
                    </node>
                    <node id="node-Bone066" name="Bone066">
                      <matrix sid="matrix">-0.2776035 0.003219765 0.9606904 0.1378932 -0.9344316 0.2313221 -0.2707911 0.009998858 -0.2231008 -0.972872 -0.06120717 -0.07983375 0 0 0 1</matrix>
                      <node id="node-Bone067" name="Bone067">
                        <matrix sid="matrix">0.7810588 0.4158625 0.4658391 0.081056 -0.3284307 0.9080499 -0.2599612 -3.72529e-8 -0.531113 0.05004906 0.8458217 -3.21865e-6 0 0 0 1</matrix>
                        <node id="node-Bone068" name="Bone068">
                          <matrix sid="matrix">0.8253241 0.5340847 0.1832866 0.064134 -0.3274218 0.7171118 -0.6152602 -2.38419e-7 -0.4600385 0.4477772 0.7667208 2.38419e-7 0 0 0 1</matrix>
                          <node id="node-Bone069" name="Bone069">
                            <matrix sid="matrix">0.9713537 0.237347 0.01176479 0.08350718 -0.2370583 0.9712513 -0.02177245 -2.98023e-8 -0.01659444 0.01835978 0.9996938 -5.96046e-8 0 0 0 1</matrix>
                            <node id="node-Bone070" name="Bone070">
                              <matrix sid="matrix">0.953855 0.09288266 0.2855403 0.08289552 -0.1628791 0.9589409 0.2321706 -2.98023e-8 -0.2522513 -0.2679659 0.9298192 5.96046e-8 0 0 0 1</matrix>
                              <node id="node-Bone071" name="Bone071">
                                <matrix sid="matrix">0.9439583 -0.06269893 0.3240557 0.06400192 -0.05073656 0.9425597 0.3301618 5.96046e-8 -0.3261428 -0.3281002 0.8865559 0 0 0 0 1</matrix>
                                <node id="node-Bone072" name="Bone072">
                                  <matrix>0.9640759 -0.03288294 -0.2635826 0.07497573 0.2330033 -0.3717678 0.8986086 0 -0.1275405 -0.9277431 -0.3507507 0 0 0 0 1</matrix>
                                </node>
                              </node>
                            </node>
                          </node>
                        </node>
                      </node>
                    </node>
                    <node id="node-Bone073" name="Bone073">
                      <matrix sid="matrix">-0.2726907 0.00197217 0.9621001 0.09248972 -0.9597784 0.06889436 -0.272174 -0.03078893 -0.06682002 -0.997622 -0.01689401 -0.07006145 0 0 0 1</matrix>
                      <node id="node-Bone074" name="Bone074">
                        <matrix sid="matrix">0.5861521 0.4860858 0.648187 0.05861647 -0.2251902 0.8662522 -0.4459783 0 -0.7782767 0.1154456 0.6172172 1.19209e-7 0 0 0 1</matrix>
                        <node id="node-Bone075" name="Bone075">
                          <matrix sid="matrix">0.9639759 -0.2452884 0.102882 0.08270764 0.1587606 0.8409175 0.5173522 0 -0.2134157 -0.482381 0.8495663 0 0 0 0 1</matrix>
                          <node id="node-Bone076" name="Bone076">
                            <matrix>0.9027886 -0.3799327 -0.201553 0.1038884 0.1286856 -0.2085411 0.9695107 7.45058e-9 -0.4103808 -0.9012 -0.1393765 -1.19209e-7 0 0 0 1</matrix>
                          </node>
                        </node>
                      </node>
                    </node>
                    <node id="node-Bone082" name="Bone082">
                      <matrix sid="matrix">-0.2856389 0.001444988 0.9583364 0.09530389 -0.9572121 -0.04887078 -0.2852302 -0.03142175 0.04642248 -0.9988042 0.01534255 0.06847608 0 0 0 1</matrix>
                      <node id="node-Bone083" name="Bone083">
                        <matrix sid="matrix">0.6372151 -0.475763 0.6063052 0.05861519 0.229884 0.868231 0.4396904 2.16067e-7 -0.7356017 -0.1407977 0.6626203 4.76837e-6 0 0 0 1</matrix>
                        <node id="node-Bone084" name="Bone084">
                          <matrix sid="matrix">0.969759 0.2137094 0.1178818 0.08271182 -0.1294139 0.8597569 -0.4940355 2.98023e-8 -0.2069295 0.4638399 0.8614139 2.38419e-7 0 0 0 1</matrix>
                          <node id="node-Bone085" name="Bone085">
                            <matrix sid="matrix">0.8517513 0.5018107 -0.1506858 0.1038885 -0.2203132 0.08208283 -0.971969 -1.2666e-7 -0.4753759 0.8610739 0.1804697 -2.38419e-7 0 0 0 1</matrix>
                            <node id="node-Bone086" name="Bone086">
                              <matrix>0.9832618 0.0432294 -0.1769953 0.1096957 -0.123718 0.8715612 -0.4744205 2.38419e-7 0.1337534 0.4883772 0.8623212 5.96046e-8 0 0 0 1</matrix>
                            </node>
                          </node>
                        </node>
                      </node>
                    </node>
                  </node>
                </node>
                <node id="node-Bip001_backpack_01" name="Bip001_backpack_01">
                  <matrix sid="matrix">-0.964295 0.2644451 -0.01427722 0.2015829 -0.2613096 -0.9588536 -0.1109824 -0.08788389 -0.04303849 -0.103289 0.9937198 2.94447e-5 0 0 0 1</matrix>
                  <node id="node-Bip001_rope_01" name="Bip001_rope_01">
                    <matrix sid="matrix">0.8929611 0.06643501 -0.4452033 0.4240898 0.1785819 -0.9601679 0.2149086 0.08793581 -0.4131927 -0.2714104 -0.8692572 0.09922796 0 0 0 1</matrix>
                    <node id="node-Bip001_rope_02" name="Bip001_rope_02">
                      <matrix sid="matrix">0.9828402 0.02337417 -0.1829722 0.09589601 0.03443918 -0.9977495 0.05753009 8.32081e-5 -0.1812156 -0.06284431 -0.9814333 5.24521e-6 0 0 0 1</matrix>
                      <node id="node-Bip001_rope_03" name="Bip001_rope_03">
                        <matrix sid="matrix">0.3592377 0.1443579 -0.9220138 0.104854 -0.3152702 0.9486541 0.02569231 -9.84669e-5 0.878381 0.2814538 0.386304 -0.001055211 0 0 0 1</matrix>
                      </node>
                    </node>
                  </node>
                  <node id="node-Bip001_Xtra17" name="Bip001_Xtra17">
                    <matrix>-0.04419929 -0.7063962 -0.7064352 0.1551487 0.9990226 -0.03164944 -0.03085801 0.112457 -5.60291e-4 -0.7071087 0.7071047 6.88583e-5 0 0 0 1</matrix>
                    <node id="node-Bip001_Xtra18" name="Bip001_Xtra18">
                      <matrix>1 2.98023e-8 5.96046e-8 0.02474689 2.98023e-8 1 3.27826e-7 -2.25306e-5 2.98023e-8 -3.12924e-7 1 0 0 0 0 1</matrix>
                    </node>
                    <node id="node-Bip001_Xtra19" name="Bip001_Xtra19">
                      <matrix>0.9999995 -7.96378e-4 7.97212e-4 0.0290457 -7.96348e-4 -0.9999998 -1.51992e-6 0.02995086 7.97302e-4 8.49366e-7 -0.9999998 -7.4923e-5 0 0 0 1</matrix>
                    </node>
                    <node id="node-Bip001_Xtra20" name="Bip001_Xtra20">
                      <matrix>0.9999918 -0.003981262 7.88957e-4 0.02889752 0.003981292 0.999992 6.31809e-6 -0.03234428 -7.88927e-4 -3.11434e-6 0.9999997 -7.49826e-5 0 0 0 1</matrix>
                    </node>
                  </node>
                  <node id="node-Bip001_Xtra01" name="Bip001_Xtra01">
                    <matrix sid="matrix">0.9374512 -0.3303062 0.1099226 0.2140251 0.3229794 0.9430716 0.07937445 0.0537461 -0.1298828 -0.03890689 0.9907658 0.1710405 0 0 0 1</matrix>
                  </node>
                  <node id="node-Bip001_Xtra01Opp" name="Bip001_Xtra01Opp">
                    <matrix sid="matrix">0.9701596 -0.2078585 0.1248408 0.2140112 0.1993928 0.9768902 0.07699509 0.05374229 -0.1379598 -0.04980507 0.9891847 -0.1722592 0 0 0 1</matrix>
                  </node>
                </node>
                <node id="node-Bip001_L_Clavicle" name="Bip001_L_Clavicle">
                  <matrix sid="matrix">-0.2570302 -7.52956e-4 0.9664031 0.1406267 -0.3143821 -0.9455415 -0.08435154 0.02467203 0.9138377 -0.3255008 0.242796 0.05035807 0 0 0 1</matrix>
                  <node id="node-Bip001_L_UpperArm" name="Bip001_L_UpperArm">
                    <matrix sid="matrix">0.4424495 0.3753314 0.814472 0.17644 -0.3275318 0.9130964 -0.2428536 2.98023e-8 -0.8348421 -0.1593151 0.526932 0 0 0 0 1</matrix>
                    <node id="node-Bip001_L_Forearm" name="Bip001_L_Forearm">
                      <matrix sid="matrix">0.1593513 0.9872221 -2.98023e-8 0.3022251 -0.987222 0.1593513 7.45058e-9 0 0 -2.98023e-8 1 0 0 0 0 1</matrix>
                      <node id="node-Bip001_L_Hand" name="Bip001_L_Hand">
                        <matrix sid="matrix">0.9802368 -0.1308387 -0.1483817 0.3035219 0.1286174 -0.1484024 0.9805276 -5.96046e-8 -0.1503112 -0.9802337 -0.1286413 5.96046e-8 0 0 0 1</matrix>
                        <node id="node-Bip001_L_Finger0" name="Bip001_L_Finger0">
                          <matrix>0.7808142 0.4576352 0.4253217 0.01779106 0.477717 0.001403809 -0.8785124 0.01367193 -0.4026361 0.889138 -0.2175245 -0.02770388 0 0 0 1</matrix>
                          <node id="node-Bip001_L_Finger01" name="Bip001_L_Finger01">
                            <matrix>0.9399817 -0.341225 -3.1665e-8 0.05085599 0.341225 0.9399816 0 0 7.07805e-8 -6.70552e-8 0.9999999 -5.96046e-8 0 0 0 1</matrix>
                            <node id="node-Bip001_L_Finger02" name="Bip001_L_Finger02">
                              <matrix>0.8832186 -0.4689612 1.11759e-8 0.03437001 0.4689612 0.8832188 -7.45058e-9 0 -1.49012e-8 3.35276e-8 1 5.96046e-8 0 0 0 1</matrix>
                            </node>
                          </node>
                        </node>
                        <node id="node-Bip001_L_Finger1" name="Bip001_L_Finger1">
                          <matrix>0.9421898 -0.2515205 0.221394 0.08567598 0.3265597 0.8373001 -0.4385057 -0.005999684 -0.07508042 0.4854538 0.8710322 -0.02973521 0 0 0 1</matrix>
                          <node id="node-Bip001_L_Finger11" name="Bip001_L_Finger11">
                            <matrix>0.9561216 -0.2929705 2.98023e-8 0.05795404 0.2929704 0.9561217 2.98023e-8 0 -1.19209e-7 -1.49012e-8 1 1.19209e-7 0 0 0 1</matrix>
                            <node id="node-Bip001_L_Finger12" name="Bip001_L_Finger12">
                              <matrix>0.9782761 -0.2073059 0 0.03285104 0.2073058 0.9782763 -2.98023e-8 -5.96046e-8 0 -2.98023e-8 1 0 0 0 0 1</matrix>
                            </node>
                          </node>
                        </node>
                        <node id="node-Bip001_L_Finger2" name="Bip001_L_Finger2">
                          <matrix>0.9099869 -0.4107479 0.05666205 0.090323 0.4146228 0.9026114 -0.1156754 -0.01052219 -0.003631055 0.128756 0.9916695 -0.005256593 0 0 0 1</matrix>
                          <node id="node-Bip001_L_Finger21" name="Bip001_L_Finger21">
                            <matrix>0.9248528 -0.380325 5.96046e-8 0.05795395 0.3803251 0.9248529 -3.72529e-8 0 2.98023e-8 -1.49012e-8 1 0 0 0 0 1</matrix>
                            <node id="node-Bip001_L_Finger22" name="Bip001_L_Finger22">
                              <matrix>0.9723518 -0.2335214 0 0.04148114 0.2335214 0.9723518 1.49012e-8 -5.96046e-8 -2.98023e-8 2.98023e-8 1 0 0 0 0 1</matrix>
                            </node>
                          </node>
                        </node>
                        <node id="node-Bip001_L_Finger3" name="Bip001_L_Finger3">
                          <matrix>0.843789 -0.5217912 -0.1255119 0.08558705 0.5360589 0.8306488 0.1505462 -0.009840548 0.02570212 -0.1943112 0.9806033 0.02070284 0 0 0 1</matrix>
                          <node id="node-Bip001_L_Finger31" name="Bip001_L_Finger31">
                            <matrix>0.9207934 -0.3900507 5.96046e-8 0.05795401 0.3900508 0.9207934 0 0 5.96046e-8 5.96046e-8 1 0 0 0 0 1</matrix>
                            <node id="node-Bip001_L_Finger32" name="Bip001_L_Finger32">
                              <matrix>0.8840971 -0.4673035 -2.98023e-8 0.03192705 0.4673035 0.8840971 0 0 -7.45058e-8 -5.96046e-8 1 -1.19209e-7 0 0 0 1</matrix>
                            </node>
                          </node>
                        </node>
                        <node id="node-Bip001_L_Finger4" name="Bip001_L_Finger4">
                          <matrix>0.8470811 -0.3881949 -0.362986 0.08973405 0.4792495 0.8531645 0.2059859 -0.004826784 0.2297239 -0.348447 0.9087421 0.04668492 0 0 0 1</matrix>
                          <node id="node-Bip001_L_Finger41" name="Bip001_L_Finger41">
                            <matrix>0.8490502 -0.528312 0 0.03496796 0.528312 0.8490502 1.49012e-8 -2.98023e-8 -2.98023e-8 5.96046e-8 1 0 0 0 0 1</matrix>
                            <node id="node-Bip001_L_Finger42" name="Bip001_L_Finger42">
                              <matrix>0.9036931 -0.4281808 -2.98023e-8 0.02205008 0.4281809 0.903693 -5.96046e-8 -5.96046e-8 -4.47035e-8 -5.96046e-8 0.9999999 0 0 0 0 1</matrix>
                            </node>
                          </node>
                        </node>
                      </node>
                    </node>
                    <node id="node-Bip001_L_ForeTwist" name="Bip001_L_ForeTwist">
                      <matrix sid="matrix">0.1593513 0.9866972 0.03219032 0.3022251 -0.987222 0.1592666 0.00519596 0 0 -0.03260696 0.9994683 0 0 0 0 1</matrix>
                      <node id="node-Bip001_L_ForeTwist1" name="Bip001_L_ForeTwist1">
                        <matrix sid="matrix">1 -5.96046e-8 0 0.101174 0 0.9994683 0.03260696 0 -1.49012e-8 -0.03260699 0.9994682 0 0 0 0 1</matrix>
                        <node id="node-Bip001_L_ForeTwist2" name="Bip001_L_ForeTwist2">
                          <matrix sid="matrix">1 0 0 0.1011739 0 0.9994683 0.03260702 -1.19209e-7 1.49012e-8 -0.03260693 0.9994684 5.96046e-8 0 0 0 1</matrix>
                        </node>
                      </node>
                    </node>
                  </node>
                  <node id="node-Bip001_LUpArmTwist" name="Bip001_LUpArmTwist">
                    <matrix sid="matrix">0.4424495 0.5182146 0.7319098 0.17644 -0.3275318 0.8531389 -0.4060507 2.98023e-8 -0.8348421 -0.06006688 0.5472026 0 0 0 0 1</matrix>
                    <node id="node-Bip001_LUpArmTwist1" name="Bip001_LUpArmTwist1">
                      <matrix sid="matrix">1 5.96046e-8 0 0.1007417 2.98023e-8 0.998114 0.06138583 0 0 -0.06138584 0.998114 -5.96046e-8 0 0 0 1</matrix>
                      <node id="node-Bip001_LUpArmTwist2" name="Bip001_LUpArmTwist2">
                        <matrix sid="matrix">1 0 0 0.1007416 -2.98023e-8 0.9981142 0.06138586 -2.98023e-8 0 -0.06138587 0.9981142 0 0 0 0 1</matrix>
                      </node>
                    </node>
                  </node>
                </node>
                <node id="node-Bip001_R_Clavicle" name="Bip001_R_Clavicle">
                  <matrix sid="matrix">-0.1082761 -7.5984e-4 -0.9941205 0.1406265 -0.297203 -0.9542403 0.03309971 0.02467239 -0.9486552 0.2990395 0.1030956 -0.05035794 0 0 0 1</matrix>
                  <node id="node-Bip001_R_UpperArm" name="Bip001_R_UpperArm">
                    <matrix sid="matrix">0.3981402 0.2745549 -0.8752735 0.17644 -0.359233 0.9246174 0.1266268 0 0.8440592 0.264012 0.4667565 0 0 0 0 1</matrix>
                    <node id="node-Bip001_R_Forearm" name="Bip001_R_Forearm">
                      <matrix sid="matrix">-0.3520421 0.9359841 2.98023e-8 0.302225 -0.9359841 -0.3520421 0 0 3.72529e-9 2.98023e-8 0.9999999 0 0 0 0 1</matrix>
                      <node id="node-Bip001_R_Hand" name="Bip001_R_Hand">
                        <matrix sid="matrix">0.9320298 -0.3622703 -0.008974567 0.3035221 -0.04577918 -0.09313887 -0.9946001 0 0.3594782 0.9274079 -0.1033926 0 0 0 0 1</matrix>
                        <node id="node-Bip001_R_Finger0" name="Bip001_R_Finger0">
                          <matrix>0.780814 0.4576358 -0.4253216 0.017791 0.477717 0.001403838 0.8785124 0.01367193 0.4026365 -0.8891379 -0.2175246 0.02770388 0 0 0 1</matrix>
                          <node id="node-Bip001_R_Finger01" name="Bip001_R_Finger01">
                            <matrix>0.9399816 -0.341225 7.45058e-9 0.05085599 0.3412249 0.9399816 0 -1.19209e-7 -4.09782e-8 -5.96046e-8 1 -5.96046e-8 0 0 0 1</matrix>
                            <node id="node-Bip001_R_Finger02" name="Bip001_R_Finger02">
