<?xml version="1.0" encoding="utf-8"?>
<COLLADA xmlns="http://www.collada.org/2005/11/COLLADASchema" version="1.4.1">
  <asset>
    <contributor>
      <author>Setsu</author>
      <authoring_tool>OpenCOLLADA for 3ds Max;  Version: 1.3.1;  Revision: 847M;  Platform: x64;  Configuration: Release_Max2012_static</authoring_tool>
      <source_data>file:///D:/_Work/webgl/models/man/animation/melee/walk_frw2.max</source_data>
    </contributor>
    <created>2012-09-05T13:19:29</created>
    <modified>2012-09-05T13:19:29</modified>
    <unit name="meter" meter="1"/>
    <up_axis>Z_UP</up_axis>
  </asset>
  <library_lights>
    <light id="EnvironmentAmbientLight" name="EnvironmentAmbientLight">
      <technique_common>
        <ambient>
          <color>0.019608 0.019608 0.019608</color>
        </ambient>
      </technique_common>
    </light>
  </library_lights>
  <library_visual_scenes>
    <visual_scene id="MaxScene">
      <node name="EnvironmentAmbientLight">
        <instance_light url="#EnvironmentAmbientLight"/>
      </node>
      <node id="node-Bip001" name="Bip001">
        <matrix sid="matrix">0.01963401 0.9995932 0.02068768 0.03422657 -0.9995883 0.01919252 0.02132754 0 0.02092182 -0.02109791 0.9995585 0.9151394 0 0 0 1</matrix>
        <node id="node-Bip001_Footsteps" name="Bip001_Footsteps">
          <matrix sid="matrix">0.01963401 -0.9995884 0.02092182 -0.01927049 0.9995932 0.01919251 -0.02109791 0.01943269 0.02068769 0.02132754 0.9995585 -0.920665 0 0 0 1</matrix>
        </node>
        <node id="node-Bip001_Pelvis" name="Bip001_Pelvis">
          <matrix sid="matrix">0.01665174 0.9997277 0.01635432 -0.02787201 -0.03410957 -0.01577908 0.9992937 -1.30385e-8 0.9992794 -0.01719781 0.03383753 0 0 0 0 1</matrix>
          <node id="node-Bip001_Spine" name="Bip001_Spine">
            <matrix sid="matrix">0.9944065 -0.1010755 0.03065386 0.1065014 0.1022591 0.9939584 -0.03987358 0.01430228 -0.02643842 0.04278518 0.9987344 0.003857121 0 0 0 1</matrix>
            <node id="node-Bip001_Spine1" name="Bip001_Spine1">
              <matrix sid="matrix">0.9862845 -0.1648631 -0.007936414 0.1646557 0.1649006 0.9863008 0.004317204 -1.29312e-4 0.007115941 -0.00556671 0.9999592 7.30157e-7 0 0 0 1</matrix>
              <node id="node-Bip001_Spine2" name="Bip001_Spine2">
                <matrix sid="matrix">0.9739044 0.2265584 -0.01348288 0.1646041 -0.2267821 0.9737721 -0.01837887 -1.27614e-4 0.008965362 0.02095694 0.9997404 -2.74926e-6 0 0 0 1</matrix>
                <node id="node-Bip001_Neck" name="Bip001_Neck">
                  <matrix sid="matrix">0.9298505 -0.3672197 0.0229752 0.1743845 0.3667555 0.9300557 0.02206945 -0.007499013 -0.02947255 -0.012095 0.9994925 7.15256e-7 0 0 0 1</matrix>
                  <node id="node-Bip001_Head" name="Bip001_Head">
                    <matrix sid="matrix">0.9241393 0.3723248 -0.08567961 0.08448005 -0.3720403 0.928004 0.01986468 0.03011221 0.08690713 0.01351851 0.9961244 7.45058e-8 0 0 0 1</matrix>
                    <node id="node-Bip001_AngryBrowR" name="Bip001_AngryBrowR">
                      <matrix>0.001812059 -0.9852681 0.1710073 0.1354003 0.9995395 -0.003395716 -0.03015607 0.1043413 0.03029251 0.1709832 0.9848081 -0.01978299 0 0 0 1</matrix>
                    </node>
                    <node id="node-Bip001_SillyBrowL" name="Bip001_SillyBrowL">
                      <matrix>-0.004057251 -0.9597188 -0.280933 0.1346171 0.7867901 0.170333 -0.593252 0.08548476 0.6172074 -0.2234423 0.7544062 0.05988093 0 0 0 1</matrix>
                    </node>
                    <node id="node-Bip001_SillyBrowR" name="Bip001_SillyBrowR">
                      <matrix>-0.004057258 -0.9597204 0.2809277 0.1346172 0.7867935 0.1703286 0.5932487 0.08548506 -0.6172029 0.2234391 0.7544108 -0.05988044 0 0 0 1</matrix>
                    </node>
                    <node id="node-Bip001_jaw" name="Bip001_jaw">
                      <matrix sid="matrix">0.3710408 -0.9275407 0.04468642 0.07394218 0.8026209 0.3445285 0.4869288 0.01053736 -0.4670421 -0.1448042 0.8722978 1.21109e-5 0 0 0 1</matrix>
                      <node id="node-Bip001_lowerLipL" name="Bip001_lowerLipL">
                        <matrix sid="matrix">0.7819589 -1.76852e-6 0.6233304 0.1074493 -0.6233305 -2.602e-6 0.7819588 -0.03484035 2.45054e-7 -1 -3.23605e-6 0.009658769 0 0 0 1</matrix>
                      </node>
                      <node id="node-Bip001_lowerLipR" name="Bip001_lowerLipR">
                        <matrix sid="matrix">-0.8336918 -0.3554345 0.4226402 0.107451 0.3746153 -0.9263147 -0.04005909 -0.03483558 0.4057361 0.1249305 0.9054118 -0.009654712 0 0 0 1</matrix>
                      </node>
                    </node>
                    <node id="node-Bip001_upperLipL" name="Bip001_upperLipL">
                      <matrix>5.08502e-7 -6.59004e-6 -0.9999999 0.04530883 1 3.24124e-6 5.79283e-7 0.116103 3.26929e-6 -1 6.52298e-6 0.00955525 0 0 0 1</matrix>
                    </node>
                    <node id="node-Bip001_upperLipR" name="Bip001_upperLipR">
                      <matrix>5.1409e-7 -1.21333e-5 0.9999999 0.04530907 1 -2.31399e-6 -5.75557e-7 0.1161031 2.29187e-6 1 1.20737e-5 -0.009554613 0 0 0 1</matrix>
                    </node>
                    <node id="node-Bip001_AngryBrowL" name="Bip001_AngryBrowL">
                      <matrix>0.001812058 -0.9852672 -0.1710128 0.1354003 0.9995396 -0.003394933 0.03015059 0.1043411 -0.03028696 -0.1709887 0.9848074 0.01978356 0 0 0 1</matrix>
                    </node>
                    <node id="node-Bone050" name="Bone050">
                      <matrix>-0.2718078 -3.81842e-7 0.9623519 0.1766742 -0.9409114 0.2099089 -0.2657522 0.01386481 -0.202006 -0.977721 -0.0570552 -0.08004201 0 0 0 1</matrix>
                      <node id="node-Bone051" name="Bone051">
                        <matrix>0.8727056 -0.06772891 0.4835262 0.06664181 0.04994022 0.9975201 0.04958951 1.49012e-8 -0.4856859 -0.01912964 0.8739239 0 0 0 0 1</matrix>
                        <node id="node-Bone052" name="Bone052">
                          <matrix>0.9062541 -0.388685 0.1662162 0.05545199 0.2715809 0.8366386 0.4756894 1.49012e-8 -0.323956 -0.3859543 0.8637663 0 0 0 0 1</matrix>
                          <node id="node-Bone053" name="Bone053">
                            <matrix>0.818351 -0.4357321 -0.3747522 0.05517268 0.1430369 -0.4771262 0.8671164 -1.49012e-8 -0.5566344 -0.763209 -0.3281313 0 0 0 0 1</matrix>
                            <node id="node-Bone054" name="Bone054">
                              <matrix>0.8138614 -0.1123602 -0.5700921 0.05649626 0.4602881 0.7234693 0.5145156 -1.49012e-8 0.3546329 -0.681151 0.6405218 2.98023e-8 0 0 0 1</matrix>
                            </node>
                          </node>
                        </node>
                      </node>
                    </node>
                    <node id="node-Bone044" name="Bone044">
                      <matrix>-0.09140615 -3.83705e-7 0.9958136 0.2017387 -0.9919919 0.08753213 -0.09105524 0.01348137 -0.08716564 -0.9961616 -0.00800135 -0.06964708 0 0 0 1</matrix>
                      <node id="node-Bone045" name="Bone045">
                        <matrix>0.7861627 0.1194515 0.6063657 0.07249831 -0.0878349 0.9927797 -0.08169392 2.68221e-7 -0.611746 0.01096465 0.7909784 -1.43051e-6 0 0 0 1</matrix>
                        <node id="node-Bone046" name="Bone046">
                          <matrix>0.9278775 -0.2364843 0.2883029 0.0625881 0.1528028 0.9464126 0.2845247 -1.19209e-7 -0.3401393 -0.2199505 0.9142908 4.05312e-6 0 0 0 1</matrix>
                          <node id="node-Bone047" name="Bone047">
                            <matrix>0.9307665 -0.3523222 0.09768248 0.06108749 0.1767301 0.6674465 0.7233816 4.47035e-8 -0.3200613 -0.6560363 0.683503 -1.78814e-7 0 0 0 1</matrix>
                            <node id="node-Bone048" name="Bone048">
                              <matrix>0.9457324 0.2373301 -0.221957 0.07517111 -0.2279812 -0.002116365 -0.9736634 -9.31323e-10 -0.2315491 0.971427 0.05210517 0 0 0 0 1</matrix>
                              <node id="node-Bone049" name="Bone049">
                                <matrix>0.8586522 0.1722122 -0.4827631 0.08048511 -0.4657756 0.6552923 -0.5946813 -1.3411e-7 0.2139393 0.7354832 0.6428802 -2.98023e-8 0 0 0 1</matrix>
                              </node>
                            </node>
                          </node>
                        </node>
                      </node>
                    </node>
                    <node id="node-Bone014" name="Bone014">
                      <matrix>-0.02865492 -3.05474e-7 0.999589 0.222186 -0.9993564 0.02160659 -0.02864822 0.004512731 -0.02159768 -0.9997667 -6.19434e-4 -0.05774582 0 0 0 1</matrix>
                      <node id="node-Bone015" name="Bone015">
                        <matrix>0.8968284 0.1569262 0.4136093 0.04459425 -0.1405922 0.9876002 -0.06985627 1.49012e-8 -0.4194429 0.004498858 0.9077709 -3.57628e-6 0 0 0 1</matrix>
                        <node id="node-Bone016" name="Bone016">
                          <matrix>0.8073794 0.3848706 0.4472287 0.05171204 -0.2289694 0.9029424 -0.3636864 1.41561e-7 -0.5437936 0.1912311 0.8171406 2.38419e-7 0 0 0 1</matrix>
                          <node id="node-Bone017" name="Bone017">
                            <matrix>0.9567487 0.1163465 0.2666372 0.06625271 -0.06016745 0.9758648 -0.209923 -7.45058e-9 -0.284626 0.1848008 0.9406571 0 0 0 0 1</matrix>
                            <node id="node-Bone018" name="Bone018">
                              <matrix>0.9759615 -0.1837635 -0.1171753 0.07592642 0.2160518 0.7450927 0.6309978 1.19209e-7 -0.02864774 -0.6411459 0.7668843 -4.52995e-6 0 0 0 1</matrix>
                              <node id="node-Bone019" name="Bone019">
                                <matrix>0.9469509 -0.1838324 -0.26361 0.05424261 0.2948284 0.8233756 0.4849016 -5.21541e-8 0.1279092 -0.5368977 0.8338952 0 0 0 0 1</matrix>
                                <node id="node-Bone020" name="Bone020">
                                  <matrix>0.7088868 -0.5135252 -0.4834985 0.1070501 0.4797028 -0.1515179 0.8642494 -2.6077e-8 -0.5170728 -0.8445907 0.1389304 0 0 0 0 1</matrix>
                                </node>
                              </node>
                            </node>
                          </node>
                        </node>
                      </node>
                    </node>
                    <node id="node-Bone006" name="Bone006">
                      <matrix>0.196101 -3.35276e-8 0.980584 0.2309459 -0.9789099 0.0584061 0.1957663 0.03429446 -0.05727208 -0.9982929 0.01145345 -0.02691711 0 0 0 1</matrix>
                      <node id="node-Bone007" name="Bone007">
                        <matrix>0.9117422 -0.01410428 0.4105207 0.04605404 0.01401883 0.9998968 0.003218502 0 -0.4105236 0.002820566 0.9118454 0 0 0 0 1</matrix>
                        <node id="node-Bone008" name="Bone008">
                          <matrix>0.9392015 0.1158516 0.3232316 0.04755574 -0.1007923 0.9929102 -0.06300744 1.49012e-8 -0.3282395 0.02659745 0.9442203 -1.19209e-7 0 0 0 1</matrix>
                          <node id="node-Bone009" name="Bone009">
                            <matrix>0.9081647 5.73497e-4 0.4186127 0.05169481 -3.70689e-4 0.9999998 -5.65737e-4 7.45058e-9 -0.4186127 3.58589e-4 0.9081647 0 0 0 0 1</matrix>
                            <node id="node-Bone010" name="Bone010">
                              <matrix>0.9252816 -0.277404 0.2586523 0.0660634 0.1212467 0.8625092 0.4913011 -8.19564e-8 -0.359379 -0.4232312 0.8316981 0 0 0 0 1</matrix>
                              <node id="node-Bone011" name="Bone011">
                                <matrix>0.9589168 -0.2158549 -0.1840784 0.0601083 0.2631019 0.4340237 0.8616267 1.02445e-7 -0.1060918 -0.8746601 0.4729845 0 0 0 0 1</matrix>
                                <node id="node-Bone012" name="Bone012">
                                  <matrix>0.966953 -0.1915677 -0.1682376 0.05975699 0.2547095 0.7547973 0.6044864 8.49366e-7 0.01118529 -0.6273615 0.7786477 -1.19209e-7 0 0 0 1</matrix>
                                  <node id="node-Bone013" name="Bone013">
                                    <matrix>0.8543546 -0.001355864 -0.5196888 0.05263495 0.002830317 0.9999942 0.002043959 -8.9407e-8 0.5196829 -0.003217164 0.8543533 4.76837e-7 0 0 0 1</matrix>
                                  </node>
                                </node>
                              </node>
                            </node>
                          </node>
                        </node>
                      </node>
                    </node>
                    <node id="node-Bone021" name="Bone021">
                      <matrix>0.4470656 -1.49012e-7 0.8945011 0.2271245 -0.8945011 6.32915e-6 0.4470657 0.05075831 -5.72018e-6 -1 2.70084e-6 1.15484e-7 0 0 0 1</matrix>
                      <node id="node-Bone022" name="Bone022">
                        <matrix>0.9064241 4.99189e-6 0.4223689 0.03557789 -5.62007e-6 1 2.42144e-7 -1.49012e-8 -0.4223689 -2.60025e-6 0.9064241 -1.19209e-7 0 0 0 1</matrix>
                        <node id="node-Bone023" name="Bone023">
                          <matrix>0.9613261 -9.56235e-7 0.2754122 0.04570848 9.14559e-7 1 2.64496e-7 -1.11759e-8 -0.2754122 0 0.9613261 -1.19209e-7 0 0 0 1</matrix>
                          <node id="node-Bone024" name="Bone024">
                            <matrix>0.8313263 -1.69221e-6 0.5557855 0.05609787 1.18837e-6 0.9999999 1.27405e-6 1.11759e-8 -0.5557856 -3.94881e-7 0.8313264 -2.14577e-6 0 0 0 1</matrix>
                            <node id="node-Bone025" name="Bone025">
                              <matrix>0.9055952 3.72529e-9 0.4241419 0.06339741 3.72529e-9 1 9.31323e-10 7.45058e-9 -0.4241419 3.72529e-9 0.9055952 7.15256e-7 0 0 0 1</matrix>
                              <node id="node-Bone026" name="Bone026">
                                <matrix>0.9644742 1.10529e-5 0.2641778 0.06756556 -9.16421e-7 1 -3.84995e-5 1.49012e-8 -0.2641777 3.68897e-5 0.9644741 8.9407e-7 0 0 0 1</matrix>
                                <node id="node-Bone027" name="Bone027">
                                  <matrix>0.9817942 -1.13994e-6 -0.1899465 0.07909274 9.83104e-6 1 4.48283e-5 3.72529e-9 0.1899465 -4.58729e-5 0.9817942 -4.91738e-7 0 0 0 1</matrix>
                                  <node id="node-Bone028" name="Bone028">
                                    <matrix>0.9998926 2.06009e-6 0.014662 0.07343221 -1.90735e-6 1 -1.03787e-5 7.45058e-9 -0.01466203 1.03489e-5 0.9998925 5.96046e-8 0 0 0 1</matrix>
                                  </node>
                                </node>
                              </node>
                            </node>
                          </node>
                        </node>
                      </node>
                    </node>
                    <node id="node-Bone029" name="Bone029">
                      <matrix>0.1961011 -9.68575e-8 0.9805838 0.2309459 -0.9789099 -0.0583998 0.1957663 0.03429428 0.05726586 -0.9982933 -0.01145236 0.02691686 0 0 0 1</matrix>
                      <node id="node-Bone030" name="Bone030">
                        <matrix>0.9117725 0.01410466 0.4104537 0.04605377 -0.01401946 0.9998963 -0.003217544 -7.45058e-8 -0.4104564 -0.002820663 0.9118758 -4.05312e-6 0 0 0 1</matrix>
                        <node id="node-Bone031" name="Bone031">
                          <matrix>0.9391772 -0.1158523 0.3233027 0.04755452 0.1007911 0.992911 0.06300679 1.49012e-8 -0.3283098 -0.02658845 0.9441956 1.19209e-7 0 0 0 1</matrix>
                          <node id="node-Bone032" name="Bone032">
                            <matrix>0.9038533 0.04105059 0.4258697 0.05169517 -0.02617576 0.9988273 -0.04072464 -7.45058e-9 -0.4270421 0.02566157 0.9038681 1.19209e-7 0 0 0 1</matrix>
                            <node id="node-Bone033" name="Bone033">
                              <matrix>0.9352223 0.2103268 0.2848187 0.06606317 -0.09208231 0.9212399 -0.3779384 0 -0.3418767 0.3272296 0.8809316 0 0 0 0 1</matrix>
                              <node id="node-Bone034" name="Bone034">
                                <matrix>0.9540269 0.2209559 -0.2025129 0.06010938 -0.2726004 0.3588102 -0.8927173 1.86265e-8 -0.124587 0.9068815 0.4025471 0 0 0 0 1</matrix>
                                <node id="node-Bone035" name="Bone035">
                                  <matrix>0.9640255 0.1841629 -0.1916737 0.05975628 -0.2622839 0.7761134 -0.5734579 -1.49012e-8 0.0431506 0.603101 0.7964967 -5.96046e-8 0 0 0 1</matrix>
                                  <node id="node-Bone036" name="Bone036">
                                    <matrix>0.8694142 0.01521918 -0.4938492 0.05263567 -0.02966281 0.9993308 -0.02142409 -3.72529e-8 0.4931929 0.0332753 0.8692834 0 0 0 0 1</matrix>
                                  </node>
                                </node>
                              </node>
                            </node>
                          </node>
                        </node>
                      </node>
                    </node>
                    <node id="node-Bone037" name="Bone037">
                      <matrix>-0.03296207 1.63913e-7 0.9994566 0.222186 -0.99898 -0.03087517 -0.03294636 0.004512418 0.03085839 -0.9995235 0.00101788 0.05774581 0 0 0 1</matrix>
                      <node id="node-Bone038" name="Bone038">
                        <matrix>0.8929765 -0.1232729 0.4328945 0.0445945 0.1165006 0.9922913 0.04225146 5.96046e-8 -0.434766 0.01270289 0.9004542 1.19209e-7 0 0 0 1</matrix>
                        <node id="node-Bone039" name="Bone039">
                          <matrix>0.8104645 -0.3801516 0.4456806 0.05171019 0.2161753 0.9012179 0.3755989 7.45058e-9 -0.54444 -0.2080643 0.8125846 -1.66893e-6 0 0 0 1</matrix>
                          <node id="node-Bone040" name="Bone040">
                            <matrix>0.9648311 -0.1429275 0.2206182 0.0662533 0.07894544 0.9580725 0.2754362 -1.86265e-8 -0.2507357 -0.2483327 0.9356616 5.96046e-8 0 0 0 1</matrix>
                            <node id="node-Bone041" name="Bone041">
                              <matrix>0.9759558 0.1838065 -0.1171584 0.07592785 -0.216068 0.7449555 -0.6311548 2.23517e-7 -0.0287326 0.6412933 0.7667581 5.96046e-8 0 0 0 1</matrix>
                              <node id="node-Bone042" name="Bone042">
                                <matrix>0.9450259 0.2399527 -0.2221448 0.05424106 -0.3174697 0.8360455 -0.4474816 2.23517e-8 0.07834882 0.4934065 0.8662629 2.98023e-7 0 0 0 1</matrix>
                                <node id="node-Bone043" name="Bone043">
                                  <matrix>0.7633407 0.4381691 -0.4746785 0.1070515 -0.4467452 -0.1726973 -0.8778356 -3.53903e-8 -0.4666158 0.8821476 0.06392269 -5.96046e-8 0 0 0 1</matrix>
                                </node>
                              </node>
                            </node>
                          </node>
                        </node>
                      </node>
                    </node>
                    <node id="node-Bone055" name="Bone055">
                      <matrix>-0.09140573 1.82539e-7 0.9958144 0.2017386 -0.9919923 -0.08752595 -0.09105495 0.01348098 0.08715954 -0.9961623 0.00800056 0.06964707 0 0 0 1</matrix>
                      <node id="node-Bone056" name="Bone056">
                        <matrix>0.7861556 -0.1194354 0.6063782 0.07249786 0.08782186 0.9927815 0.08168432 3.57628e-7 -0.6117567 -0.01096335 0.7909697 0 0 0 0 1</matrix>
                        <node id="node-Bone057" name="Bone057">
                          <matrix>0.9220536 0.282224 0.2648901 0.062585 -0.1853493 0.9227367 -0.3379383 -3.27826e-7 -0.339798 0.2625 0.9031227 1.19209e-7 0 0 0 1</matrix>
                          <node id="node-Bone058" name="Bone058">
                            <matrix>0.9331157 0.3402686 0.1162441 0.0610894 -0.172181 0.7066322 -0.6863127 3.72529e-8 -0.3156725 0.6203943 0.717957 1.19209e-7 0 0 0 1</matrix>
                            <node id="node-Bone059" name="Bone059">
                              <matrix>0.9435686 -0.2433106 -0.2246736 0.07516992 0.22795 -0.01498589 0.9735573 7.82311e-8 -0.2402438 -0.9698327 0.04132231 0 0 0 0 1</matrix>
                              <node id="node-Bone060" name="Bone060">
                                <matrix>0.8586497 -0.1722087 -0.4827678 0.08048654 0.4657791 0.655285 0.5946858 5.96046e-8 0.2139404 -0.7354897 0.6428715 -8.9407e-8 0 0 0 1</matrix>
                              </node>
                            </node>
                          </node>
                        </node>
                      </node>
                    </node>
                    <node id="node-Bone061" name="Bone061">
                      <matrix>-0.2765531 5.73695e-7 0.9609984 0.1766738 -0.9376868 -0.2189246 -0.2698442 0.0138644 0.2103861 -0.9757419 0.06054477 0.08004999 0 0 0 1</matrix>
                      <node id="node-Bone062" name="Bone062">
                        <matrix>0.8800436 0.03148921 0.4738474 0.06630632 -0.02342632 0.9994628 -0.0229105 5.21541e-8 -0.4743144 0.00906175 0.8803089 -1.90735e-6 0 0 0 1</matrix>
                        <node id="node-Bone063" name="Bone063">
                          <matrix>0.898427 0.4092896 0.1590954 0.05577612 -0.2856668 0.8199126 -0.4961224 -1.49012e-8 -0.3335019 0.4002815 0.8535522 0 0 0 0 1</matrix>
                          <node id="node-Bone064" name="Bone064">
                            <matrix>0.8136281 0.4382423 -0.3820378 0.05538905 -0.1488504 -0.4781921 -0.8655491 -3.72529e-8 -0.5620081 0.7611018 -0.3238379 0 0 0 0 1</matrix>
                            <node id="node-Bone065" name="Bone065">
                              <matrix>0.8752899 0.08609426 -0.4758735 0.05682147 -0.3054109 0.8613696 -0.4059147 2.98023e-8 0.3749561 0.5006299 0.7802421 2.98023e-8 0 0 0 1</matrix>
                            </node>
                          </node>
                        </node>
                      </node>
                    </node>
                    <node id="node-Bone077" name="Bone077">
                      <matrix>-0.01158965 6.33299e-7 0.9999329 0.1375993 -0.8724389 -0.488619 -0.01011162 0.03142529 0.4885861 -0.8724974 0.005663481 0.0596832 0 0 0 1</matrix>
                      <node id="node-Bone078" name="Bone078">
                        <matrix>0.7043355 -0.4953953 0.5084244 0.06178032 0.3977997 0.868649 0.2953046 4.76837e-7 -0.5879345 -0.00574242 0.8088884 4.3869e-5 0 0 0 1</matrix>
                        <node id="node-Bone079" name="Bone079">
                          <matrix>0.7459559 -0.6548733 0.1212057 0.1102704 0.423767 0.6071161 0.6721835 -7.45058e-9 -0.5137812 -0.4500562 0.7303955 2.38419e-7 0 0 0 1</matrix>
                          <node id="node-Bone080" name="Bone080">
                            <matrix>0.8926533 0.2532577 0.3728678 0.1663148 -0.1483835 0.9462286 -0.2874602 3.72529e-8 -0.4256199 0.2012751 0.8822337 5.96046e-8 0 0 0 1</matrix>
                            <node id="node-Bone081" name="Bone081">
                              <matrix>0.9320754 0.1246798 -0.3401321 0.1379908 -0.1721554 -0.6736669 -0.7187041 0 -0.3187434 0.7284418 -0.6064444 0 0 0 0 1</matrix>
                            </node>
                          </node>
                        </node>
                      </node>
                    </node>
                    <node id="node-Bone066" name="Bone066">
                      <matrix>-0.2908011 -2.77534e-7 0.9567835 0.1378932 -0.9335831 0.2188804 -0.2837496 0.009998899 -0.2094211 -0.9757516 -0.06365092 -0.07983375 0 0 0 1</matrix>
                      <node id="node-Bone067" name="Bone067">
                        <matrix>0.7965988 0.4133026 0.4411481 0.081056 -0.3324228 0.909016 -0.2513689 -4.47035e-8 -0.5049019 0.05359237 0.8615116 -3.09944e-6 0 0 0 1</matrix>
                        <node id="node-Bone068" name="Bone068">
                          <matrix>0.9018514 0.4028899 0.1560252 0.06413388 -0.2337512 0.758715 -0.608039 -2.45869e-7 -0.3633518 0.5118901 0.7784243 3.57628e-7 0 0 0 1</matrix>
                          <node id="node-Bone069" name="Bone069">
                            <matrix>0.999895 0.01424578 0.002566874 0.08350694 -0.01418539 0.9996532 -0.02217141 -1.49012e-8 -0.002882034 0.02213271 0.9997507 0 0 0 0 1</matrix>
                            <node id="node-Bone070" name="Bone070">
                              <matrix>0.9643174 -0.1502271 0.2179987 0.08289576 0.09696241 0.9666111 0.2371961 0 -0.2463527 -0.2075951 0.946686 0 0 0 0 1</matrix>
                              <node id="node-Bone071" name="Bone071">
                                <matrix>0.9585639 -0.1121205 0.2618873 0.06400192 0.03549377 0.9591346 0.2807153 0 -0.2826594 -0.2597879 0.9233713 0 0 0 0 1</matrix>
                                <node id="node-Bone072" name="Bone072">
                                  <matrix>0.9640761 -0.03288294 -0.2635827 0.07497585 0.2330033 -0.3717677 0.8986086 -1.49012e-8 -0.1275404 -0.927743 -0.3507507 0 0 0 0 1</matrix>
                                </node>
                              </node>
                            </node>
                          </node>
                        </node>
                      </node>
                    </node>
                    <node id="node-Bone073" name="Bone073">
                      <matrix>-0.2925557 1.45286e-7 0.9562488 0.09248972 -0.9547039 0.05680938 -0.2920833 -0.03078889 -0.05432393 -0.998385 -0.01661978 -0.07006145 0 0 0 1</matrix>
                      <node id="node-Bone074" name="Bone074">
                        <matrix>0.6387705 0.4660808 0.6121606 0.05861649 -0.2161334 0.8722983 -0.4386136 1.49012e-8 -0.7384158 0.147865 0.657934 0 0 0 0 1</matrix>
                        <node id="node-Bone075" name="Bone075">
                          <matrix>0.9669389 -0.2549824 -0.003659844 0.08270764 0.2245849 0.8446921 0.4858575 -1.49012e-8 -0.1207936 -0.4706162 0.8740308 -5.96046e-8 0 0 0 1</matrix>
                          <node id="node-Bone076" name="Bone076">
                            <matrix>0.9027885 -0.3799326 -0.201553 0.1038884 0.1286856 -0.2085411 0.9695105 0 -0.4103808 -0.9011998 -0.1393765 -5.96046e-8 0 0 0 1</matrix>
                          </node>
                        </node>
                      </node>
                    </node>
                    <node id="node-Bone082" name="Bone082">
                      <matrix>-0.3110904 3.1665e-7 0.9503804 0.09530389 -0.9488454 -0.05680678 -0.310588 -0.03142176 0.05398793 -0.9983854 0.01767234 0.06847607 0 0 0 1</matrix>
                      <node id="node-Bone083" name="Bone083">
                        <matrix>0.6710566 -0.4341134 0.6010227 0.05861515 0.1827009 0.8824793 0.4334168 2.08616e-7 -0.7185422 -0.1810399 0.6715065 4.76837e-6 0 0 0 1</matrix>
                        <node id="node-Bone084" name="Bone084">
                          <matrix>0.979442 0.1983213 0.03691369 0.08271194 -0.1548231 0.8563237 -0.4926871 2.98023e-8 -0.1293203 0.4768435 0.869424 1.78814e-7 0 0 0 1</matrix>
                          <node id="node-Bone085" name="Bone085">
                            <matrix>0.9224285 0.3760583 -0.08778419 0.1038885 -0.1378097 0.1082106 -0.9845294 -1.19209e-7 -0.3607413 0.9202555 0.151641 -1.19209e-7 0 0 0 1</matrix>
                            <node id="node-Bone086" name="Bone086">
                              <matrix>0.9832617 0.04322939 -0.1769953 0.1096957 -0.123718 0.8715612 -0.4744205 2.23517e-7 0.1337534 0.4883772 0.8623213 4.47035e-8 0 0 0 1</matrix>
                            </node>
                          </node>
                        </node>
                      </node>
                    </node>
                  </node>
                </node>
                <node id="node-Bip001_backpack_01" name="Bip001_backpack_01">
                  <matrix>-0.9792179 0.2028019 -0.001978802 0.2016007 -0.2027961 -0.9792171 -0.00280191 -0.08787809 -0.002505906 -0.002342393 0.9999942 4.32134e-7 0 0 0 1</matrix>
                  <node id="node-Bip001_rope_01" name="Bip001_rope_01">
                    <matrix>0.9996869 -0.02326263 0.009200588 0.4240968 -0.02437158 -0.9886116 0.1485011 0.08793789 0.005641256 -0.1486789 -0.9888694 0.0992186 0 0 0 1</matrix>
                    <node id="node-Bip001_rope_02" name="Bip001_rope_02">
                      <matrix>0.9993811 -0.02325742 0.02639216 0.09589994 -0.02437361 -0.9987867 0.04279104 8.33869e-5 0.02536493 -0.04340782 -0.9987354 3.62843e-6 0 0 0 1</matrix>
                      <node id="node-Bip001_rope_03" name="Bip001_rope_03">
                        <matrix>0.9984596 -0.04565972 -0.03152194 0.1048737 0.03999324 0.9860584 -0.1615222 -1.02341e-4 0.03845753 0.1600127 0.9863656 -0.001042627 0 0 0 1</matrix>
                      </node>
                    </node>
                  </node>
                  <node id="node-Bip001_Xtra17" name="Bip001_Xtra17">
                    <matrix>-0.04419936 -0.7063963 -0.7064353 0.155149 0.9990226 -0.03164938 -0.03085797 0.112457 -5.60283e-4 -0.7071086 0.7071046 6.88359e-5 0 0 0 1</matrix>
                    <node id="node-Bip001_Xtra18" name="Bip001_Xtra18">
                      <matrix>0.9999999 0 -1.49012e-8 0.02474695 1.49012e-8 1 2.68221e-7 -2.24113e-5 -1.49012e-8 -2.98023e-7 0.9999999 5.96046e-8 0 0 0 1</matrix>
                    </node>
                    <node id="node-Bip001_Xtra19" name="Bip001_Xtra19">
                      <matrix>0.9999993 -7.96333e-4 7.98389e-4 0.02904582 -7.96333e-4 -0.9999998 -1.43051e-6 0.02995092 7.9836e-4 8.34465e-7 -0.9999997 -7.48038e-5 0 0 0 1</matrix>
                    </node>
                    <node id="node-Bip001_Xtra20" name="Bip001_Xtra20">
                      <matrix>0.9999917 -0.003981292 7.88882e-4 0.02889746 0.003981292 0.999992 6.28829e-6 -0.0323441 -7.88912e-4 -3.15905e-6 0.9999996 -7.4923e-5 0 0 0 1</matrix>
                    </node>
                  </node>
                  <node id="node-Bip001_Xtra01" name="Bip001_Xtra01">
                    <matrix>0.9980925 -0.06089215 0.01018674 0.2139946 0.0608795 0.9981439 0.001538788 0.05374002 -0.01026154 -9.15701e-4 0.999947 0.1710362 0 0 0 1</matrix>
                  </node>
                  <node id="node-Bip001_Xtra01Opp" name="Bip001_Xtra01Opp">
                    <matrix>0.9982424 -0.05840917 0.01002972 0.2139945 0.05839632 0.9982923 0.001561827 0.05373994 -0.01010381 -9.73387e-4 0.9999485 -0.1722648 0 0 0 1</matrix>
                  </node>
                </node>
                <node id="node-Bip001_L_Clavicle" name="Bip001_L_Clavicle">
                  <matrix sid="matrix">0.05258492 -6.66422e-4 0.9986163 0.1406268 -0.5466765 -0.8368681 0.0282283 0.02467199 0.8356913 -0.5474044 -0.04437096 0.05035808 0 0 0 1</matrix>
                  <node id="node-Bip001_L_UpperArm" name="Bip001_L_UpperArm">
                    <matrix sid="matrix">0.3581766 0.6621631 0.6582168 0.17644 0.1559959 0.6526378 -0.7414373 -2.98023e-8 -0.9205296 0.3682448 0.1304649 1.19209e-7 0 0 0 1</matrix>
                    <node id="node-Bip001_L_Forearm" name="Bip001_L_Forearm">
                      <matrix sid="matrix">0.7198817 0.6940966 0 0.302225 -0.6940964 0.7198818 0 0 -2.98023e-8 2.6077e-8 1 0 0 0 0 1</matrix>
                      <node id="node-Bip001_L_Hand" name="Bip001_L_Hand">
                        <matrix>0.9909517 -0.06494516 0.1174606 0.303522 -0.08135489 0.4054146 0.9105055 2.98023e-8 -0.1067532 -0.9118229 0.3964627 0 0 0 0 1</matrix>
                        <node id="node-Bip001_L_Finger0" name="Bip001_L_Finger0">
                          <matrix>0.8245848 0.372494 0.4258023 0.01779109 0.4753005 -0.04792216 -0.878517 0.01367196 -0.3068379 0.9267957 -0.216563 -0.0277039 0 0 0 1</matrix>
                          <node id="node-Bip001_L_Finger01" name="Bip001_L_Finger01">
                            <matrix>0.8988671 -0.4382218 2.98142e-4 0.05085599 0.4382218 0.8988665 -8.00468e-4 -2.98023e-8 8.27312e-5 8.50167e-4 0.9999998 0 0 0 0 1</matrix>
                            <node id="node-Bip001_L_Finger02" name="Bip001_L_Finger02">
                              <matrix>0.8289831 -0.5592508 0.005052611 0.03437001 0.5592725 0.8289289 -0.009535532 -1.49012e-8 0.001144513 0.01073067 0.9999417 -2.23517e-8 0 0 0 1</matrix>
                            </node>
                          </node>
                        </node>
                        <node id="node-Bip001_L_Finger1" name="Bip001_L_Finger1">
                          <matrix>0.8422066 -0.5267602 -0.1149398 0.08567601 0.5311763 0.8472087 0.009428352 -0.005999684 0.09241116 -0.0689941 0.9933276 -0.02973522 0 0 0 1</matrix>
                          <node id="node-Bip001_L_Finger11" name="Bip001_L_Finger11">
                            <matrix>0.6560634 -0.7547058 -1.49012e-8 0.05795395 0.7547057 0.6560633 -7.45058e-9 1.49012e-8 -1.04308e-7 4.47035e-8 1 -1.49012e-8 0 0 0 1</matrix>
                            <node id="node-Bip001_L_Finger12" name="Bip001_L_Finger12">
                              <matrix>0.7202084 -0.6937577 -3.72529e-8 0.03285098 0.6937578 0.7202085 -1.49012e-8 -5.96046e-8 9.68575e-8 -7.45058e-8 1 1.49012e-8 0 0 0 1</matrix>
                            </node>
                          </node>
                        </node>
                        <node id="node-Bip001_L_Finger2" name="Bip001_L_Finger2">
                          <matrix>0.5972272 -0.8013745 -0.03345114 0.09032309 0.7994493 0.5981252 -0.05592206 -0.01052219 0.06482178 0.006655648 0.9978745 -0.005256593 0 0 0 1</matrix>
                          <node id="node-Bip001_L_Finger21" name="Bip001_L_Finger21">
                            <matrix>0.5832919 -0.8122627 1.49012e-8 0.05795407 0.8122627 0.5832919 1.49012e-8 0 9.31323e-10 2.98023e-8 1 1.49012e-8 0 0 0 1</matrix>
                            <node id="node-Bip001_L_Finger22" name="Bip001_L_Finger22">
                              <matrix>0.7013043 -0.712862 7.45058e-9 0.04148098 0.7128619 0.7013043 0 -5.96046e-8 -1.49012e-8 -4.47035e-8 0.9999999 0 0 0 0 1</matrix>
                            </node>
                          </node>
                        </node>
                        <node id="node-Bip001_L_Finger3" name="Bip001_L_Finger3">
                          <matrix>0.4161741 -0.9068465 -0.06653887 0.08558697 0.9043188 0.4204293 -0.07380617 -0.009840548 0.09490526 -0.02945597 0.9950505 0.02070282 0 0 0 1</matrix>
                          <node id="node-Bip001_L_Finger31" name="Bip001_L_Finger31">
                            <matrix>0.5746989 -0.8183649 2.98023e-8 0.05795401 0.8183649 0.574699 -1.49012e-8 0 4.09782e-8 -1.49012e-8 1 0 0 0 0 1</matrix>
                            <node id="node-Bip001_L_Finger32" name="Bip001_L_Finger32">
                              <matrix>0.50267 -0.8644784 -4.09782e-8 0.03192697 0.8644785 0.50267 0 0 -2.98023e-8 7.45058e-9 1 1.49012e-8 0 0 0 1</matrix>
                            </node>
                          </node>
                        </node>
                        <node id="node-Bip001_L_Finger4" name="Bip001_L_Finger4">
                          <matrix>0.4998028 -0.8500195 -0.1663273 0.08973408 0.8600054 0.5098405 -0.02128521 -0.004826784 0.1028936 -0.1324032 0.9858413 0.04668488 0 0 0 1</matrix>
                          <node id="node-Bip001_L_Finger41" name="Bip001_L_Finger41">
                            <matrix>0.4406401 -0.8976837 1.49012e-8 0.03496802 0.8976838 0.4406401 -7.45058e-9 2.98023e-8 -5.21541e-8 5.96046e-8 0.9999999 0 0 0 0 1</matrix>
                            <node id="node-Bip001_L_Finger42" name="Bip001_L_Finger42">
                              <matrix>0.5400056 -0.8416615 -3.72529e-8 0.02204995 0.8416615 0.5400056 -1.49012e-8 0 2.98023e-8 -3.72529e-8 0.9999999 2.98023e-8 0 0 0 1</matrix>
                            </node>
                          </node>
                        </node>
                      </node>
                    </node>
                    <node id="node-Bip001_L_ForeTwist" name="Bip001_L_ForeTwist">
                      <matrix sid="matrix">0.7198817 0.6904417 -0.0711365 0.302225 -0.6940964 0.7160911 -0.07377919 0 -2.98023e-8 0.1024879 0.9947342 0 0 0 0 1</matrix>
                      <node id="node-Bip001_L_ForeTwist1" name="Bip001_L_ForeTwist1">
                        <matrix>1 -1.49012e-8 0 0.101174 0 0.9947342 -0.1024879 0 -1.49012e-8 0.1024879 0.9947343 2.98023e-8 0 0 0 1</matrix>
                        <node id="node-Bip001_L_ForeTwist2" name="Bip001_L_ForeTwist2">
                          <matrix>1 0 1.49012e-8 0.101174 2.98023e-8 0.9947343 -0.1024879 0 0 0.102488 0.9947342 2.98023e-8 0 0 0 1</matrix>
                        </node>
                      </node>
                    </node>
                  </node>
                  <node id="node-Bip001_LUpArmTwist" name="Bip001_LUpArmTwist">
                    <matrix sid="matrix">0.3581766 0.6621631 0.6582168 0.17644 0.1559959 0.6526378 -0.7414373 -2.98023e-8 -0.9205296 0.3682448 0.1304649 1.19209e-7 0 0 0 1</matrix>
                    <node id="node-Bip001_LUpArmTwist1" name="Bip001_LUpArmTwist1">
                      <matrix>0.9999999 0 0 0.1007416 2.98023e-8 0.9999999 0 0 1.49012e-8 2.98023e-8 1 0 0 0 0 1</matrix>
                      <node id="node-Bip001_LUpArmTwist2" name="Bip001_LUpArmTwist2">
                        <matrix>0.9999999 0 0 0.1007416 2.98023e-8 0.9999999 0 0 1.49012e-8 2.98023e-8 1 0 0 0 0 1</matrix>
                      </node>
                    </node>
                  </node>
                </node>
                <node id="node-Bip001_R_Clavicle" name="Bip001_R_Clavicle">
                  <matrix sid="matrix">-0.1446471 -7.96273e-4 -0.9894831 0.1406265 -0.01065167 -0.9999405 0.002361795 0.02467226 -0.989426 0.01088127 0.14463 -0.05035793 0 0 0 1</matrix>
                  <node id="node-Bip001_R_UpperArm" name="Bip001_R_UpperArm">
                    <matrix sid="matrix">0.6036426 0.1646801 -0.7800617 0.17644 0.1684098 0.9300172 0.3266597 0 0.7792649 -0.3285557 0.533664 -1.19209e-7 0 0 0 1</matrix>
                    <node id="node-Bip001_R_Forearm" name="Bip001_R_Forearm">
                      <matrix sid="matrix">0.6044979 0.7966067 0 0.3022251 -0.7966067 0.6044979 0 -5.96046e-8 2.98023e-8 -1.3411e-7 0.9999999 0 0 0 0 1</matrix>
                      <node id="node-Bip001_R_Hand" name="Bip001_R_Hand">
                        <matrix>0.9909517 -0.06494519 -0.1174604 0.3035221 -0.08135471 0.4054145 -0.9105057 5.96046e-8 0.1067532 0.9118232 0.3964626 0 0 0 0 1</matrix>
                        <node id="node-Bip001_R_Finger0" name="Bip001_R_Finger0">
                          <matrix>0.8245847 0.372494 -0.4258024 0.01779097 0.4753007 -0.04792225 0.8785172 0.01367187 0.3068378 -0.9267957 -0.216563 0.02770394 0 0 0 1</matrix>
                          <node id="node-Bip001_R_Finger01" name="Bip001_R_Finger01">
                            <matrix>0.898867 -0.4382218 -2.98247e-4 0.05085599 0.4382219 0.8988665 8.0058e-4 0 -8.27163e-5 -8.50242e-4 0.9999996 5.96046e-8 0 0 0 1</matrix>
                            <node id="node-Bip001_R_Finger02" name="Bip001_R_Finger02">
                              <matrix>0.8289829 -0.559251 -0.005052641 0.03437006 0.5592726 0.8289288 0.009535544 -4.47035e-8 -0.001144499 -0.01073059 0.9999418 0 0 0 0 1</matrix>
                            </node>
                          </node>
                        </node>
                        <node id="node-Bip001_R_Finger1" name="Bip001_R_Finger1">
                          <matrix>0.8422067 -0.52676 0.1149397 0.08567601 0.531176 0.8472088 -0.009428471 -0.005999684 -0.09241101 0.06899412 0.9933275 0.02973527 0 0 0 1</matrix>
                          <node id="node-Bip001_R_Finger11" name="Bip001_R_Finger11">
