<?xml version="1.0" encoding="utf-8"?>
<COLLADA xmlns="http://www.collada.org/2005/11/COLLADASchema" version="1.4.1">
  <asset>
    <contributor>
      <author>Setsu</author>
      <authoring_tool>OpenCOLLADA for 3ds Max;  Version: 1.3.1;  Revision: 847M;  Platform: x64;  Configuration: Release_Max2012_static</authoring_tool>
      <source_data>file:///D:/_Work/webgl/models/man/animation/melee/draw_wpn_gun2.max</source_data>
    </contributor>
    <created>2012-08-22T16:22:29</created>
    <modified>2012-08-22T16:22:29</modified>
    <unit name="meter" meter="1"/>
    <up_axis>Z_UP</up_axis>
  </asset>
  <library_lights>
    <light id="EnvironmentAmbientLight" name="EnvironmentAmbientLight">
      <technique_common>
        <ambient>
          <color>0.019608 0.019608 0.019608</color>
        </ambient>
      </technique_common>
    </light>
  </library_lights>
  <library_visual_scenes>
    <visual_scene id="MaxScene">
      <node name="EnvironmentAmbientLight">
        <instance_light url="#EnvironmentAmbientLight"/>
      </node>
      <node id="node-Bip001" name="Bip001">
        <matrix sid="matrix">-0.5723473 0.8200113 -3.72529e-9 -0.10543 -0.8198809 -0.5722563 -0.01783047 -0.009825243 -0.01462119 -0.01020522 0.999841 0.9622645 0 0 0 1</matrix>
        <node id="node-Bip001_Pelvis" name="Bip001_Pelvis">
          <matrix sid="matrix">-0.04494382 0.9659261 0.2548857 -0.02786903 -0.1344771 -0.258671 0.9565591 2.07871e-6 0.9898969 0.008715117 0.1415206 -4.07517e-4 0 0 0 1</matrix>
          <node id="node-Bip001_Spine" name="Bip001_Spine">
            <matrix sid="matrix">0.9955622 0.06586148 -0.06721959 0.1044804 -0.07480727 0.9872281 -0.1406587 0.01650777 0.05709708 0.1450628 0.9877735 0.01916952 0 0 0 1</matrix>
            <node id="node-Bip001_Spine1" name="Bip001_Spine1">
              <matrix sid="matrix">0.9964873 0.06361252 -0.05446751 0.1646255 -0.06511074 0.9975343 -0.02618681 -1.30773e-4 0.05266738 0.02964139 0.9981722 -3.9041e-6 0 0 0 1</matrix>
              <node id="node-Bip001_Spine2" name="Bip001_Spine2">
                <matrix sid="matrix">0.9553793 -0.2953404 0.004934102 0.1646726 0.2953762 0.9551263 -0.02205859 -1.25244e-4 0.001802098 0.02253172 0.9997444 -2.95788e-6 0 0 0 1</matrix>
                <node id="node-Bip001_Neck" name="Bip001_Neck">
                  <matrix sid="matrix">0.9803017 -0.1869298 0.0637639 0.1743734 0.193147 0.9747846 -0.1117566 -0.007501692 -0.04126544 0.121871 0.9916878 -7.38353e-6 0 0 0 1</matrix>
                  <node id="node-Bip001_Head" name="Bip001_Head">
                    <matrix sid="matrix">0.965993 0.1381178 -0.2185888 0.08448005 -0.2325788 0.8335211 -0.5011483 0.03011224 0.1129809 0.5349448 0.837299 8.9407e-8 0 0 0 1</matrix>
                    <node id="node-Bip001_AngryBrowR" name="Bip001_AngryBrowR">
                      <matrix>0.001812048 -0.9852681 0.1710073 0.1354002 0.9995394 -0.003395714 -0.03015607 0.1043413 0.0302925 0.1709832 0.9848081 -0.01978301 0 0 0 1</matrix>
                    </node>
                    <node id="node-Bip001_SillyBrowL" name="Bip001_SillyBrowL">
                      <matrix>-0.004057273 -0.9597189 -0.280933 0.1346171 0.78679 0.170333 -0.5932522 0.08548474 0.6172073 -0.2234423 0.7544061 0.05988091 0 0 0 1</matrix>
                    </node>
                    <node id="node-Bip001_SillyBrowR" name="Bip001_SillyBrowR">
                      <matrix>-0.004056916 -0.9597203 0.2809277 0.1346171 0.7867937 0.1703287 0.5932484 0.08548505 -0.6172027 0.2234389 0.754411 -0.05988045 0 0 0 1</matrix>
                    </node>
                    <node id="node-Bip001_jaw" name="Bip001_jaw">
                      <matrix>0.3710407 -0.9275406 -0.0446916 0.0739423 0.8026184 0.3445303 -0.4869317 0.01053737 0.4670464 0.1448011 0.8722959 -1.2055e-5 0 0 0 1</matrix>
                      <node id="node-Bip001_lowerLipL" name="Bip001_lowerLipL">
                        <matrix>-0.8336916 -0.3554321 -0.4226423 0.107451 0.3746175 -0.9263141 0.04004887 -0.03483582 -0.4057342 -0.1249408 0.9054113 0.009654522 0 0 0 1</matrix>
                      </node>
                      <node id="node-Bip001_lowerLipR" name="Bip001_lowerLipR">
                        <matrix>0.7819586 1.75554e-6 -0.6233305 0.1074493 -0.6233305 -4.04194e-6 -0.7819586 -0.03484035 -3.90783e-6 1 -2.0247e-6 -0.009658962 0 0 0 1</matrix>
                      </node>
                    </node>
                    <node id="node-Bip001_upperLipL" name="Bip001_upperLipL">
                      <matrix>9.83477e-7 -6.7018e-6 -0.9999999 0.04530871 1 3.35299e-6 1.05798e-6 0.116103 3.38326e-6 -1 6.64219e-6 0.009555258 0 0 0 1</matrix>
                    </node>
                    <node id="node-Bip001_upperLipR" name="Bip001_upperLipR">
                      <matrix>9.76026e-7 -1.22488e-5 0.9999999 0.04530895 0.9999999 -2.1942e-6 -1.05053e-6 0.1161031 2.16253e-6 1 1.21929e-5 -0.00955461 0 0 0 1</matrix>
                    </node>
                    <node id="node-Bip001_AngryBrowL" name="Bip001_AngryBrowL">
                      <matrix>0.001812056 -0.9852672 -0.1710128 0.1354002 0.9995396 -0.003394932 0.03015059 0.1043411 -0.03028696 -0.1709887 0.9848074 0.01978356 0 0 0 1</matrix>
                    </node>
                  </node>
                </node>
                <node id="node-Bip001_backpack_01" name="Bip001_backpack_01">
                  <matrix sid="matrix">-0.9792178 0.202802 -0.001978782 0.2016007 -0.2027961 -0.9792171 -0.002801907 -0.08787808 -0.002505899 -0.002342435 0.9999943 4.39584e-7 0 0 0 1</matrix>
                  <node id="node-Bip001_rope_01" name="Bip001_rope_01">
                    <matrix sid="matrix">0.9283746 -0.3712759 -0.01656801 0.4241232 -0.3631284 -0.9156861 0.1722103 0.08793235 -0.07910867 -0.1538594 -0.9849209 0.099219 0 0 0 1</matrix>
                    <node id="node-Bip001_rope_02" name="Bip001_rope_02">
                      <matrix sid="matrix">0.9993811 -0.02325742 0.02639121 0.09589994 -0.02437351 -0.9987867 0.04279105 8.33869e-5 0.02536397 -0.04340782 -0.9987352 3.62843e-6 0 0 0 1</matrix>
                      <node id="node-Bip001_rope_03" name="Bip001_rope_03">
                        <matrix sid="matrix">0.9984596 -0.04565975 -0.03152196 0.1048738 0.03999326 0.9860584 -0.1615222 -1.02326e-4 0.03845753 0.1600128 0.9863657 -0.001042575 0 0 0 1</matrix>
                      </node>
                    </node>
                  </node>
                  <node id="node-Bip001_Xtra17" name="Bip001_Xtra17">
                    <matrix>-0.04419938 -0.7063963 -0.7064353 0.1551489 0.9990226 -0.03164938 -0.03085794 0.112457 -5.60243e-4 -0.7071087 0.7071047 6.88508e-5 0 0 0 1</matrix>
                    <node id="node-Bip001_Xtra18" name="Bip001_Xtra18">
                      <matrix>1 0 0 0.02474689 2.98023e-8 1 2.98023e-7 -2.25306e-5 -5.96046e-8 -2.98023e-7 1 0 0 0 0 1</matrix>
                    </node>
                    <node id="node-Bip001_Xtra19" name="Bip001_Xtra19">
                      <matrix>0.9999995 -7.96348e-4 7.97927e-4 0.02904582 -7.96348e-4 -0.9999996 -1.46031e-6 0.02995092 7.97927e-4 9.23872e-7 -0.9999998 -7.48634e-5 0 0 0 1</matrix>
                    </node>
                    <node id="node-Bip001_Xtra20" name="Bip001_Xtra20">
                      <matrix>0.9999919 -0.003981322 7.88867e-4 0.0288974 0.003981292 0.9999921 6.31809e-6 -0.03234434 -7.88957e-4 -3.12924e-6 0.9999998 -7.51615e-5 0 0 0 1</matrix>
                    </node>
                  </node>
                  <node id="node-Bip001_Xtra01" name="Bip001_Xtra01">
                    <matrix sid="matrix">0.9980925 -0.06089211 0.01018677 0.2139944 0.06087953 0.998144 0.001538818 0.05374002 -0.01026158 -9.15695e-4 0.999947 0.1710363 0 0 0 1</matrix>
                  </node>
                  <node id="node-Bip001_Xtra01Opp" name="Bip001_Xtra01Opp">
                    <matrix sid="matrix">0.9982424 -0.05840912 0.0100297 0.2139943 0.05839631 0.9982923 0.001561917 0.05373991 -0.0101038 -9.73413e-4 0.9999486 -0.1722647 0 0 0 1</matrix>
                  </node>
                </node>
                <node id="node-Bip001_L_Clavicle" name="Bip001_L_Clavicle">
                  <matrix sid="matrix">-0.1281998 -7.44671e-4 0.9917482 0.1406267 -0.3513237 -0.9351178 -0.04611649 0.024672 0.9274356 -0.3543367 0.1196202 0.05035809 0 0 0 1</matrix>
                  <node id="node-Bip001_L_UpperArm" name="Bip001_L_UpperArm">
                    <matrix sid="matrix">0.4705547 0.4695711 0.7470484 0.17644 -0.043282 0.8579018 -0.5119874 0 -0.8813085 0.2085844 0.4240138 1.19209e-7 0 0 0 1</matrix>
                    <node id="node-Bip001_L_Forearm" name="Bip001_L_Forearm">
                      <matrix sid="matrix">0.5571983 0.8303795 0 0.302225 -0.8303795 0.5571983 -2.98023e-8 0 1.04308e-7 -1.49012e-8 1 0 0 0 0 1</matrix>
                      <node id="node-Bip001_L_Hand" name="Bip001_L_Hand">
                        <matrix sid="matrix">0.8837453 -0.04755211 -0.465546 0.303522 0.4440226 -0.2289449 0.8662726 -5.96046e-8 -0.1477774 -0.9722772 -0.1812147 0 0 0 0 1</matrix>
                        <node id="node-Bip001_L_Finger0" name="Bip001_L_Finger0">
                          <matrix sid="matrix">0.7808205 0.4571763 0.4258031 0.01779091 0.4777049 0.002348565 -0.878517 0.01367193 -0.4026381 0.8893721 -0.216562 -0.02770388 0 0 0 1</matrix>
                          <node id="node-Bip001_L_Finger01" name="Bip001_L_Finger01">
                            <matrix sid="matrix">0.9399818 -0.3412244 2.98083e-4 0.05085599 0.3412244 0.9399815 -8.00446e-4 -5.96046e-8 -7.13766e-6 8.54231e-4 0.9999995 2.98023e-8 0 0 0 1</matrix>
                            <node id="node-Bip001_L_Finger02" name="Bip001_L_Finger02">
                              <matrix sid="matrix">0.8832187 -0.4689343 0.005052671 0.03436995 0.4689615 0.8831671 -0.009535596 2.98023e-8 9.23872e-6 0.01079152 0.999942 -1.49012e-8 0 0 0 1</matrix>
                            </node>
                          </node>
                        </node>
                        <node id="node-Bip001_L_Finger1" name="Bip001_L_Finger1">
                          <matrix sid="matrix">0.9421897 -0.2515203 0.2213941 0.08567595 0.3265596 0.8373 -0.4385056 -0.005999684 -0.07508053 0.4854538 0.8710321 -0.02973527 0 0 0 1</matrix>
                          <node id="node-Bip001_L_Finger11" name="Bip001_L_Finger11">
                            <matrix sid="matrix">0.9561216 -0.2929704 0 0.05795401 0.2929705 0.9561216 -6.51926e-9 2.98023e-8 0 -7.45058e-9 1 0 0 0 0 1</matrix>
                            <node id="node-Bip001_L_Finger12" name="Bip001_L_Finger12">
                              <matrix sid="matrix">0.9782763 -0.2073058 0 0.03285104 0.2073057 0.9782763 -7.45058e-9 0 0 4.47035e-8 1 5.96046e-8 0 0 0 1</matrix>
                            </node>
                          </node>
                        </node>
                        <node id="node-Bip001_L_Finger2" name="Bip001_L_Finger2">
                          <matrix sid="matrix">0.9099867 -0.4107479 0.05666202 0.09032297 0.414623 0.9026114 -0.1156754 -0.01052219 -0.00363104 0.128756 0.9916694 -0.005256623 0 0 0 1</matrix>
                          <node id="node-Bip001_L_Finger21" name="Bip001_L_Finger21">
                            <matrix sid="matrix">0.9248531 -0.3803247 0 0.05795401 0.3803247 0.9248531 -4.47035e-8 -7.45058e-8 0 0 1 -2.98023e-8 0 0 0 1</matrix>
                            <node id="node-Bip001_L_Finger22" name="Bip001_L_Finger22">
                              <matrix sid="matrix">0.9723517 -0.2335214 -4.47035e-8 0.04148096 0.2335214 0.9723516 -2.98023e-8 -5.96046e-8 7.45058e-8 2.98023e-8 1 0 0 0 0 1</matrix>
                            </node>
                          </node>
                        </node>
                        <node id="node-Bip001_L_Finger3" name="Bip001_L_Finger3">
                          <matrix sid="matrix">0.8437886 -0.5217916 -0.1255116 0.08558697 0.5360594 0.8306484 0.1505464 -0.009840548 0.02570158 -0.1943113 0.9806033 0.02070281 0 0 0 1</matrix>
                          <node id="node-Bip001_L_Finger31" name="Bip001_L_Finger31">
                            <matrix sid="matrix">0.9207935 -0.3900507 -7.45058e-9 0.05795401 0.3900506 0.9207935 -3.72529e-9 2.98023e-8 2.23517e-8 1.49012e-8 1 2.98023e-8 0 0 0 1</matrix>
                            <node id="node-Bip001_L_Finger32" name="Bip001_L_Finger32">
                              <matrix sid="matrix">0.884097 -0.4673035 -3.72529e-8 0.03192699 0.4673035 0.8840969 2.23517e-8 2.98023e-8 -1.49012e-8 1.49012e-8 1 -2.98023e-8 0 0 0 1</matrix>
                            </node>
                          </node>
                        </node>
                        <node id="node-Bip001_L_Finger4" name="Bip001_L_Finger4">
                          <matrix sid="matrix">0.847081 -0.3881948 -0.3629861 0.08973396 0.4792494 0.8531643 0.205986 -0.004826844 0.2297241 -0.3484471 0.908742 0.04668486 0 0 0 1</matrix>
                          <node id="node-Bip001_L_Finger41" name="Bip001_L_Finger41">
                            <matrix sid="matrix">0.8490503 -0.528312 -1.49012e-8 0.03496796 0.5283121 0.8490503 3.35276e-8 0 2.23517e-8 -7.45058e-9 1 1.49012e-8 0 0 0 1</matrix>
                            <node id="node-Bip001_L_Finger42" name="Bip001_L_Finger42">
                              <matrix sid="matrix">0.9036931 -0.4281809 -2.98023e-8 0.02205002 0.4281809 0.903693 1.49012e-8 -5.96046e-8 -3.1665e-8 -1.49012e-8 1 0 0 0 0 1</matrix>
                            </node>
                          </node>
                        </node>
                      </node>
                    </node>
                    <node id="node-Bip001_L_ForeTwist" name="Bip001_L_ForeTwist">
                      <matrix sid="matrix">0.5571983 0.8292763 0.04279031 0.302225 -0.8303795 0.556458 0.02871298 0 1.04308e-7 -0.05153102 0.9986714 0 0 0 0 1</matrix>
                      <node id="node-Bip001_L_ForeTwist1" name="Bip001_L_ForeTwist1">
                        <matrix sid="matrix">1 2.98023e-8 1.49012e-8 0.101174 -2.98023e-8 0.9986714 0.051531 0 -2.98023e-8 -0.051531 0.9986713 5.96046e-8 0 0 0 1</matrix>
                        <node id="node-Bip001_L_ForeTwist2" name="Bip001_L_ForeTwist2">
                          <matrix sid="matrix">1 -2.98023e-8 -1.49012e-8 0.1011741 0 0.9986714 0.05153096 1.19209e-7 -1.49012e-8 -0.05153094 0.9986714 0 0 0 0 1</matrix>
                        </node>
                      </node>
                    </node>
                  </node>
                  <node id="node-Bip001_LUpArmTwist" name="Bip001_LUpArmTwist">
                    <matrix sid="matrix">0.4705547 0.4695711 0.7470484 0.17644 -0.043282 0.8579018 -0.5119874 0 -0.8813085 0.2085844 0.4240138 1.19209e-7 0 0 0 1</matrix>
                    <node id="node-Bip001_LUpArmTwist1" name="Bip001_LUpArmTwist1">
                      <matrix>0.9999999 0 0 0.1007417 0 0.9999999 -2.98023e-8 0 0 -5.96046e-8 1 0 0 0 0 1</matrix>
                      <node id="node-Bip001_LUpArmTwist2" name="Bip001_LUpArmTwist2">
                        <matrix>0.9999999 0 0 0.1007416 0 0.9999999 -2.98023e-8 0 0 -5.96046e-8 1 0 0 0 0 1</matrix>
                      </node>
                    </node>
                  </node>
                </node>
                <node id="node-Bip001_R_Clavicle" name="Bip001_R_Clavicle">
                  <matrix sid="matrix">-0.206348 -7.85351e-4 -0.9784784 0.1406268 -0.1617314 -0.9862177 0.03489852 0.02467227 -0.9650201 0.1654519 0.203377 -0.05035795 0 0 0 1</matrix>
                  <node id="node-Bip001_R_UpperArm" name="Bip001_R_UpperArm">
                    <matrix sid="matrix">0.5901268 0.1620107 -0.7908876 0.17644 0.08379173 0.9620746 0.2595996 2.98023e-8 0.8029504 -0.2194665 0.5541706 0 0 0 0 1</matrix>
                    <node id="node-Bip001_R_Forearm" name="Bip001_R_Forearm">
                      <matrix sid="matrix">0.5386549 0.8425267 2.98023e-8 0.302225 -0.8425264 0.5386549 -7.45058e-9 -2.98023e-8 -5.96046e-8 0 1 -5.96046e-8 0 0 0 1</matrix>
                      <node id="node-Bip001_R_Hand" name="Bip001_R_Hand">
                        <matrix sid="matrix">0.9709752 -0.1839385 0.1528847 0.3035219 0.1540016 -0.008284941 -0.9880359 0 0.1830044 0.9829028 0.02028239 0 0 0 0 1</matrix>
                        <node id="node-Bip001_R_Finger0" name="Bip001_R_Finger0">
                          <matrix sid="matrix">0.7808154 0.4575512 -0.4254096 0.01779103 0.4777185 0.001567736 0.8785111 0.01367193 0.4026316 -0.8891808 -0.217357 0.02770388 0 0 0 1</matrix>
                          <node id="node-Bip001_R_Finger01" name="Bip001_R_Finger01">
                            <matrix sid="matrix">0.9399778 -0.3412351 -3.67846e-4 0.05085593 0.3412353 0.9399773 0.001001678 -5.96046e-8 3.98606e-6 -0.00106705 0.9999995 2.98023e-8 0 0 0 1</matrix>
                            <node id="node-Bip001_R_Finger02" name="Bip001_R_Finger02">
                              <matrix sid="matrix">0.8832119 -0.4689431 -0.005403504 0.03437001 0.4689743 0.8831532 0.0101696 -5.96046e-8 3.08454e-6 -0.01151598 0.9999337 -5.96046e-8 0 0 0 1</matrix>
                            </node>
                          </node>
                        </node>
                        <node id="node-Bip001_R_Finger1" name="Bip001_R_Finger1">
                          <matrix sid="matrix">0.9421899 -0.2515196 -0.2213939 0.08567595 0.3265588 0.8373002 0.4385056 -0.005999684 0.07508075 -0.4854537 0.871032 0.02973524 0 0 0 1</matrix>
                          <node id="node-Bip001_R_Finger11" name="Bip001_R_Finger11">
                            <matrix sid="matrix">0.9561216 -0.2929704 2.98023e-8 0.05795401 0.2929704 0.9561214 1.49012e-8 5.96046e-8 8.9407e-8 3.72529e-9 0.9999999 1.49012e-8 0 0 0 1</matrix>
                            <node id="node-Bip001_R_Finger12" name="Bip001_R_Finger12">
                              <matrix sid="matrix">0.9782761 -0.2073057 2.98023e-8 0.03285098 0.2073058 0.9782762 7.45058e-9 -5.96046e-8 -5.96046e-8 1.49012e-8 0.9999999 -1.49012e-8 0 0 0 1</matrix>
                            </node>
                          </node>
                        </node>
                        <node id="node-Bip001_R_Finger2" name="Bip001_R_Finger2">
                          <matrix sid="matrix">0.9099868 -0.4107478 -0.05666202 0.09032297 0.4146228 0.9026114 0.1156754 -0.01052219 0.003630996 -0.128756 0.9916692 0.005256593 0 0 0 1</matrix>
                          <node id="node-Bip001_R_Finger21" name="Bip001_R_Finger21">
                            <matrix sid="matrix">0.924853 -0.3803244 2.98023e-8 0.05795395 0.3803244 0.9248531 3.72529e-9 -5.96046e-8 2.98023e-8 -1.49012e-8 1 0 0 0 0 1</matrix>
                            <node id="node-Bip001_R_Finger22" name="Bip001_R_Finger22">
                              <matrix sid="matrix">0.9723517 -0.2335214 0 0.04148096 0.2335214 0.9723517 0 0 0 0 1 0 0 0 0 1</matrix>
                            </node>
                          </node>
                        </node>
                        <node id="node-Bip001_R_Finger3" name="Bip001_R_Finger3">
                          <matrix sid="matrix">0.8437886 -0.5217916 0.1255119 0.08558702 0.5360594 0.8306483 -0.1505463 -0.009840429 -0.02570188 0.1943112 0.980603 -0.02070287 0 0 0 1</matrix>
                          <node id="node-Bip001_R_Finger31" name="Bip001_R_Finger31">
                            <matrix sid="matrix">0.9207936 -0.3900504 -2.98023e-8 0.05795401 0.3900504 0.9207935 -1.49012e-8 -5.96046e-8 1.49012e-8 -7.45058e-8 1 5.96046e-8 0 0 0 1</matrix>
                            <node id="node-Bip001_R_Finger32" name="Bip001_R_Finger32">
                              <matrix sid="matrix">0.884097 -0.4673034 1.49012e-8 0.03192699 0.4673034 0.884097 1.49012e-8 0 4.47035e-8 0 1 -5.96046e-8 0 0 0 1</matrix>
                            </node>
                          </node>
                        </node>
                        <node id="node-Bip001_R_Finger4" name="Bip001_R_Finger4">
                          <matrix sid="matrix">0.847081 -0.3881947 0.3629862 0.08973408 0.4792494 0.8531643 -0.2059859 -0.004826784 -0.2297241 0.348447 0.9087418 -0.04668492 0 0 0 1</matrix>
                          <node id="node-Bip001_R_Finger41" name="Bip001_R_Finger41">
                            <matrix sid="matrix">0.8490503 -0.5283121 1.49012e-8 0.03496796 0.5283121 0.8490503 -3.72529e-9 0 -3.72529e-8 -7.45058e-9 1 2.98023e-8 0 0 0 1</matrix>
                            <node id="node-Bip001_R_Finger42" name="Bip001_R_Finger42">
                              <matrix sid="matrix">0.9036931 -0.4281809 7.45058e-9 0.02205002 0.4281809 0.9036931 3.72529e-8 2.98023e-8 -4.84288e-8 -2.23517e-8 1 -1.49012e-8 0 0 0 1</matrix>
                            </node>
                          </node>
                        </node>
                      </node>
                    </node>
                    <node id="node-Bip001_R_ForeTwist" name="Bip001_R_ForeTwist">
                      <matrix sid="matrix">0.5386549 0.8425156 0.004323244 0.302225 -0.8425264 0.5386478 0.002763949 -2.98023e-8 -5.96046e-8 -0.00513126 0.9999868 -5.96046e-8 0 0 0 1</matrix>
                      <node id="node-Bip001_R_ForeTwist1" name="Bip001_R_ForeTwist1">
                        <matrix sid="matrix">1 -2.98023e-8 -2.98023e-8 0.1011739 0 0.9999869 0.005131185 0 -5.96046e-8 -0.005131245 0.9999869 -5.96046e-8 0 0 0 1</matrix>
                        <node id="node-Bip001_R_ForeTwist2" name="Bip001_R_ForeTwist2">
                          <matrix sid="matrix">0.9999999 2.98023e-8 0 0.1011741 2.98023e-8 0.9999868 0.005131245 5.96046e-8 0 -0.0051312 0.9999867 0 0 0 0 1</matrix>
                        </node>
                      </node>
                    </node>
                  </node>
                  <node id="node-Bip001_RUpArmTwist" name="Bip001_RUpArmTwist">
                    <matrix sid="matrix">0.5901268 0.1620107 -0.7908876 0.17644 0.08379173 0.9620746 0.2595996 2.98023e-8 0.8029504 -0.2194665 0.5541706 0 0 0 0 1</matrix>
                    <node id="node-Bip001_RUpArmTwist1" name="Bip001_RUpArmTwist1">
                      <matrix>1 -2.98023e-8 2.98023e-8 0.1007417 0 1 -7.45058e-9 0 0 2.23517e-8 1 0 0 0 0 1</matrix>
                      <node id="node-Bip001_RUpArmTwist2" name="Bip001_RUpArmTwist2">
                        <matrix>1 -2.98023e-8 2.98023e-8 0.1007416 0 1 -7.45058e-9 -2.98023e-8 0 2.23517e-8 1 -5.96046e-8 0 0 0 1</matrix>
                      </node>
                    </node>
                  </node>
                </node>
              </node>
            </node>
            <node id="node-Bip001_L_Thigh" name="Bip001_L_Thigh">
              <matrix sid="matrix">-0.9563476 0.212041 -0.2010915 -0.09726316 0.1765228 0.9675602 0.1807398 -0.009156555 0.2328924 0.1373529 -0.9627541 0.1048208 0 0 0 1</matrix>
              <node id="node-Bip001_L_Calf" name="Bip001_L_Calf">
                <matrix sid="matrix">0.9398643 0.3415482 -1.49012e-8 0.496979 -0.3415482 0.9398644 -7.45058e-9 2.98023e-8 5.96046e-8 1.95578e-8 1 2.98023e-8 0 0 0 1</matrix>
                <node id="node-Bip001_L_Foot" name="Bip001_L_Foot">
                  <matrix sid="matrix">0.9621534 -0.05654347 -0.2665776 0.393961 0.04756409 0.9980659 -0.04002649 -1.49012e-8 0.2683252 0.02583211 0.9629819 0 0 0 0 1</matrix>
                  <node id="node-Bip001_L_Toe0" name="Bip001_L_Toe0">
                    <matrix sid="matrix">-0.01669732 -0.9998494 0.004803419 0.122973 0.9998506 -0.01667527 0.004594625 0.134661 -0.004513765 0.004879421 0.9999779 -1.49012e-8 0 0 0 1</matrix>
                  </node>
                </node>
              </node>
              <node id="node-Bip001_LCalfTwist" name="Bip001_LCalfTwist">
                <matrix sid="matrix">0.9398643 0.3415155 -0.004729316 0.496979 -0.3415482 0.9397743 -0.01301396 2.98023e-8 5.96046e-8 0.01384669 0.9999042 2.98023e-8 0 0 0 1</matrix>
                <node id="node-Bip001_LCalfTwist1" name="Bip001_LCalfTwist1">
                  <matrix sid="matrix">1 1.11759e-8 -1.49012e-8 0.1969805 -3.72529e-9 0.9999042 -0.01384665 -1.49012e-8 0 0.01384664 0.9999043 0 0 0 0 1</matrix>
                </node>
              </node>
            </node>
            <node id="node-Bip001_R_Thigh" name="Bip001_R_Thigh">
              <matrix sid="matrix">-0.9210441 0.09245539 0.378325 -0.1104895 -0.1025723 0.8795305 -0.464656 -0.04276127 -0.3757083 -0.4667742 -0.8006032 -0.1240009 0 0 0 1</matrix>
              <node id="node-Bip001_R_Calf" name="Bip001_R_Calf">
                <matrix sid="matrix">0.8072804 0.5901682 2.98023e-8 0.496979 -0.5901681 0.8072803 -2.23517e-8 -1.49012e-8 -4.47035e-8 8.9407e-8 1 0 0 0 0 1</matrix>
                <node id="node-Bip001_R_Foot" name="Bip001_R_Foot">
                  <matrix sid="matrix">0.8455885 -0.4172612 0.3329761 0.393961 0.433329 0.9007893 0.02836932 2.98023e-8 -0.3117788 0.1202994 0.9425082 -2.98023e-8 0 0 0 1</matrix>
                  <node id="node-Bip001_R_Toe0" name="Bip001_R_Toe0">
                    <matrix sid="matrix">-0.03457885 -0.9994019 -6.34558e-4 0.122973 0.999402 -0.03457846 -6.19405e-4 0.134661 5.97074e-4 -6.55597e-4 0.9999996 5.96046e-8 0 0 0 1</matrix>
                  </node>
                </node>
                <node id="node-bone_knife_sheath" name="bone_knife_sheath">
                  <matrix>0.9756994 -0.04449767 0.2145473 0.1744519 0.04490477 0.9989866 0.002978023 0.002266407 -0.2144623 0.006728545 0.9767092 0.09282267 0 0 0 1</matrix>
                </node>
              </node>
              <node id="node-Bip001_RCalfTwist" name="Bip001_RCalfTwist">
                <matrix sid="matrix">0.8072804 0.5901384 0.005919456 0.496979 -0.5901681 0.8072397 0.008097079 -1.49012e-8 -4.47035e-8 -0.01002999 0.9999497 0 0 0 0 1</matrix>
                <node id="node-Bip001_RCalfTwist1" name="Bip001_RCalfTwist1">
                  <matrix sid="matrix">0.9999999 -2.98023e-8 -1.49012e-8 0.1969805 0 0.9999496 0.01003011 1.49012e-8 1.49012e-8 -0.01003005 0.9999496 0 0 0 0 1</matrix>
                </node>
              </node>
            </node>
            <node id="node-Bip001_RThighTwist" name="Bip001_RThighTwist">
              <matrix sid="matrix">-0.9210441 0.09245539 0.378325 -0.1104895 -0.1025723 0.8795305 -0.464656 -0.04276127 -0.3757083 -0.4667742 -0.8006032 -0.1240009 0 0 0 1</matrix>
              <node id="node-Bip001_RThighTwist1" name="Bip001_RThighTwist1">
                <matrix>1 -1.49012e-8 2.98023e-8 0.2484895 0 1 -2.23517e-8 -1.49012e-8 0 1.11759e-8 1 0 0 0 0 1</matrix>
              </node>
              <node id="node-bone_gun_sheath" name="bone_gun_sheath">
                <matrix sid="matrix">0.9529008 0.1100745 0.2826013 0.001118362 -0.2661256 -0.1434202 0.9532092 0.04241352 0.1454547 -0.9835213 -0.1073715 0.07772124 0 0 0 1</matrix>
              </node>
            </node>
            <node id="node-Bip001_LThighTwist" name="Bip001_LThighTwist">
              <matrix sid="matrix">-0.9563476 0.212041 -0.2010915 -0.09726316 0.1765228 0.9675602 0.1807398 -0.009156555 0.2328924 0.1373529 -0.9627541 0.1048208 0 0 0 1</matrix>
              <node id="node-Bip001_LThighTwist1" name="Bip001_LThighTwist1">
                <matrix>1 2.98023e-8 -1.49012e-8 0.2484895 0 1 -7.45058e-9 0 0 -1.49012e-8 1 0 0 0 0 1</matrix>
              </node>
              <node id="node-bone_machete_sheath" name="bone_machete_sheath">
                <matrix>0.9620715 0.264183 0.0680148 0.06073409 -0.2441532 0.9450751 -0.2173069 0.07795647 -0.1216879 0.1924586 0.9737309 -0.06518 0 0 0 1</matrix>
              </node>
            </node>
          </node>
        </node>
      </node>
      <node id="node-harp_03" name="harp_03">
        <matrix sid="matrix">-0.3726462 0.5807225 0.7238069 0.1277939 0.6586156 0.7149866 -0.2345626 0.158687 -0.6537278 0.3893017 -0.6489102 1.599193 0 0 0 1</matrix>
      </node>
      <node id="node-harp_02" name="harp_02">
        <matrix sid="matrix">0.3726485 0.580721 -0.7238069 0.0532621 -0.6586125 0.7149893 0.2345628 0.2904071 0.6537296 0.3892989 0.6489101 1.468446 0 0 0 1</matrix>
      </node>
      <node id="node-harp_01" name="harp_01">
        <matrix sid="matrix">0.3726464 0.5807223 -0.7238069 -0.02126689 -0.6586151 0.714987 0.2345627 0.4221302 0.6537281 0.3893013 0.64891 1.3377 0 0 0 1</matrix>
      </node>
      <node id="node-bone_gun" name="bone_gun">
        <matrix sid="matrix">-0.001781475 0.3867155 -0.9221975 -0.2251803 0.4432612 -0.8263464 -0.3473776 0.1582472 -0.8963908 -0.4093933 -0.1699439 0.9746947 0 0 0 1</matrix>
        <node id="node-Dummy008" name="Dummy008">
          <matrix>1 2.98023e-8 0 0 0 1 2.98023e-8 0 -1.49012e-8 -1.49012e-8 1 0 0 0 0 1</matrix>
          <node id="node-bone_gun_misc" name="bone_gun_misc">
            <matrix>1 2.98023e-8 0 0 0 1 2.98023e-8 0 -1.49012e-8 -1.49012e-8 1 0 0 0 0 1</matrix>
          </node>
        </node>
      </node>
      <node id="node-bone_machete" name="bone_machete">
        <matrix sid="matrix">0.278963 -0.661719 -0.695922 -0.0166051 -0.2346611 -0.7496938 0.6187837 -0.1773214 -0.9311895 -0.009311747 -0.3644166 1.014512 0 0 0 1</matrix>
      </node>
      <node id="node-bone_knife" name="bone_knife">
        <matrix sid="matrix">0.3854647 -0.901349 -0.1974507 -0.2579937 0.1721504 -0.1399803 0.9750744 0.3572181 -0.9065217 -0.4098477 0.10121 0.4185956 0 0 0 1</matrix>
      </node>
    </visual_scene>
  </library_visual_scenes>
  <library_animations>
    <animation>
      <source id="node-Bip001_matrix-input">
        <float_array id="node-Bip001_matrix-input-array" count="21">0 0.03333334 0.06666667 0.1 0.1333333 0.1666667 0.2 0.2333333 0.2666667 0.3 0.3333333 0.3666667 0.4 0.4333333 0.4666667 0.5 0.5333334 0.5666667 0.6 0.6333333 0.6666667</float_array>
        <technique_common>
          <accessor source="#node-Bip001_matrix-input-array" count="21" stride="1">
            <param name="TIME" type="float"/>
          </accessor>
        </technique_common>
      </source>
      <source id="node-Bip001_matrix-output">
        <float_array id="node-Bip001_matrix-output-array" count="336">-0.5723473 0.8200113 0 -0.10543 -0.8198809 -0.5722563 -0.01783043 -0.009825229 -0.01462113 -0.0102052 0.999841 0.9622645 0 0 0 1 -0.5723473 0.8200114 0 -0.1043773 -0.8198843 -0.5722586 -0.01760828 -0.01154404 -0.01443898 -0.01007801 0.999845 0.9623299 0 0 0 1 -0.5723474 0.8200113 0 -0.1031895 -0.819894 -0.5722655 -0.01691722 -0.01348352 -0.01387232 -0.009682536 0.9998569 0.9625334 0 0 0 1 -0.5723474 0.8200113 0 -0.1019244 -0.8199102 -0.5722768 -0.01569855 -0.01554894 -0.01287293 -0.008984982 0.9998768 0.9628922 0 0 0 1 -0.5723474 0.8200113 0 -0.1006399 -0.8199321 -0.5722921 -0.01389932 -0.01764577 -0.0113976 -0.007955193 0.9999034 0.9634219 0 0 0 1 -0.5723474 0.8200113 0 -0.09939408 -0.8199568 -0.5723094 -0.01152682 -0.01967942 -0.009452104 -0.00659734 0.9999336 0.96412 0 0 0 1 -0.5723474 0.8200113 0 -0.09824484 -0.8199803 -0.5723257 -0.008700013 -0.02155536 -0.007134079 -0.004979431 0.9999622 0.9649522 0 0 0 1 -0.5723474 0.8200113 0 -0.0972501 -0.8199981 -0.5723382 -0.005681812 -0.02317923 -0.004659175 -0.003251969 0.9999839 0.9658406 0 0 0 1 -0.5723474 0.8200114 0 -0.09646785 -0.8200079 -0.572345 -0.002879261 -0.02445632 -0.002361059 -0.001647949 0.9999958 0.9666655 0 0 0 1 -0.5723474 0.8200114 0 -0.09595602 -0.8200111 -0.5723473 -8.04458e-4 -0.02529203 -6.59664e-4 -4.60429e-4 0.9999997 0.9672762 0 0 0 1 -0.5723474 0.8200113 0 -0.0957725 -0.8200113 -0.5723474 0 -0.02559167 0 0 1 0.967513 0 0 0 1 -0.5723474 0.8200114 0 -0.09640759 -0.8200113 -0.5723473 -4.99264e-4 -0.02455461 -4.09402e-4 -2.85752e-4 0.9999999 0.967366 0 0 0 1 -0.5723474 0.8200114 0 -0.09796917 -0.82001 -0.5723465 -0.001854419 -0.02200466 -0.001520633 -0.001061379 0.9999983 0.9669671 0 0 0 1 -0.5723475 0.8200114 0 -0.09993666 -0.8200053 -0.5723432 -0.003851532 -0.01879209 -0.003158271 -0.002204418 0.9999926 0.9663794 0 0 0 1 -0.5723475 0.8200113 0 -0.1018599 -0.8199952 -0.5723362 -0.006276607 -0.01565182 -0.005146861 -0.003592371 0.9999803 0.9656656 0 0 0 1 -0.5723475 0.8200114 0 -0.1034299 -0.8199788 -0.5723248 -0.008915543 -0.01308858 -0.007310867 -0.005102813 0.9999603 0.9648888 0 0 0 1 -0.5723473 0.8200113 0 -0.1045078 -0.8199566 -0.5723091 -0.01155447 -0.01132899 -0.009474813 -0.006613135 0.9999333 0.9641119 0 0 0 1 -0.5723475 0.8200114 0 -0.1051108 -0.8199313 -0.5722916 -0.01397937 -0.01034498 -0.01146322 -0.008001029 0.9999023 0.9633982 0 0 0 1 -0.5723473 0.8200112 0 -0.1053628 -0.8199065 -0.5722742 -0.01597625 -0.009934127 -0.01310068 -0.009143948 0.9998724 0.9628103 0 0 0 1 -0.5723474 0.8200113 0 -0.1054257 -0.8198881 -0.5722613 -0.01733124 -0.009832143 -0.01421183 -0.009919464 0.9998498 0.9624115 0 0 0 1 -0.5723473 0.8200113 0 -0.10543 -0.8198809 -0.5722563 -0.01783043 -0.009825229 -0.01462113 -0.0102052 0.999841 0.9622645 0 0 0 1</float_array>
        <technique_common>
          <accessor source="#node-Bip001_matrix-output-array" count="21" stride="16">
            <param name="TRANSFORM" type="float4x4"/>
          </accessor>
        </technique_common>
      </source>
      <source id="node-Bip001_matrix-interpolation">
        <Name_array id="node-Bip001_matrix-interpolation-array" count="21">LINEAR LINEAR LINEAR LINEAR LINEAR LINEAR LINEAR LINEAR LINEAR LINEAR LINEAR LINEAR LINEAR LINEAR LINEAR LINEAR LINEAR LINEAR LINEAR LINEAR LINEAR</Name_array>
        <technique_common>
          <accessor source="#node-Bip001_matrix-interpolation-array" count="21" stride="1">
            <param name="INTERPOLATION" type="name"/>
          </accessor>
        </technique_common>
      </source>
      <source id="node-Bip001_Pelvis_matrix-input">
        <float_array id="node-Bip001_Pelvis_matrix-input-array" count="21">0 0.03333334 0.06666667 0.1 0.1333333 0.1666667 0.2 0.2333333 0.2666667 0.3 0.3333333 0.3666667 0.4 0.4333333 0.4666667 0.5 0.5333334 0.5666667 0.6 0.6333333 0.6666667</float_array>
        <technique_common>
          <accessor source="#node-Bip001_Pelvis_matrix-input-array" count="21" stride="1">
            <param name="TIME" type="float"/>
          </accessor>
        </technique_common>
      </source>
      <source id="node-Bip001_Pelvis_matrix-output">
        <float_array id="node-Bip001_Pelvis_matrix-output-array" count="336">-0.0449438 0.9659261 0.2548857 -0.02786898 -0.1344771 -0.258671 0.9565591 2.07871e-6 0.9898969 0.008715093 0.1415206 -4.07517e-4 0 0 0 1 -0.0449438 0.9659262 0.2548857 -0.02786904 -0.1344771 -0.2586711 0.956559 2.04146e-6 0.9898969 0.008715093 0.1415206 -4.02451e-4 0 0 0 1 -0.0449438 0.9659262 0.2548858 -0.02786928 -0.1344771 -0.258671 0.9565592 1.8701e-6 0.989897 0.008715093 0.1415206 -3.86655e-4 0 0 0 1 -0.0449438 0.9659263 0.2548857 -0.02786964 -0.1344771 -0.258671 0.9565591 1.61678e-6 0.989897 0.008715093 0.1415207 -3.5876e-4 0 0 0 1 -0.0449438 0.9659261 0.2548857 -0.02787017 -0.1344771 -0.2586711 0.9565591 1.2666e-6 0.989897 0.008715093 0.1415206 -3.17693e-4 0 0 0 1 -0.0449438 0.9659261 0.2548857 -0.02787071 -0.1344771 -0.258671 0.9565591 8.71718e-7 0.989897 0.008715093 0.1415206 -2.63453e-4 0 0 0 1 -0.0449438 0.9659263 0.2548857 -0.02787125 -0.1344771 -0.2586709 0.956559 4.91738e-7 0.9898969 0.008715093 0.1415206 -1.98841e-4 0 0 0 1 -0.0449438 0.9659262 0.2548856 -0.02787166 -0.1344771 -0.258671 0.956559 2.23517e-7 0.989897 0.008715093 0.1415207 -1.29879e-4 0 0 0 1 -0.0449438 0.9659262 0.2548857 -0.0278719 -0.1344771 -0.2586709 0.956559 0 0.989897 0.008715093 0.1415206 -6.58035e-5 0 0 0 1 -0.0449438 0.9659262 0.2548857 -0.02787196 -0.1344771 -0.2586711 0.9565591 0 0.9898971 0.008715093 0.1415206 -1.83582e-5 0 0 0 1 -0.0449438 0.9659262 0.2548856 -0.02787196 -0.1344771 -0.258671 0.9565591 0 0.989897 0.008715093 0.1415206 0 0 0 0 1 -0.0449438 0.9659262 0.2548856 -0.02787196 -0.1344771 -0.258671 0.956559 0 0.989897 0.008715093 0.1415206 -1.14441e-5 0 0 0 1 -0.0449438 0.9659263 0.2548857 -0.02787196 -0.1344771 -0.258671 0.9565591 0 0.989897 0.008715093 0.1415206 -4.23789e-5 0 0 0 1 -0.0449438 0.9659264 0.2548857 -0.02787184 -0.1344771 -0.2586711 0.9565591 0 0.9898969 0.008715093 0.1415206 -8.80361e-5 0 0 0 1 -0.0449438 0.9659262 0.2548857 -0.0278716 -0.1344771 -0.258671 0.9565591 2.5332e-7 0.989897 0.008715093 0.1415206 -1.43468e-4 0 0 0 1 -0.0449438 0.9659261 0.2548857 -0.02787125 -0.1344771 -0.2586711 0.9565591 5.21541e-7 0.989897 0.008715093 0.1415206 -2.03788e-4 0 0 0 1 -0.0449438 0.9659262 0.2548857 -0.02787071 -0.1344771 -0.2586711 0.9565591 8.71718e-7 0.9898968 0.008715093 0.1415206 -2.64049e-4 0 0 0 1 -0.0449438 0.9659262 0.2548857 -0.02787011 -0.1344771 -0.2586711 0.9565589 1.27405e-6 0.9898969 0.008715093 0.1415206 -3.19481e-4 0 0 0 1 -0.0449438 0.9659262 0.2548857 -0.02786958 -0.1344771 -0.2586711 0.9565591 1.66893e-6 0.9898969 0.008715093 0.1415206 -3.65138e-4 0 0 0 1 -0.0449438 0.9659262 0.2548858 -0.02786916 -0.1344771 -0.2586709 0.9565591 1.9595e-6 0.9898969 0.008715093 0.1415206 -3.96132e-4 0 0 0 1 -0.0449438 0.9659261 0.2548857 -0.02786898 -0.1344771 -0.258671 0.9565591 2.07871e-6 0.9898969 0.008715093 0.1415206 -4.07517e-4 0 0 0 1</float_array>
        <technique_common>
          <accessor source="#node-Bip001_Pelvis_matrix-output-array" count="21" stride="16">
            <param name="TRANSFORM" type="float4x4"/>
          </accessor>
        </technique_common>
      </source>
      <source id="node-Bip001_Pelvis_matrix-interpolation">
        <Name_array id="node-Bip001_Pelvis_matrix-interpolation-array" count="21">LINEAR LINEAR LINEAR LINEAR LINEAR LINEAR LINEAR LINEAR LINEAR LINEAR LINEAR LINEAR LINEAR LINEAR LINEAR LINEAR LINEAR LINEAR LINEAR LINEAR LINEAR</Name_array>
        <technique_common>
          <accessor source="#node-Bip001_Pelvis_matrix-interpolation-array" count="21" stride="1">
            <param name="INTERPOLATION" type="name"/>
          </accessor>
        </technique_common>
      </source>
      <source id="node-Bip001_Spine_matrix-input">
        <float_array id="node-Bip001_Spine_matrix-input-array" count="21">0 0.03333334 0.06666667 0.1 0.1333333 0.1666667 0.2 0.2333333 0.2666667 0.3 0.3333333 0.3666667 0.4 0.4333333 0.4666667 0.5 0.5333334 0.5666667 0.6 0.6333333 0.6666667</float_array>
        <technique_common>
          <accessor source="#node-Bip001_Spine_matrix-input-array" count="21" stride="1">
            <param name="TIME" type="float"/>
          </accessor>
        </technique_common>
      </source>
      <source id="node-Bip001_Spine_matrix-output">
